# ResID Deuterated fraction, Times /
1 5	 0.19470  0.21488  0.27237  0.25855  0.26088
1 6	 0.19598  0.18775  0.20811  0.19315  0.20169
1 8	 0.15549  0.11912  0.16538  0.17438  0.17084
3 17	 0.00000  0.02077  0.03170  0.07815  0.14636
6 10	 0.02692  0.04514  0.00283  0.00000  0.00000
6 17	 0.02016  0.03300  0.02756  0.15184  0.18196
6 19	 0.00000  0.06551  0.03898  0.10468  0.11472
7 14	 0.02177  0.02469  0.02831  0.17070  0.21573
9 17	 0.00000  0.05373  0.03615  0.14364  0.19353
11 16	 0.00000  0.01772  0.03289  0.05818  0.07853
15 20	 0.00303  0.00000  0.03941  0.00000  0.00429
16 25	 0.01305  0.00532  0.03304  0.02333  0.04519
18 24	 0.00316  0.00000  0.00000  0.00000  0.03296
19 25	 0.00000  0.00000  0.00000  0.04679  0.04730
19 29	 0.00000  0.03967  0.08991  0.16076  0.21292
21 25	 0.01129  0.00933  0.00000  0.01348  0.05062
25 35	 0.07111  0.10364  0.22725  0.41665  0.48406
27 38	 0.02047  0.08641  0.24316  0.42728  0.53585
37 41	 0.00000  0.02887  0.29352  0.49357  0.56990
42 49	 0.00192  0.03223  0.17707  0.33477  0.44694
43 48	 0.02333  0.02683  0.25326  0.46683  0.54660
45 49	 0.01279  0.01079  0.24485  0.29271  0.34221
49 56	 0.00202  0.00739  0.06323  0.10472  0.15070
50 56	 0.00685  0.02326  0.02913  0.13092  0.20204
50 58	 0.01789  0.00000  0.01050  0.05765  0.08300
57 66	 0.00000  0.01129  0.01158  0.00000  0.00000
60 68	 0.00000  0.00575  0.02752  0.00979  0.00000
67 76	 0.00263  0.00000  0.08714  0.22119  0.32113
67 77	 0.00000  0.03155  0.10687  0.27496  0.38019
69 74	 0.00000  0.04300  0.18950  0.40347  0.47740
78 90	 0.07761  0.08862  0.21480  0.52563  0.63745
82 92	 0.01311  0.06797  0.14489  0.31782  0.44520
94 107	 0.00000  0.02094  0.04238  0.14458  0.16396
95 107	 0.02149  0.00000  0.02882  0.11669  0.15419
97 108	 0.00000  0.03332  0.02508  0.14096  0.17186
108 114	 0.00000  0.01626  0.06144  0.23394  0.34018
108 115	 0.00000  0.00000  0.07522  0.18279  0.30375
109 115	 0.00000  0.01801  0.04896  0.20694  0.33007
110 115	 0.00000  0.00000  0.02767  0.22445  0.33015
115 124	 0.02064  0.00000  0.00168  0.04465  0.11339
116 123	 0.01494  0.00000  0.02925  0.04564  0.10511
116 124	 0.00000  0.02724  0.00019  0.06382  0.08615
151 157	 0.00000  0.01501  0.00273  0.01345  0.03817
152 157	 0.01965  0.00000  0.00000  0.01044  0.04427
152 158	 0.00000  0.00081  0.00000  0.02003  0.05254
158 170	 0.05458  0.08449  0.18545  0.30435  0.36103
160 169	 0.03030  0.12097  0.27205  0.41122  0.48965
174 187	 0.02734  0.00000  0.05871  0.17880  0.18209
175 187	 0.00000  0.03036  0.07223  0.18035  0.22490
179 187	 0.00000  0.00000  0.00994  0.02890  0.04939
188 194	 0.00000  0.00000  0.01116  0.06772  0.12214
189 194	 0.00996  0.00737  0.00879  0.09176  0.18246
190 194	 0.00000  0.02444  0.01037  0.09889  0.22307
195 200	 0.03348  0.04196  0.04099  0.22953  0.34616
195 203	 0.00000  0.00000  0.05631  0.13475  0.18558
195 207	 0.03663  0.01177  0.08259  0.25049  0.31274
195 208	 0.00062  0.00000  0.10958  0.22938  0.29195
196 201	 0.04285  0.00000  0.01609  0.05397  0.13904
201 208	 0.00000  0.07587  0.12574  0.24814  0.25258
202 208	 0.01904  0.00748  0.12648  0.24774  0.33132
204 208	 0.02672  0.03094  0.20154  0.33748  0.47901
209 213	 0.00662  0.00000  0.01278  0.00000  0.04319
209 219	 0.00270  0.04348  0.06933  0.12639  0.19082
209 220	 0.00000  0.00312  0.11983  0.13289  0.19461
209 223	 0.02053  0.02568  0.08481  0.14884  0.18528
214 218	 0.04761  0.08335  0.26660  0.25980  0.28619
214 219	 0.00000  0.09166  0.22914  0.29082  0.37827
220 229	 0.00406  0.04325  0.25479  0.39402  0.47413
220 230	 0.04653  0.08258  0.21872  0.37455  0.42355
221 225	 0.03768  0.09071  0.39916  0.58145  0.58852
224 231	 0.02740  0.07128  0.26348  0.35487  0.35533
225 229	 0.01772  0.00000  0.22653  0.31754  0.33885
226 231	 0.03037  0.00909  0.00000  0.04728  0.11567
230 244	 0.00000  0.00000  0.00000  0.03407  0.10971
231 238	 0.00000  0.02296  0.00000  0.00302  0.02412
232 238	 0.00726  0.00000  0.00000  0.00873  0.06417
245 251	 0.00000  0.00000  0.10937  0.30702  0.41428
263 275	 0.00000  0.10671  0.24836  0.46928  0.50982
267 274	 0.04429  0.16691  0.43648  0.58311  0.67631
270 276	 0.07067  0.23034  0.38772  0.48473  0.57824
274 287	 0.01980  0.01528  0.01984  0.17801  0.24043
274 288	 0.00000  0.00000  0.04416  0.15556  0.16560
277 285	 0.00641  0.04516  0.04321  0.15242  0.25250
278 288	 0.02014  0.01602  0.03176  0.09853  0.24469
289 294	 0.00000  0.05068  0.21396  0.32277  0.40525
289 298	 0.00544  0.00764  0.19609  0.35684  0.42642
290 299	 0.01574  0.06550  0.20382  0.33112  0.41404
291 298	 0.01895  0.07570  0.26054  0.33095  0.43432
295 302	 0.00000  0.00000  0.05363  0.07108  0.10873
300 306	 0.01746  0.02268  0.00000  0.02380  0.02432
300 310	 0.00572  0.03355  0.02936  0.13378  0.17636
301 310	 0.00609  0.03482  0.05296  0.16372  0.21500
303 307	 0.00000  0.00000  0.00000  0.00267  0.02131
303 310	 0.03101  0.04425  0.03835  0.22097  0.27281
