# ResID Deuterated fraction, Times /
1 5	 0.26986  0.27308  0.22334  0.28646  0.27293
1 6	 0.19260  0.23256  0.17529  0.20827  0.20280
1 8	 0.11184  0.12096  0.14178  0.21756  0.21108
3 17	 0.04370  0.00000  0.02358  0.06819  0.11480
6 10	 0.03165  0.00089  0.00515  0.00178  0.02490
6 17	 0.02760  0.00738  0.02956  0.11405  0.14719
6 19	 0.00405  0.00000  0.01480  0.10683  0.14062
7 14	 0.00000  0.00577  0.06369  0.16631  0.22089
9 17	 0.01973  0.00619  0.06910  0.15834  0.19305
11 16	 0.01331  0.00462  0.00000  0.08634  0.10171
15 20	 0.00091  0.00000  0.00697  0.00703  0.02530
16 25	 0.01937  0.00000  0.02789  0.01864  0.04880
18 24	 0.00559  0.00000  0.00000  0.03335  0.04323
19 25	 0.00000  0.00000  0.01726  0.02871  0.06929
19 29	 0.01748  0.00000  0.06513  0.17887  0.22600
21 25	 0.00597  0.00596  0.00000  0.05949  0.02734
25 35	 0.03726  0.10296  0.18126  0.42044  0.51619
27 38	 0.05325  0.09518  0.16124  0.45495  0.58216
37 41	 0.03029  0.03012  0.26369  0.53534  0.55707
42 49	 0.00100  0.01157  0.17623  0.36212  0.44111
43 48	 0.00000  0.05127  0.27648  0.44856  0.56560
45 49	 0.00968  0.01446  0.23315  0.30244  0.37604
49 56	 0.00000  0.01710  0.02913  0.10930  0.15861
50 56	 0.00000  0.00000  0.03337  0.13172  0.19338
50 58	 0.00000  0.00000  0.00460  0.03473  0.10822
57 66	 0.00000  0.00000  0.00036  0.02844  0.00575
60 68	 0.00419  0.00000  0.02236  0.00772  0.07418
67 76	 0.00000  0.01749  0.09487  0.23776  0.27657
67 77	 0.00222  0.00559  0.13615  0.30426  0.39791
69 74	 0.02388  0.04162  0.18778  0.39423  0.44291
78 90	 0.03174  0.07777  0.25316  0.44525  0.57934
82 92	 0.04931  0.06661  0.14634  0.35278  0.42510
94 107	 0.00000  0.00000  0.04497  0.13563  0.17468
95 107	 0.03850  0.00000  0.01145  0.11302  0.17447
97 108	 0.01920  0.00122  0.07904  0.14543  0.15551
108 114	 0.00000  0.02118  0.05153  0.22269  0.35314
108 115	 0.00000  0.00000  0.05693  0.20116  0.29897
109 115	 0.02070  0.01484  0.10663  0.22431  0.34227
110 115	 0.03113  0.00000  0.07679  0.19503  0.30772
115 124	 0.00000  0.00000  0.02094  0.05674  0.09699
116 123	 0.00000  0.01087  0.03509  0.04052  0.09417
116 124	 0.02653  0.03238  0.00000  0.03423  0.07758
151 157	 0.00000  0.00000  0.01843  0.02854  0.04124
152 157	 0.00209  0.03796  0.00000  0.00000  0.04988
152 158	 0.00000  0.00000  0.00725  0.04275  0.02391
158 170	 0.01956  0.13832  0.19858  0.26740  0.34654
160 169	 0.05315  0.16473  0.23768  0.47458  0.51462
174 187	 0.00000  0.02831  0.02265  0.16684  0.18817
175 187	 0.00000  0.03593  0.08839  0.19744  0.25961
179 187	 0.00000  0.00000  0.00000  0.00882  0.04563
188 194	 0.06544  0.00407  0.01841  0.11018  0.11607
189 194	 0.00000  0.01065  0.06019  0.09693  0.18493
190 194	 0.00520  0.00000  0.04592  0.13150  0.24001
195 200	 0.03743  0.02348  0.05470  0.22261  0.35203
195 203	 0.02755  0.00246  0.00326  0.12012  0.20546
195 207	 0.00000  0.00000  0.08563  0.20953  0.28476
195 208	 0.03154  0.05159  0.05255  0.21573  0.28406
196 201	 0.00000  0.00632  0.01327  0.05068  0.08911
201 208	 0.01019  0.02331  0.11333  0.23828  0.32183
202 208	 0.00591  0.00570  0.13750  0.27370  0.34553
204 208	 0.03237  0.03392  0.20847  0.37720  0.42999
209 213	 0.03031  0.00280  0.00000  0.03277  0.04881
209 219	 0.00000  0.00372  0.09315  0.17478  0.19645
209 220	 0.00000  0.05066  0.09559  0.14209  0.18056
209 223	 0.00675  0.02919  0.10936  0.14816  0.21811
214 218	 0.00486  0.05825  0.24048  0.31441  0.31568
214 219	 0.00482  0.06759  0.19035  0.29170  0.36074
220 229	 0.02410  0.08735  0.25426  0.38232  0.46239
220 230	 0.01107  0.07840  0.19814  0.33644  0.43139
221 225	 0.05159  0.13663  0.34682  0.53721  0.64917
224 231	 0.05006  0.07348  0.26695  0.32920  0.36178
225 229	 0.02410  0.06482  0.19385  0.26567  0.37954
226 231	 0.00000  0.00000  0.02708  0.02886  0.13154
230 244	 0.00699  0.00000  0.03182  0.03224  0.08352
231 238	 0.00067  0.00000  0.01712  0.03577  0.00166
232 238	 0.00000  0.00000  0.00000  0.00000  0.02507
245 251	 0.01907  0.00000  0.09010  0.33780  0.39126
263 275	 0.03967  0.08898  0.27123  0.47351  0.50777
267 274	 0.05494  0.16467  0.40767  0.57808  0.71254
270 276	 0.10221  0.18130  0.36591  0.47394  0.55316
274 287	 0.00586  0.00000  0.04908  0.15889  0.24059
274 288	 0.00000  0.00943  0.03896  0.18822  0.25419
277 285	 0.00352  0.00076  0.01039  0.18371  0.24605
278 288	 0.00336  0.04785  0.01587  0.16579  0.23725
289 294	 0.02494  0.05830  0.23669  0.30899  0.44701
289 298	 0.02136  0.02865  0.18863  0.34484  0.41122
290 299	 0.00562  0.04636  0.16441  0.32856  0.40928
291 298	 0.02775  0.05360  0.23579  0.34029  0.40944
295 302	 0.02679  0.01530  0.01585  0.06980  0.17857
300 306	 0.01442  0.00509  0.00000  0.04295  0.02289
300 310	 0.01669  0.02526  0.03737  0.13073  0.20108
301 310	 0.00000  0.00000  0.03855  0.18880  0.20735
303 307	 0.00000  0.00678  0.00000  0.00759  0.02684
303 310	 0.00000  0.00000  0.05677  0.18714  0.25439
