# ResID Deuterated fraction, Times /
1 5	 0.22490  0.24576  0.25472  0.22514  0.26698
1 6	 0.16600  0.17460  0.19078  0.20994  0.19869
1 8	 0.12457  0.20990  0.15242  0.13384  0.13034
3 17	 0.02004  0.00031  0.02915  0.07475  0.12272
6 10	 0.00000  0.01915  0.00000  0.01243  0.00000
6 17	 0.00566  0.02592  0.00743  0.11321  0.14357
6 19	 0.00000  0.01891  0.04054  0.09638  0.10896
7 14	 0.02942  0.03693  0.08067  0.16624  0.20756
9 17	 0.00000  0.00000  0.02867  0.13546  0.17391
11 16	 0.00000  0.00000  0.00000  0.05504  0.10375
15 20	 0.00000  0.03610  0.00000  0.00000  0.00571
16 25	 0.00000  0.00359  0.00209  0.05200  0.00809
18 24	 0.02220  0.00590  0.01914  0.02540  0.03778
19 25	 0.00000  0.02547  0.01017  0.00960  0.04053
19 29	 0.00000  0.00168  0.06843  0.16166  0.18467
21 25	 0.02571  0.01487  0.00000  0.01491  0.02900
25 35	 0.06798  0.11628  0.19094  0.41627  0.48740
27 38	 0.04712  0.12794  0.23998  0.42703  0.52891
37 41	 0.00404  0.02644  0.26289  0.50167  0.51583
42 49	 0.02183  0.01916  0.17453  0.35859  0.45294
43 48	 0.01480  0.05410  0.22655  0.46373  0.54105
45 49	 0.01059  0.05655  0.23096  0.30208  0.34388
49 56	 0.00000  0.02694  0.04221  0.09610  0.16947
50 56	 0.02689  0.00335  0.00000  0.13678  0.19779
50 58	 0.02528  0.00000  0.01509  0.11255  0.14290
57 66	 0.00000  0.00000  0.02175  0.00574  0.02026
60 68	 0.01823  0.00000  0.00188  0.01132  0.01895
67 76	 0.00090  0.00761  0.09988  0.23851  0.33570
67 77	 0.05034  0.03205  0.10505  0.32823  0.34747
69 74	 0.02272  0.04403  0.18818  0.38374  0.43981
78 90	 0.05377  0.07031  0.26021  0.48238  0.62801
82 92	 0.01536  0.05030  0.16652  0.32538  0.43099
94 107	 0.00000  0.01580  0.03130  0.14652  0.19200
95 107	 0.03134  0.00947  0.00000  0.11299  0.18135
97 108	 0.04612  0.00000  0.02643  0.11445  0.19033
108 114	 0.00000  0.03097  0.06016  0.20764  0.28556
108 115	 0.02298  0.00000  0.01809  0.20335  0.25402
109 115	 0.00000  0.03168  0.07954  0.22974  0.33970
110 115	 0.00630  0.00176  0.04749  0.18512  0.30559
115 124	 0.00490  0.00000  0.00000  0.04865  0.09030
116 123	 0.01047  0.00740  0.03675  0.06902  0.11254
116 124	 0.00000  0.00725  0.01594  0.07411  0.12881
151 157	 0.00000  0.03959  0.00000  0.01368  0.03849
152 157	 0.01152  0.02022  0.02714  0.00000  0.03855
152 158	 0.00214  0.00000  0.03335  0.03742  0.01766
158 170	 0.02556  0.13923  0.17132  0.28281  0.37317
160 169	 0.03839  0.12353  0.25758  0.42320  0.53717
174 187	 0.00000  0.04072  0.00824  0.15047  0.18809
175 187	 0.01228  0.00147  0.06944  0.17963  0.17268
179 187	 0.02258  0.00000  0.00927  0.02191  0.04227
188 194	 0.01235  0.00139  0.01026  0.07784  0.14068
189 194	 0.00000  0.00945  0.00372  0.10093  0.17293
190 194	 0.00000  0.01875  0.04904  0.13222  0.21778
195 200	 0.03368  0.03244  0.07035  0.22846  0.35003
195 203	 0.01751  0.00000  0.02971  0.10709  0.18415
195 207	 0.00181  0.01223  0.05697  0.25318  0.30345
195 208	 0.01220  0.01930  0.06264  0.23610  0.26901
196 201	 0.00000  0.00000  0.01352  0.02243  0.10635
201 208	 0.00000  0.00138  0.14077  0.22413  0.29279
202 208	 0.00000  0.02187  0.13796  0.27555  0.32169
204 208	 0.00066  0.02255  0.21715  0.34353  0.46493
209 213	 0.00000  0.01264  0.00357  0.00000  0.06594
209 219	 0.04488  0.00721  0.10462  0.16206  0.19685
209 220	 0.00590  0.00111  0.10800  0.11683  0.20611
209 223	 0.00000  0.01222  0.07069  0.13065  0.18852
214 218	 0.00000  0.06993  0.24519  0.31069  0.31456
214 219	 0.03908  0.03161  0.16999  0.31001  0.38795
220 229	 0.03167  0.09397  0.28723  0.36825  0.46238
220 230	 0.00000  0.04531  0.25453  0.35283  0.42632
221 225	 0.00000  0.11687  0.34089  0.53602  0.58739
224 231	 0.00000  0.10857  0.25262  0.29446  0.38234
225 229	 0.00000  0.04719  0.23433  0.31662  0.37017
226 231	 0.00086  0.02184  0.03998  0.05653  0.07804
230 244	 0.00690  0.00000  0.01789  0.04386  0.05593
231 238	 0.00000  0.01207  0.02795  0.02874  0.00000
232 238	 0.02537  0.02787  0.00000  0.01101  0.00000
245 251	 0.00158  0.00000  0.11678  0.31615  0.41572
263 275	 0.03766  0.12480  0.25120  0.41885  0.53663
267 274	 0.04479  0.21523  0.40581  0.62410  0.68708
270 276	 0.06818  0.23507  0.33534  0.50710  0.59188
274 287	 0.02560  0.00914  0.04282  0.13389  0.19079
274 288	 0.00000  0.00000  0.01570  0.14837  0.21290
277 285	 0.00000  0.01009  0.08089  0.16716  0.23724
278 288	 0.00000  0.01394  0.04090  0.16690  0.25983
289 294	 0.01755  0.05235  0.22445  0.33994  0.38809
289 298	 0.00000  0.05454  0.19386  0.34138  0.42111
290 299	 0.00368  0.06381  0.18777  0.35213  0.41507
291 298	 0.00962  0.05174  0.20646  0.37772  0.41885
295 302	 0.00000  0.02548  0.01673  0.06635  0.12122
300 306	 0.00037  0.00000  0.00272  0.02900  0.05199
300 310	 0.02341  0.00801  0.04026  0.15687  0.17948
301 310	 0.00000  0.00000  0.08777  0.19862  0.20508
303 307	 0.00682  0.01566  0.01148  0.00187  0.01048
303 310	 0.00000  0.05317  0.09102  0.17074  0.26475
