1.150938861308710252e-02
5.101368559609662868e-04
3.851821277855021499e-04
7.066512974513947673e-04
1.125223617285209775e-03
1.212760733468207621e-03
2.953841327469756192e-03
9.508765098002929309e-04
2.073328248769980026e-03
1.491973918644222278e-03
6.090891785702389405e-04
5.057116561915904820e-04
1.593989292155377447e-03
7.577340527057351005e-04
7.349051333515309878e-04
1.000388904647024884e-03
3.954090124828876025e-04
1.158621060139359508e-03
2.134325075377237289e-03
5.801453295893796696e-04
1.905698943485539419e-03
4.338519712151730264e-04
8.830550812696109355e-04
3.206814142931599821e-03
7.696229975844472030e-04
6.450076181986670208e-04
3.048871572842106956e-03
9.414866079407741700e-04
2.146916267380383474e-03
5.626447788917133359e-04
7.612196616752676817e-04
1.361797622354288207e-03
1.000622365739321480e-03
1.044570770657369391e-03
6.471994541563768884e-04
3.519705721287303898e-03
2.127230675564038657e-03
1.717909459107114624e-03
5.584946786285801580e-03
7.806277612229265903e-04
1.949309683864256654e-03
6.486130882687378375e-04
1.053399405859542807e-03
1.301430562585623391e-03
1.089229802901006466e-03
1.959311972242955020e-03
2.332873667728732668e-04
1.293081067777959855e-03
8.723828592247861525e-04
5.613593601051591149e-04
6.241490367446846099e-04
6.129556819387402744e-04
1.836041431753277723e-03
1.919646834325580524e-03
5.647945672114658118e-04
3.431997717182872984e-03
6.250846096115240556e-04
3.222171259500157276e-03
4.128190035021864213e-04
2.569550215534639921e-03
1.093749595430486580e-03
6.934267752707726044e-03
2.115866958098025930e-03
4.082136382815001151e-03
6.551895421849134255e-04
3.578729888408036918e-03
2.023727667345451373e-03
1.033580977917479028e-02
2.563741646530216540e-03
7.702368068341016892e-04
1.843752448798756339e-03
3.264064326793717202e-03
1.315134622200028400e-03
7.139449838313514929e-03
9.327849448250873955e-04
1.852460507863421023e-03
2.657973009996402684e-03
9.498943448324712350e-04
7.424561316601153808e-03
2.906811108623335725e-04
8.276510723517300702e-04
8.573280140032916649e-04
1.194625632368755391e-03
1.572300386027235567e-03
3.567985082599854554e-03
1.268078164881693054e-04
1.765033512310708449e-03
4.255329684746319945e-03
7.713735324352417313e-04
1.363942423217136832e-03
3.188409400054240616e-04
8.310598656163835710e-04
2.489924351614133230e-04
4.161522619760102577e-04
8.743369588087325766e-04
2.323452967272509370e-04
2.089467464701565223e-03
2.824466920626350196e-03
6.484294131335869736e-04
9.365871719128584160e-04
2.267288968594962165e-03
5.213110159082770360e-03
3.103548080897031505e-03
6.939721656514932085e-03
1.656013606136303926e-03
4.477300614380335590e-04
7.266421480055240689e-04
6.139912976954813679e-04
8.812772287200633685e-04
2.177693695242271382e-03
7.036710326489135914e-03
1.821728474012841237e-03
7.522673448636758506e-04
1.966588425638563908e-03
1.982937515693986800e-03
6.042430203187422293e-03
1.061518682612378741e-03
1.319827356216293204e-03
5.005897814911113670e-04
1.007502058336490983e-03
1.120605839893679991e-03
1.347551691137877398e-03
6.634941272320508910e-04
6.057174739139111266e-04
3.917350782976708641e-03
3.513472800168410820e-03
8.429352797577530478e-04
8.076507101117514449e-04
2.092250632603098303e-03
2.668863250475986249e-04
1.378192006417404024e-03
3.114487339876020541e-03
1.061716811387727064e-03
1.059678215945639938e-03
3.097945354834357595e-03
6.435698536423604434e-03
1.026621883675851374e-03
4.922633126454074685e-03
1.633565578820533404e-03
3.298092256517217921e-03
2.269566196893595816e-03
1.950578971786461101e-03
2.378725555657941904e-04
3.540619666404714455e-03
1.397275947227557798e-03
3.047636503201264779e-03
1.452482477122509419e-03
6.737298086348129456e-04
1.197286146413013104e-03
9.139476098394475187e-04
1.928638201934056162e-03
5.273549307852349287e-03
1.113938529121833235e-03
1.389625834326226614e-03
1.530719333375170398e-03
1.478657530716863226e-03
7.248188113992159488e-04
3.171889452393970160e-03
3.220629086901896729e-03
2.820116426082392574e-03
6.441749975270403151e-04
3.630773848027437126e-04
4.315845986546737868e-04
2.635826241430444528e-02
8.056206988125817498e-04
1.759057857737664383e-03
1.818803524448218923e-03
1.092769958654650399e-03
7.228508749217828211e-03
3.405170154709667718e-03
1.595759210236034073e-03
2.349602986279985314e-03
1.387227205680246914e-03
2.991852444334869494e-04
3.970107934744565993e-04
3.806250241822787335e-04
6.771166971798737956e-04
2.478689682568292318e-03
1.833931306754821430e-03
2.536854863773830519e-03
1.845263173396328093e-03
3.109243187538189221e-03
8.464911506072493250e-04
9.083980361823028532e-04
2.210371969102176582e-03
3.166366897103131250e-03
3.673742942361290370e-03
1.991685336081249619e-03
7.675810958797545840e-04
4.726415181762812787e-04
2.401065933402130297e-03
8.856393404464937835e-03
6.197050982216998878e-04
3.887424051995781271e-04
3.855317212572111855e-03
1.938917739827075541e-03
1.083891044531307916e-03
2.529767143523753686e-03
2.100342301452000349e-03
1.937646487171626073e-03
1.531883792802297495e-03
2.897376520640570813e-04
2.098013232207979379e-04
2.802393577408605115e-03
7.272777498398526677e-04
4.308362390970216205e-04
5.337816494092946680e-04
4.530892460621325818e-04
4.437609868731430128e-04
1.683687791750206096e-03
7.992901467106293054e-03
1.836602503203454062e-03
5.493072048831057789e-04
2.498425742880420672e-03
3.018713905779230283e-04
2.231663037216638241e-03
6.210708363434505911e-04
2.140635619325927889e-03
6.819882328711488135e-04
5.900282074716841837e-04
1.515646690950825251e-03
1.541066659552434376e-03
3.151590765558407912e-04
1.264233524309363093e-03
3.116989957739391397e-03
6.632935254314962928e-04
4.950963575524305795e-04
1.998572836986628118e-03
7.751851759760294966e-04
7.813737392428230172e-04
6.878275823181077006e-04
1.664808790373789029e-03
9.503724257844632433e-04
3.550753320033366803e-03
1.976379069848682724e-03
2.343769659866723216e-03
6.859625138043810161e-04
1.493844737894953721e-03
2.849955741776451831e-03
4.454942929882680334e-04
1.376891880256053040e-03
3.404177716458665817e-03
2.525545942972052139e-03
5.134827410082302545e-04
7.450669849320580703e-04
4.910856389039906312e-04
1.652318078776321463e-03
3.437958292614803229e-04
2.739197763631833621e-03
7.781042216373272764e-03
1.244645629788828462e-03
3.465814125755108371e-03
4.903623632506621914e-03
3.287798777300395686e-03
1.085366575643908994e-03
2.174814731626726824e-03
1.175204206256308913e-03
3.835242326419652584e-03
4.405318842692063888e-04
5.110366877022947188e-04
5.843815187421594337e-03
1.122644646330657947e-03
2.911921340833170321e-03
2.008146579536622834e-03
3.967452857223868062e-03
2.851014748352869929e-03
1.470183007362510464e-03
1.086123076070311111e-03
1.412420794604018549e-04
4.876851744301256668e-03
9.942877644130163409e-04
5.565037586943786651e-04
3.462513426381019863e-03
7.244344478026048216e-04
2.265816059316267533e-03
1.029994117867098465e-03
4.882513442226172132e-03
1.042787879779094942e-03
9.437896631121788817e-04
2.466659692321143942e-03
5.286124063541245300e-04
3.528558580052533890e-04
1.466392490932462390e-03
1.085842324425559174e-03
4.047088130317301989e-04
9.871469577869397636e-04
3.098006866011818617e-03
1.311774932356200634e-03
3.305234268769397573e-03
3.906804742174591581e-03
4.218061747173248131e-03
1.708394759599404225e-03
6.559410717107571785e-04
5.313851395107176438e-04
2.389161703848841946e-03
1.937528191315998410e-03
1.714534271441522451e-03
5.756363247347355506e-04
1.046535528464370051e-03
2.644679473237489600e-04
2.440633280163405274e-03
1.748622322543424285e-03
4.270119826217709871e-03
2.658462653721587604e-03
9.296029305293432169e-04
4.510977739411729109e-03
9.552077296923680702e-04
8.929317776698298542e-03
1.835877926903179726e-03
2.037357794945390821e-03
1.007821755495394780e-02
2.200362445367613426e-03
4.160085248565629883e-03
8.529832556396314000e-04
3.739936378055249994e-03
1.468140436186127521e-03
5.265511430086047351e-04
1.352013588348893259e-03
1.323533455862296480e-03
6.405084390530248672e-04
1.436550696353628169e-03
3.923238551380087320e-03
1.649582035308807875e-03
9.258796715566095870e-04
1.484233795437370272e-04
9.555832032702395911e-04
4.736729261124120335e-04
4.522434204552675668e-03
1.023195092762824729e-03
1.982989977823023612e-03
2.746931528427093080e-03
1.754290749521541549e-03
1.694420752876371790e-03
5.634896464007863297e-04
7.292200813270799864e-04
5.422527540157251946e-04
1.215484808259999260e-03
4.887480054558507271e-04
3.841650441064006663e-04
7.007120516974622111e-04
2.793804653841668300e-03
8.134883268257287131e-04
5.423494489379590945e-04
1.928448638254518822e-03
2.690207170125515253e-03
1.988554278547475466e-03
2.514029131853567651e-03
6.517083280477586373e-04
7.078932025834764902e-04
3.816161015426875261e-03
5.450254856148226395e-04
4.232577904988287930e-04
4.008708761951259615e-03
1.047178582624706681e-03
5.543876635547291109e-04
4.307667645853304264e-03
1.503966250990441782e-03
2.869227759377908013e-04
9.070673532809211265e-04
1.934848326862434117e-03
1.028482563775772211e-03
4.002571661209558367e-03
8.635051349338740585e-04
2.432268782646360063e-03
9.565604523387515956e-04
7.531870456093102710e-04
1.423719890360920131e-03
9.650163458383341714e-04
5.599390152224438229e-04
1.505547705137468472e-03
1.470494308113281341e-03
6.128752143850116178e-04
1.322842450220455173e-03
3.112922281868398585e-03
5.603609705131253581e-04
1.478016138982380040e-03
4.139515369728179032e-04
1.982825194938090969e-03
1.232876228580523587e-03
4.974978110753632953e-04
1.055618895352118973e-03
4.540012594310600686e-04
1.026817627870715670e-03
1.444182813419208527e-03
5.146270531812010109e-04
2.208004513184305771e-03
2.604295536239076541e-03
9.802645208003139040e-04
4.097921455870555743e-03
1.407283891427737891e-03
2.308009059222931435e-03
5.295497307996003405e-04
5.736381732209268726e-04
3.209464527308462933e-03
1.062134276248923211e-03
1.273978893056805853e-03
1.388115011237180119e-03
5.317112689525089510e-04
2.392531851582339626e-03
1.406051409729586589e-03
3.468498913629945225e-04
3.263551944891871295e-03
5.135521925845571746e-03
4.039141590394644955e-04
5.615109289243868295e-04
7.940805855517034384e-04
7.919308147640790121e-03
1.035138244749889526e-03
3.896219054710712659e-04
4.300137829070176110e-03
1.776984073308058090e-03
2.166665947951828056e-03
7.881961491173266818e-03
8.861721529025510385e-04
3.433825886323667396e-04
7.103611197026307722e-03
1.334243403455502228e-03
1.406963020685397629e-03
4.321621254987361403e-03
2.560985245820851953e-03
2.204763268392814692e-03
1.955351790908307734e-03
1.639999236075544153e-03
5.009391722090300071e-03
6.401222137472316331e-04
1.482199061192655994e-03
1.515537232712810571e-03
6.964532426012617601e-04
1.717570813117872157e-03
4.497178337289925269e-03
3.449040665094832404e-04
1.803496591240718412e-03
1.730180793356781961e-03
5.772319420407761052e-04
5.581384803368042010e-04
5.320578661622279385e-04
1.552337300437334503e-03
3.787659406507877676e-04
2.609267760986341833e-03
1.252523286078005213e-03
2.116178031792777855e-03
2.825098665146675431e-03
4.014551502316655168e-03
1.399233659401182689e-03
2.299010570285524736e-03
9.100489472871759996e-04
3.038635534519157811e-04
2.119385245753458054e-03
3.056518674000891379e-03
4.064069522105671212e-04
1.428341004358068449e-03
1.470267073345206356e-03
2.123314588652934400e-03
1.725005321661772896e-03
9.573148630803190355e-04
2.027315500218543256e-03
7.387383999120294498e-04
1.194862843597775280e-03
3.968015096537367593e-03
3.575408353488009235e-03
2.983601051653479459e-03
8.618101902635415387e-04
4.038266389161659052e-03
5.561790874342033286e-03
3.460229728185261759e-04
5.791938168415599773e-04
1.829737894604201815e-03
2.368315436416008977e-03
1.551356578860195934e-03
5.616804651895964708e-03
1.137267342367376602e-03
5.405727307801849691e-04
9.352874346531549719e-04
1.662878007340908059e-03
6.324940747071881820e-04
1.339026824568439458e-03
1.519994904120659622e-03
2.223174875069385947e-03
1.975689422284291393e-03
3.762734964397429754e-03
4.858558682467486838e-03
4.508455918926714424e-04
8.848325710196103949e-04
1.301630518106853011e-03
1.454635712050975820e-03
3.049315399149129472e-03
3.704708970167570978e-03
8.707899076974109009e-04
9.495066928228226844e-03
3.809788755651613481e-03
1.721237874379922227e-03
1.840100980471790675e-03
1.493885233859138786e-03
9.810079571581930852e-04
2.450944296412807099e-03
1.135413857721703258e-02
5.936710409885271765e-04
2.066247829073735234e-03
1.519117169749182976e-02
6.295599473958698924e-04
