# ResID Deuterated fraction, Times /
1 5	 0.23964  0.24600  0.25709  0.23901  0.29388
1 6	 0.17779  0.17480  0.19278  0.22165  0.22145
1 8	 0.13303  0.21028  0.15619  0.15568  0.17222
3 17	 0.02403  0.02140  0.10352  0.18356  0.26058
6 10	 0.00000  0.01978  0.00281  0.04921  0.03915
6 17	 0.01074  0.05276  0.10197  0.25103  0.31769
6 19	 0.00000  0.04164  0.12076  0.21435  0.25898
7 14	 0.03736  0.07889  0.22714  0.37059  0.45729
9 17	 0.00000  0.01949  0.15621  0.31082  0.38625
11 16	 0.00000  0.00517  0.06970  0.30649  0.42580
15 20	 0.00000  0.03637  0.00000  0.01247  0.03731
16 25	 0.00000  0.00610  0.02617  0.16820  0.19224
18 24	 0.02265  0.00858  0.04480  0.14715  0.22806
19 25	 0.00000  0.02917  0.04565  0.18009  0.30916
19 29	 0.00000  0.04532  0.21428  0.31115  0.36557
21 25	 0.02617  0.01759  0.01734  0.15129  0.25857
25 35	 0.13537  0.20286  0.45249  0.59046  0.60875
27 38	 0.11009  0.21662  0.53948  0.67255  0.72793
37 41	 0.05283  0.24271  0.51736  0.61324  0.67301
42 49	 0.06117  0.16245  0.40011  0.66412  0.73410
43 48	 0.06898  0.24931  0.49540  0.75069  0.78649
45 49	 0.06352  0.22454  0.34787  0.48487  0.51514
49 56	 0.00000  0.04565  0.16010  0.31013  0.42670
50 56	 0.03050  0.02395  0.11611  0.32989  0.40988
50 58	 0.02800  0.00000  0.10988  0.26021  0.30760
57 66	 0.00000  0.00000  0.03330  0.06106  0.10699
60 68	 0.01846  0.00000  0.01513  0.07487  0.11872
67 76	 0.01905  0.08891  0.28049  0.41797  0.49741
67 77	 0.06968  0.12224  0.33973  0.51686  0.49887
69 74	 0.05649  0.19200  0.44001  0.54333  0.57997
78 90	 0.13036  0.22374  0.57634  0.77888  0.84926
82 92	 0.08407  0.14229  0.40483  0.67973  0.72545
94 107	 0.00000  0.03774  0.16723  0.44782  0.54814
95 107	 0.03497  0.03012  0.12004  0.37991  0.51771
97 108	 0.04992  0.02003  0.14928  0.36383  0.50175
108 114	 0.00000  0.07872  0.29018  0.46799  0.47318
108 115	 0.03044  0.03449  0.21653  0.43395  0.42925
109 115	 0.00000  0.07949  0.31021  0.49377  0.53432
110 115	 0.01534  0.05092  0.25886  0.36695  0.43226
115 124	 0.00624  0.00431  0.06009  0.24864  0.33993
116 123	 0.01201  0.01649  0.11135  0.26788  0.34279
116 124	 0.00000  0.01510  0.08038  0.24755  0.33208
151 157	 0.00000  0.04192  0.01510  0.12783  0.22921
152 157	 0.01196  0.02289  0.05293  0.11105  0.25216
152 158	 0.00255  0.00000  0.05714  0.15828  0.22083
158 170	 0.10194  0.22024  0.30659  0.44390  0.50710
160 169	 0.15296  0.24501  0.46006  0.66237  0.73314
174 187	 0.00509  0.08367  0.14476  0.30527  0.39394
175 187	 0.02112  0.04739  0.20951  0.30943  0.34162
179 187	 0.02292  0.00032  0.02898  0.12281  0.21108
188 194	 0.01445  0.01376  0.11272  0.35715  0.44412
189 194	 0.00000  0.02429  0.12662  0.43575  0.53635
190 194	 0.00000  0.03729  0.20251  0.54978  0.67013
195 200	 0.04149  0.07663  0.30642  0.58264  0.72326
195 203	 0.02198  0.01976  0.16494  0.31146  0.40137
195 207	 0.01920  0.08655  0.23926  0.54291  0.60086
195 208	 0.02814  0.08751  0.23053  0.50630  0.55053
196 201	 0.00000  0.00000  0.08560  0.30047  0.45679
201 208	 0.00000  0.09306  0.29364  0.48476  0.56176
202 208	 0.00000  0.12882  0.31624  0.57919  0.63463
204 208	 0.03989  0.17821  0.44158  0.64810  0.75959
209 213	 0.00000  0.01495  0.02558  0.09657  0.21314
209 219	 0.07908  0.08328  0.18064  0.32014  0.35987
209 220	 0.03703  0.07049  0.17928  0.27267  0.37651
209 223	 0.01870  0.07105  0.16402  0.36396  0.44051
214 218	 0.07004  0.24113  0.29782  0.45842  0.48511
214 219	 0.10718  0.18191  0.30438  0.54585  0.59583
220 229	 0.11210  0.26859  0.47029  0.65958  0.77651
220 230	 0.06939  0.20294  0.42383  0.63869  0.74918
221 225	 0.10728  0.34068  0.56716  0.77404  0.84210
224 231	 0.09075  0.28251  0.33241  0.47469  0.61193
225 229	 0.04440  0.20937  0.36064  0.56829  0.66258
226 231	 0.00224  0.03009  0.11307  0.30884  0.39946
230 244	 0.00810  0.00000  0.07624  0.21620  0.27312
231 238	 0.00000  0.01357  0.04266  0.10758  0.13089
232 238	 0.02557  0.02907  0.00949  0.07380  0.09458
245 251	 0.01762  0.07559  0.37730  0.58260  0.71229
263 275	 0.14062  0.26553  0.49513  0.67566  0.81100
267 274	 0.21452  0.41931  0.67372  0.81835  0.84248
270 276	 0.25084  0.39668  0.50233  0.76150  0.80271
274 287	 0.03023  0.03569  0.21010  0.44561  0.53749
274 288	 0.00000  0.00161  0.17066  0.43931  0.53917
277 285	 0.00000  0.04284  0.27098  0.46772  0.54165
278 288	 0.00000  0.04091  0.20317  0.47077  0.60701
289 294	 0.07954  0.20756  0.39991  0.69563  0.75629
289 298	 0.01906  0.19618  0.39691  0.65234  0.73945
290 299	 0.05007  0.20421  0.37982  0.62952  0.70536
291 298	 0.06733  0.22098  0.37619  0.61831  0.68599
295 302	 0.00000  0.03735  0.11186  0.33295  0.46834
300 306	 0.00089  0.00000  0.03332  0.18832  0.32376
300 310	 0.02925  0.04001  0.18167  0.32450  0.38174
301 310	 0.00587  0.03092  0.23879  0.35405  0.37923
303 307	 0.00710  0.01732  0.02792  0.09358  0.17898
303 310	 0.00316  0.09712  0.27597  0.32466  0.41424
