# ResID Deuterated fraction, Times /
1 5	 0.28460  0.27332  0.22571  0.30033  0.29983
1 6	 0.20439  0.23276  0.17729  0.21998  0.22556
1 8	 0.12030  0.12134  0.14555  0.23940  0.25296
3 17	 0.04769  0.00091  0.09795  0.17700  0.25266
6 10	 0.03176  0.00152  0.01148  0.03856  0.09569
6 17	 0.03268  0.03422  0.12410  0.25187  0.32131
6 19	 0.00835  0.00000  0.09502  0.22480  0.29064
7 14	 0.00544  0.04773  0.21016  0.37066  0.47062
9 17	 0.02667  0.04285  0.19664  0.33370  0.40539
11 16	 0.01465  0.01271  0.05681  0.33779  0.42376
15 20	 0.00095  0.00000  0.00968  0.02309  0.05690
16 25	 0.01979  0.00000  0.05197  0.13484  0.23295
18 24	 0.00604  0.00000  0.01503  0.15510  0.23351
19 25	 0.00008  0.00000  0.05274  0.19920  0.33792
19 29	 0.02585  0.02266  0.21098  0.32836  0.40690
21 25	 0.00643  0.00868  0.01069  0.19587  0.25691
25 35	 0.10465  0.18954  0.44281  0.59463  0.63754
27 38	 0.11622  0.18386  0.46074  0.70047  0.78118
37 41	 0.07908  0.24639  0.51816  0.64691  0.71425
42 49	 0.04034  0.15486  0.40181  0.66765  0.72227
43 48	 0.03669  0.24648  0.54533  0.73552  0.81104
45 49	 0.06261  0.18245  0.35006  0.48523  0.54730
49 56	 0.00000  0.03581  0.14702  0.32333  0.41584
50 56	 0.00000  0.00000  0.15912  0.32483  0.40547
50 58	 0.00000  0.01269  0.09939  0.18239  0.27292
57 66	 0.00000  0.00000  0.01191  0.08376  0.09248
60 68	 0.00442  0.00000  0.03561  0.07127  0.17395
67 76	 0.00000  0.09879  0.27548  0.41722  0.43828
67 77	 0.02156  0.09578  0.37083  0.49289  0.54931
69 74	 0.05765  0.18959  0.43961  0.55382  0.58307
78 90	 0.10833  0.23120  0.56929  0.74175  0.80059
82 92	 0.11802  0.15860  0.38465  0.70713  0.71956
94 107	 0.00000  0.01036  0.18090  0.43693  0.53082
95 107	 0.04213  0.00014  0.13284  0.37994  0.51083
97 108	 0.02300  0.02280  0.20189  0.39481  0.46693
108 114	 0.00000  0.06893  0.28155  0.48304  0.54076
108 115	 0.00000  0.03545  0.25537  0.43176  0.47420
109 115	 0.02939  0.06265  0.33730  0.48834  0.53689
110 115	 0.04017  0.03936  0.28816  0.37686  0.43439
115 124	 0.00000  0.00000  0.08778  0.25673  0.34662
116 123	 0.00000  0.01996  0.10969  0.23938  0.32442
116 124	 0.02786  0.04023  0.02508  0.20767  0.28085
151 157	 0.00000  0.00000  0.04103  0.14269  0.23196
152 157	 0.00253  0.04063  0.01157  0.12666  0.26349
152 158	 0.00000  0.00000  0.03104  0.16361  0.22708
158 170	 0.09594  0.21933  0.33385  0.42849  0.48047
160 169	 0.16772  0.28621  0.44016  0.71375  0.71059
174 187	 0.00000  0.07126  0.15917  0.32164  0.39402
175 187	 0.00098  0.08185  0.22846  0.32724  0.42855
179 187	 0.00000  0.00000  0.00237  0.10972  0.21444
188 194	 0.06754  0.01644  0.12087  0.38949  0.41951
189 194	 0.00032  0.02549  0.18309  0.43175  0.54835
190 194	 0.00834  0.00000  0.19939  0.54906  0.69236
195 200	 0.04524  0.06767  0.29077  0.57679  0.72526
195 203	 0.03202  0.02774  0.13849  0.32449  0.42268
195 207	 0.00179  0.05167  0.26792  0.49926  0.58217
195 208	 0.04748  0.11980  0.22044  0.48593  0.56558
196 201	 0.00000  0.01413  0.08535  0.32872  0.43955
201 208	 0.03306  0.11499  0.26620  0.49891  0.59080
202 208	 0.03259  0.11265  0.31578  0.57734  0.65847
204 208	 0.07160  0.18958  0.43290  0.68177  0.72465
209 213	 0.03070  0.00511  0.01996  0.13294  0.19601
209 219	 0.03055  0.07979  0.16917  0.33286  0.35947
209 220	 0.00000  0.12004  0.16687  0.29793  0.35096
209 223	 0.03193  0.08802  0.20269  0.38147  0.47010
214 218	 0.08716  0.22945  0.29311  0.46214  0.48623
214 219	 0.07292  0.21789  0.32474  0.52754  0.56862
220 229	 0.10453  0.26197  0.43732  0.67365  0.77652
220 230	 0.08354  0.23603  0.36744  0.62230  0.75425
221 225	 0.18272  0.36044  0.57309  0.77523  0.90388
224 231	 0.14359  0.24742  0.34674  0.50943  0.59137
225 229	 0.07278  0.22700  0.32016  0.51734  0.67195
226 231	 0.00000  0.00000  0.10017  0.28117  0.45296
230 244	 0.00819  0.00000  0.09017  0.20458  0.30071
231 238	 0.00092  0.00000  0.03183  0.11461  0.14039
232 238	 0.00000  0.00000  0.00634  0.05603  0.13503
245 251	 0.03511  0.07165  0.35062  0.60425  0.68783
263 275	 0.14263  0.22971  0.51516  0.73032  0.78214
267 274	 0.22467  0.36875  0.67558  0.77233  0.86794
270 276	 0.28487  0.34291  0.53290  0.72834  0.76399
274 287	 0.01049  0.01526  0.21636  0.47061  0.58729
274 288	 0.00208  0.03399  0.19392  0.47916  0.58046
277 285	 0.00927  0.03351  0.20048  0.48427  0.55046
278 288	 0.00808  0.07482  0.17814  0.46966  0.58443
289 294	 0.08693  0.21351  0.41215  0.66468  0.81521
289 298	 0.06796  0.17029  0.39168  0.65580  0.72956
290 299	 0.05201  0.18676  0.35646  0.60595  0.69957
291 298	 0.08546  0.22284  0.40552  0.58088  0.67658
295 302	 0.02880  0.02717  0.11098  0.33640  0.52569
300 306	 0.01494  0.00823  0.02111  0.20227  0.29466
300 310	 0.02253  0.05726  0.17878  0.29836  0.40334
301 310	 0.00000  0.00025  0.18957  0.34423  0.38150
303 307	 0.00000  0.00844  0.00000  0.09930  0.19534
303 310	 0.00000  0.01574  0.24172  0.34106  0.40388
