# ResID Deuterated fraction, Times /
1 5	 0.20944  0.21512  0.27474  0.27242  0.28778
1 6	 0.20777  0.18795  0.21011  0.20486  0.22445
1 8	 0.16395  0.11950  0.16915  0.19622  0.21272
3 17	 0.00000  0.04186  0.10607  0.18696  0.28422
6 10	 0.02703  0.04577  0.00916  0.02018  0.06995
6 17	 0.02524  0.05984  0.12210  0.28966  0.35608
6 19	 0.00000  0.08824  0.11920  0.22265  0.26474
7 14	 0.02971  0.06665  0.17478  0.37505  0.46546
9 17	 0.00463  0.09039  0.16369  0.31900  0.40587
11 16	 0.00000  0.02581  0.10484  0.30963  0.40058
15 20	 0.00307  0.00000  0.04212  0.00000  0.03589
16 25	 0.01347  0.00783  0.05712  0.13953  0.22934
18 24	 0.00361  0.00000  0.00000  0.10707  0.22324
19 25	 0.00000  0.00000  0.00000  0.21728  0.31593
19 29	 0.00000  0.08331  0.23576  0.31025  0.39382
21 25	 0.01175  0.01205  0.01795  0.14986  0.28019
25 35	 0.13850  0.19022  0.48880  0.59084  0.60541
27 38	 0.08344  0.17509  0.54266  0.67280  0.73487
37 41	 0.03502  0.24514  0.54799  0.60514  0.72708
42 49	 0.04126  0.17552  0.40265  0.64030  0.72810
43 48	 0.07751  0.22204  0.52211  0.75379  0.79204
45 49	 0.06572  0.17878  0.36176  0.47550  0.51347
49 56	 0.00529  0.02610  0.18112  0.31875  0.40793
50 56	 0.01046  0.04386  0.15488  0.32403  0.41413
50 58	 0.02061  0.00000  0.10529  0.20531  0.24770
57 66	 0.00000  0.01249  0.02313  0.04827  0.07171
60 68	 0.00000  0.00713  0.04077  0.07334  0.09487
67 76	 0.02078  0.06917  0.26775  0.40065  0.48284
67 77	 0.00000  0.12174  0.34155  0.46359  0.53159
69 74	 0.02559  0.19097  0.44133  0.56306  0.61756
78 90	 0.15420  0.24205  0.53093  0.82213  0.85870
82 92	 0.08182  0.15996  0.38320  0.67217  0.73966
94 107	 0.00000  0.04288  0.17831  0.44588  0.52010
95 107	 0.02512  0.00000  0.15021  0.38361  0.49055
97 108	 0.00000  0.05490  0.14793  0.39034  0.48328
108 114	 0.00000  0.06401  0.29146  0.49429  0.52780
108 115	 0.00000  0.03981  0.27366  0.41339  0.47898
109 115	 0.00829  0.06582  0.27963  0.47097  0.52469
110 115	 0.00000  0.03158  0.23904  0.40628  0.45682
115 124	 0.02198  0.00234  0.06852  0.24464  0.36302
116 123	 0.01648  0.00000  0.10385  0.24450  0.33536
116 124	 0.00000  0.03509  0.06463  0.23726  0.28942
151 157	 0.00000  0.01734  0.02533  0.12760  0.22889
152 157	 0.02009  0.00052  0.01808  0.13960  0.25788
152 158	 0.00000  0.00326  0.01778  0.14089  0.25571
158 170	 0.13096  0.16550  0.32072  0.46544  0.49496
160 169	 0.14487  0.24245  0.47453  0.65039  0.68562
174 187	 0.03559  0.03201  0.19523  0.33360  0.38794
175 187	 0.00000  0.07628  0.21230  0.31015  0.39384
179 187	 0.00000  0.00000  0.02965  0.12980  0.21820
188 194	 0.00000  0.01016  0.11362  0.34703  0.42558
189 194	 0.01247  0.02221  0.13169  0.42658  0.54588
190 194	 0.00000  0.04298  0.16384  0.51645  0.67542
195 200	 0.04129  0.08615  0.27706  0.58371  0.71939
195 203	 0.00147  0.00898  0.19154  0.33912  0.40280
195 207	 0.05402  0.08609  0.26488  0.54022  0.61015
195 208	 0.01656  0.05093  0.27747  0.49958  0.57347
196 201	 0.04413  0.00000  0.08817  0.33201  0.48948
201 208	 0.00808  0.16755  0.27861  0.50877  0.52155
202 208	 0.04572  0.11443  0.30476  0.55138  0.64426
204 208	 0.06595  0.18660  0.42597  0.64205  0.77367
209 213	 0.00701  0.00000  0.03479  0.06822  0.19039
209 219	 0.03690  0.11955  0.14535  0.28447  0.35384
209 220	 0.01904  0.07250  0.19111  0.28873  0.36501
209 223	 0.04571  0.08451  0.17814  0.38215  0.43727
214 218	 0.12991  0.25455  0.31923  0.40753  0.45674
214 219	 0.03905  0.24196  0.36353  0.52666  0.58615
220 229	 0.08449  0.21787  0.43785  0.68535  0.78826
220 230	 0.11900  0.24021  0.38802  0.66041  0.74641
221 225	 0.16881  0.31452  0.62543  0.81947  0.84323
224 231	 0.12093  0.24522  0.34327  0.53510  0.58492
225 229	 0.06640  0.15264  0.35284  0.56921  0.63126
226 231	 0.03175  0.01734  0.06270  0.29959  0.43709
230 244	 0.00000  0.00000  0.02787  0.20641  0.32690
231 238	 0.00000  0.02446  0.00947  0.08186  0.16285
232 238	 0.00746  0.00000  0.00965  0.07152  0.17413
245 251	 0.01123  0.07223  0.36989  0.57347  0.71085
263 275	 0.09873  0.24744  0.49229  0.72609  0.78419
267 274	 0.21402  0.37099  0.70439  0.77736  0.83171
270 276	 0.25333  0.39195  0.55471  0.73913  0.78907
274 287	 0.02443  0.04183  0.18712  0.48973  0.58713
274 288	 0.00329  0.00647  0.19912  0.44650  0.49187
277 285	 0.01216  0.07791  0.23330  0.45298  0.55691
278 288	 0.02486  0.04299  0.19403  0.40240  0.59187
289 294	 0.05491  0.20589  0.38942  0.67846  0.77345
289 298	 0.05204  0.14928  0.39914  0.66780  0.74476
290 299	 0.06213  0.20590  0.39587  0.60851  0.70433
291 298	 0.07666  0.24494  0.43027  0.57154  0.70146
295 302	 0.00000  0.00326  0.14876  0.33768  0.45585
300 306	 0.01798  0.02582  0.00400  0.18312  0.29609
300 310	 0.01156  0.06555  0.17077  0.30141  0.37862
301 310	 0.01247  0.06974  0.20398  0.31915  0.38915
303 307	 0.00000  0.00000  0.00816  0.09438  0.18981
303 310	 0.03905  0.08820  0.22330  0.37489  0.42230
