# ResID Deuterated fraction, Times /
1 2	 0.98959  0.99573  1.00000  0.97340  1.00000
2 3	 0.00000  0.00000  0.08474  0.45617  0.69073
3 4	 0.00000  0.06776  0.01676  0.03329  0.07009
4 5	 0.01925  0.00000  0.00322  0.00000  0.01590
5 6	 0.00000  0.01964  0.00149  0.04204  0.02645
6 7	 0.00494  0.02349  0.00000  0.10393  0.19153
7 8	 0.00000  0.03205  0.16703  0.63985  0.85683
8 9	 0.02843  0.03396  0.06355  0.19028  0.33840
9 10	 0.00000  0.00000  0.04598  0.31105  0.52583
10 11	 0.42014  0.96305  0.98770  0.99920  1.00000
11 12	 0.05070  0.31312  0.93423  0.99442  1.00000
12 13	 0.00000  0.08868  0.58953  1.00000  0.97301
13 14	 0.02778  0.03890  0.30349  0.87550  0.98338
14 15	 0.00000  0.03497  0.10107  0.43530  0.68886
15 16	 0.00000  0.00000  0.04990  0.18579  0.32092
16 17	 0.02580  0.01551  0.00000  0.05330  0.10314
17 18	 0.01752  0.00925  0.01179  0.13572  0.24875
18 19	 0.00051  0.02772  0.05148  0.04345  0.09617
19 20	 0.00000  0.00000  0.06226  0.34532  0.56701
20 21	 0.03518  0.10119  0.69182  0.99654  1.00000
21 22	 0.00589  0.01133  0.00000  0.03288  0.06471
22 23	 0.00285  0.02049  0.07709  0.32194  0.53861
23 24	 0.00000  0.06908  0.38569  0.92531  1.00000
24 25	 0.03795  0.06792  0.46683  1.00000  1.00000
25 26	 0.02502  0.00000  0.00328  0.06847  0.09431
26 27	 0.00000  0.00000  0.05738  0.20013  0.36829
27 28	 0.51530  0.98170  1.00000  1.00000  0.99965
28 29	 0.21478  0.76278  0.99685  0.99422  1.00000
29 30	 0.20169  0.65321  0.99081  1.00000  0.96890
30 31	 1.00000  1.00000  1.00000  0.98682  0.97418
31 32	 0.55110  0.98234  1.00000  0.99114  1.00000
32 33	 0.04423  0.23477  0.94799  0.99014  0.98294
33 34	 0.00000  0.01481  0.02604  0.14907  0.23388
34 35	 0.03170  0.01339  0.04065  0.34437  0.57825
35 36	 0.22492  0.68970  0.99956  0.99938  1.00000
36 37	 0.00000  0.04807  0.21468  0.73951  0.90404
37 38	 0.03963  0.08938  0.62516  1.00000  0.97333
38 39	 0.00000  0.02845  0.05416  0.18284  0.34854
39 40	 0.66193  0.99331  0.98709  0.96076  1.00000
40 41	 0.72330  0.99473  0.98337  0.99545  0.99487
41 42	 0.22674  0.77418  1.00000  1.00000  1.00000
42 43	 0.03351  0.26499  0.95621  1.00000  1.00000
43 44	 0.04515  0.32310  0.95412  0.99683  1.00000
44 45	 0.48210  0.99770  1.00000  0.96265  1.00000
45 46	 0.93386  0.99580  1.00000  1.00000  0.98295
46 47	 0.05211  0.37169  0.96976  0.99298  1.00000
47 48	 0.00000  0.00000  0.00000  0.03670  0.12224
48 49	 0.00000  0.04332  0.04298  0.40989  0.65303
49 50	 0.02452  0.07415  0.57675  0.99944  0.96317
50 51	 0.02356  0.00433  0.06829  0.32413  0.54686
51 52	 0.01208  0.00015  0.00000  0.01855  0.03963
52 53	 0.00000  0.02518  0.14880  0.65965  0.88041
53 54	 0.18209  0.73865  1.00000  1.00000  0.99945
54 55	 0.05666  0.16500  0.79184  0.99957  1.00000
55 56	 0.01990  0.01081  0.18197  0.68029  0.90708
56 57	 0.00000  0.00071  0.00000  0.13804  0.21194
57 58	 0.01013  0.00912  0.00000  0.15099  0.22214
58 59	 0.00000  0.00000  0.01699  0.04476  0.15116
59 60	 0.00000  0.00000  0.02580  0.00000  0.00000
60 61	 0.00000  0.00211  0.01066  0.04656  0.05605
61 62	 0.00000  0.00000  0.03317  0.03880  0.13768
62 63	 0.00000  0.01521  0.02914  0.13875  0.32649
64 65	 0.05425  0.07016  0.61699  0.99921  0.99558
65 66	 0.00045  0.00000  0.04590  0.16704  0.37535
66 67	 0.00000  0.00000  0.01900  0.15643  0.30083
67 68	 0.00000  0.00062  0.00934  0.08242  0.10928
68 69	 0.12837  0.45021  0.95567  1.00000  1.00000
69 70	 0.77473  1.00000  1.00000  0.96880  0.99596
70 71	 0.00000  0.00750  0.27389  0.81142  0.96802
72 73	 0.13716  0.71592  0.98932  0.99591  0.98618
73 74	 0.00000  0.03374  0.09803  0.47398  0.77736
74 75	 0.00000  0.00917  0.07850  0.30722  0.52015
75 76	 0.00489  0.04621  0.25731  0.78729  0.92787
76 77	 0.29468  0.85778  1.00000  0.99713  0.97281
77 78	 0.08355  0.52843  1.00000  1.00000  0.97066
78 79	 0.02774  0.04198  0.13013  0.58017  0.78923
80 81	 0.63887  0.97802  1.00000  1.00000  1.00000
81 82	 0.55064  1.00000  0.99539  0.96726  1.00000
82 83	 0.06204  0.39539  1.00000  1.00000  1.00000
84 85	 0.07516  0.38209  0.95884  1.00000  1.00000
85 86	 0.14096  0.52835  1.00000  0.98364  0.95567
86 87	 0.33206  0.89198  0.98527  1.00000  0.99507
87 88	 0.98629  1.00000  1.00000  0.98999  0.97062
88 89	 0.05732  0.39976  1.00000  1.00000  1.00000
89 90	 0.00447  0.00000  0.01963  0.05994  0.06858
90 91	 0.00000  0.02162  0.07391  0.34644  0.56885
91 92	 0.00665  0.09796  0.53705  1.00000  1.00000
92 93	 0.00000  0.00664  0.02401  0.25306  0.41664
93 94	 0.00000  0.05535  0.27590  0.84255  0.96461
94 95	 0.06734  0.32958  0.98320  1.00000  1.00000
95 96	 0.04452  0.12928  0.74057  1.00000  0.97867
96 97	 0.00000  0.00000  0.05447  0.09724  0.10495
97 98	 0.02117  0.09860  0.58975  0.98427  0.98639
98 99	 0.00000  0.04814  0.05175  0.05989  0.17134
99 100	 0.00000  0.00976  0.01904  0.14739  0.24400
100 101	 0.00000  0.10184  0.66262  1.00000  0.98589
101 102	 0.04001  0.26662  0.93737  0.96135  1.00000
102 103	 0.04450  0.05880  0.49904  1.00000  1.00000
103 104	 0.00000  0.00000  0.08536  0.49846  0.73646
105 106	 0.26357  0.86656  0.97510  0.99021  1.00000
106 107	 0.04734  0.09386  0.62010  1.00000  1.00000
107 108	 0.00000  0.00000  0.06268  0.32668  0.55034
108 109	 0.03263  0.02337  0.04944  0.29486  0.50193
109 110	 0.05904  0.38152  0.98408  0.99773  0.96919
110 111	 0.32933  0.91326  0.96177  0.98313  1.00000
111 112	 0.10709  0.41522  0.97284  1.00000  0.98589
112 113	 0.00000  0.01194  0.00000  0.04951  0.06365
113 114	 0.00000  0.00000  0.01489  0.05600  0.10640
114 115	 0.01274  0.01527  0.12442  0.43327  0.68335
115 116	 0.03681  0.08712  0.63172  0.99592  1.00000
116 117	 0.01946  0.07714  0.56887  1.00000  1.00000
117 118	 0.09516  0.38721  0.98605  1.00000  0.97800
118 119	 0.00000  0.00000  0.06682  0.19514  0.32883
120 121	 0.00000  0.03655  0.02414  0.12053  0.26691
121 122	 0.00000  0.00832  0.07185  0.39179  0.60454
122 123	 0.00000  0.02000  0.16658  0.69969  0.93218
123 124	 0.02373  0.01444  0.01695  0.23533  0.37968
124 125	 0.02263  0.00000  0.00713  0.00000  0.01029
125 126	 0.01057  0.00000  0.01498  0.01415  0.01439
126 127	 0.00000  0.00000  0.00000  0.00569  0.04978
127 128	 0.00000  0.02801  0.02363  0.04573  0.10546
128 129	 0.01982  0.04904  0.28258  0.85568  0.99660
129 130	 0.00839  0.20151  0.91955  0.98142  0.97697
131 132	 0.04547  0.29574  0.97348  1.00000  1.00000
132 133	 0.02847  0.11943  0.66989  0.98231  0.97734
133 134	 0.04562  0.05116  0.12483  0.54823  0.75885
135 136	 0.17340  0.67914  1.00000  1.00000  1.00000
136 137	 0.07238  0.32785  0.95799  0.99690  0.98033
137 138	 0.02161  0.05253  0.06053  0.31087  0.52824
138 139	 0.01550  0.11628  0.75636  1.00000  0.99182
139 140	 0.20336  0.71812  1.00000  0.99701  1.00000
140 141	 0.01644  0.07105  0.55335  0.96652  0.99927
141 142	 0.00000  0.01127  0.11692  0.58719  0.80165
142 143	 0.00000  0.00021  0.01052  0.00000  0.00115
143 144	 0.03988  0.02784  0.00000  0.10886  0.15926
144 145	 0.01264  0.00000  0.15131  0.63334  0.87601
145 146	 0.40945  0.96573  1.00000  1.00000  0.99663
146 147	 0.83082  1.00000  0.99140  1.00000  0.99902
147 148	 0.05330  0.33592  0.96484  0.99771  1.00000
149 150	 0.01979  0.13998  0.67103  1.00000  0.99755
150 151	 0.03294  0.00752  0.00000  0.13234  0.19997
151 152	 0.00000  0.01359  0.05914  0.36770  0.57638
152 153	 0.01696  0.00000  0.20348  0.76332  0.89424
153 154	 0.01729  0.02314  0.07979  0.49870  0.72715
154 155	 0.00000  0.02017  0.01487  0.32253  0.52331
155 156	 0.00730  0.03974  0.12812  0.44116  0.66926
156 157	 0.03944  0.11029  0.64176  0.97244  0.98770
157 158	 0.00000  0.01757  0.14837  0.63161  0.85524
158 159	 0.03641  0.00000  0.01878  0.11646  0.19033
159 160	 0.00000  0.00000  0.00000  0.00000  0.03545
160 161	 0.00178  0.00315  0.00797  0.15498  0.18835
162 163	 0.04612  0.05584  0.19819  0.65316  0.91096
164 165	 0.10477  0.45922  0.98223  1.00000  1.00000
166 167	 0.66115  1.00000  1.00000  0.99532  0.97165
167 168	 0.98498  0.96769  0.99436  0.98494  1.00000
168 169	 0.06390  0.37400  1.00000  1.00000  1.00000
169 170	 0.00000  0.00000  0.00000  0.02605  0.13262
170 171	 0.01073  0.22969  0.92902  0.99651  0.97899
171 172	 0.17833  0.78945  0.98237  0.98501  0.95442
172 173	 0.03183  0.00000  0.02514  0.16932  0.28973
173 174	 0.00000  0.06564  0.03310  0.00000  0.05685
174 175	 0.00000  0.11756  0.68398  1.00000  1.00000
175 176	 0.47664  0.97091  0.98979  1.00000  0.97865
176 177	 0.32238  0.91687  0.99103  0.99429  1.00000
177 178	 0.03602  0.11243  0.74005  1.00000  1.00000
178 179	 0.00000  0.00000  0.01267  0.06510  0.08471
179 180	 0.00000  0.02258  0.01428  0.10353  0.21437
180 181	 0.00000  0.02736  0.00339  0.02371  0.07115
181 182	 0.00000  0.00000  0.01955  0.03719  0.03762
182 183	 0.00940  0.07001  0.49387  1.00000  1.00000
183 184	 0.00088  0.00042  0.11260  0.55683  0.76534
185 186	 0.00000  0.02646  0.07483  0.35283  0.65822
186 187	 0.00640  0.06555  0.53489  0.95553  0.98437
187 188	 0.03421  0.20001  0.82535  1.00000  1.00000
188 189	 0.01014  0.00000  0.00460  0.00000  0.02063
189 190	 0.02138  0.00000  0.02071  0.02190  0.10082
190 191	 0.08243  0.37343  0.98656  1.00000  0.99738
191 192	 0.04215  0.21895  0.86302  0.97728  1.00000
192 193	 0.00000  0.10469  0.67730  1.00000  0.97947
193 194	 0.02302  0.00587  0.03319  0.26440  0.45949
194 195	 0.03691  0.01463  0.11817  0.52022  0.79403
195 196	 0.24213  0.82782  1.00000  1.00000  0.98781
196 197	 0.02876  0.19781  0.83812  0.99064  1.00000
197 198	 0.02920  0.13943  0.78994  0.98006  1.00000
199 200	 0.00000  0.00000  0.07325  0.25706  0.46819
200 201	 0.00000  0.00000  0.02400  0.03489  0.03584
201 202	 0.00262  0.01300  0.00000  0.00000  0.08696
202 203	 0.00000  0.02062  0.00000  0.10928  0.18352
203 204	 0.02695  0.23664  0.88888  0.96568  1.00000
204 205	 0.10859  0.52015  0.99696  0.96827  0.99877
205 206	 0.84894  1.00000  1.00000  1.00000  0.99158
206 207	 0.01441  0.16701  0.80859  1.00000  0.99233
207 208	 0.00000  0.01963  0.09476  0.44421  0.75090
208 209	 0.03253  0.03506  0.05712  0.20121  0.34442
209 210	 0.00000  0.12870  0.63774  0.99309  0.99389
210 211	 0.00000  0.00000  0.00000  0.00168  0.02338
211 212	 0.00000  0.02537  0.00000  0.00580  0.01142
212 213	 0.03609  0.01844  0.01261  0.00000  0.04252
213 214	 0.00481  0.01828  0.00000  0.00660  0.00139
214 215	 0.00000  0.00000  0.00000  0.04149  0.03216
215 216	 0.00000  0.00000  0.04923  0.00072  0.01597
216 217	 0.00392  0.16728  0.87304  0.98782  1.00000
217 218	 1.00000  0.99818  0.99359  0.99272  0.98269
218 219	 0.12151  0.54568  1.00000  0.95482  0.99474
219 220	 0.00000  0.05130  0.26884  0.82994  0.98594
220 221	 0.06491  0.23996  0.96402  0.96975  0.94794
221 222	 0.04304  0.27341  0.93956  1.00000  1.00000
222 223	 0.02932  0.03704  0.40769  0.95427  0.98069
223 224	 0.52131  0.97370  1.00000  0.98167  1.00000
224 225	 1.00000  1.00000  0.99115  0.95589  0.99532
225 226	 0.92750  0.99280  1.00000  0.99390  0.97013
226 227	 0.08170  0.27666  0.95281  1.00000  0.94635
227 228	 0.03422  0.00000  0.07160  0.21607  0.33240
228 229	 0.01434  0.07895  0.53883  0.99156  1.00000
229 230	 0.00000  0.03272  0.43054  0.97984  1.00000
230 231	 0.00000  0.00000  0.05999  0.18646  0.34251
231 232	 0.00438  0.03512  0.33244  0.89092  1.00000
232 233	 0.00971  0.04072  0.45683  0.99663  1.00000
233 234	 0.00388  0.00000  0.00000  0.03311  0.04098
234 235	 0.00000  0.02254  0.04137  0.03286  0.05887
235 236	 0.00219  0.00000  0.12189  0.56198  0.81415
236 237	 0.00000  0.02615  0.08370  0.39702  0.61130
237 238	 0.02966  0.00000  0.01305  0.02740  0.01146
238 239	 0.00225  0.00000  0.00000  0.04501  0.05414
239 240	 0.00442  0.13194  0.75763  0.97765  1.00000
240 241	 0.12302  0.50524  0.98637  0.97081  0.98499
241 242	 0.01538  0.01392  0.18291  0.72341  0.92666
242 243	 0.00000  0.00000  0.09318  0.31279  0.57199
243 244	 0.04202  0.19655  0.89688  1.00000  0.98730
244 245	 0.03386  0.22202  0.92105  1.00000  1.00000
245 246	 0.00189  0.05226  0.11864  0.53859  0.77671
246 247	 0.02650  0.20972  0.84892  1.00000  0.95331
247 248	 0.57222  0.95600  0.99239  0.98761  1.00000
248 249	 0.00444  0.03266  0.21559  0.75654  0.94852
249 250	 0.02370  0.14807  0.74165  1.00000  0.98807
250 251	 0.25642  0.82520  1.00000  0.97778  0.97461
251 252	 0.00609  0.24589  0.90878  1.00000  0.98631
252 253	 0.01247  0.03073  0.11194  0.40093  0.64361
253 254	 0.00000  0.00000  0.05746  0.23013  0.37926
254 255	 0.00928  0.05562  0.37825  0.91216  1.00000
255 256	 0.02386  0.08834  0.70023  0.98923  1.00000
256 257	 0.00295  0.00771  0.03053  0.12006  0.19163
257 258	 0.00000  0.04039  0.25961  0.82794  1.00000
258 259	 0.14470  0.63379  0.99896  0.97088  0.97286
259 260	 0.02977  0.29213  0.99825  1.00000  1.00000
260 261	 0.05968  0.21671  0.96059  1.00000  0.98558
261 262	 0.96426  1.00000  1.00000  0.98878  0.97906
262 263	 0.98445  1.00000  1.00000  0.98735  0.99987
263 264	 0.04073  0.18978  0.94493  1.00000  1.00000
264 265	 0.00000  0.05388  0.41800  0.97481  1.00000
265 266	 0.40655  0.94755  0.95281  1.00000  0.99072
266 267	 0.02680  0.06823  0.61846  0.99425  1.00000
267 268	 0.49698  0.99866  1.00000  0.96731  0.98627
268 269	 0.03786  0.15123  0.79459  1.00000  1.00000
269 270	 0.36543  0.93167  1.00000  0.99331  0.99737
270 271	 1.00000  1.00000  1.00000  1.00000  0.99359
271 272	 1.00000  0.97606  0.98798  0.99264  1.00000
272 273	 0.10004  0.57226  1.00000  1.00000  0.98677
273 274	 0.00000  0.00000  0.02140  0.14026  0.28692
274 275	 0.01411  0.08788  0.55832  0.97940  1.00000
275 276	 0.10135  0.52051  0.98261  0.95434  1.00000
276 277	 0.02627  0.02843  0.16896  0.57093  0.81981
277 278	 0.02600  0.01375  0.10399  0.47977  0.67987
278 279	 0.01863  0.21940  0.94671  1.00000  0.98507
279 280	 0.06044  0.44065  0.98426  0.97022  1.00000
280 281	 0.00040  0.02156  0.32347  0.87041  0.97798
282 283	 0.30491  0.84565  1.00000  1.00000  1.00000
283 284	 0.04120  0.08529  0.40383  0.94117  0.95919
284 285	 0.02270  0.00000  0.05452  0.35463  0.59264
285 286	 0.02758  0.07534  0.61399  0.99037  1.00000
286 287	 0.03861  0.10048  0.49687  0.97143  0.98974
287 288	 0.00000  0.00000  0.08554  0.40245  0.63986
288 289	 0.00841  0.01102  0.10624  0.46715  0.70311
289 290	 0.05901  0.16445  0.83536  1.00000  0.98465
290 291	 0.16456  0.59909  0.96252  1.00000  0.99313
291 292	 0.02241  0.02795  0.16230  0.63886  0.85034
292 293	 0.04176  0.18123  0.84074  0.96797  1.00000
293 294	 0.98140  1.00000  0.98612  0.99938  1.00000
294 295	 0.67306  1.00000  0.97393  0.99166  1.00000
295 296	 0.00000  0.07708  0.52754  0.96717  1.00000
296 297	 0.00000  0.00000  0.07912  0.36377  0.57035
297 298	 0.15225  0.46707  0.98897  0.98362  1.00000
298 299	 0.01304  0.03708  0.43374  0.96166  0.97057
299 300	 0.00804  0.01322  0.02522  0.17877  0.34875
300 301	 0.02251  0.10615  0.47735  0.96786  1.00000
301 302	 0.01576  0.11326  0.52968  0.98051  0.98733
302 303	 0.00000  0.04162  0.03649  0.18461  0.30499
303 304	 0.00000  0.03944  0.17254  0.65553  0.89876
304 305	 0.00000  0.04257  0.30865  0.88255  0.99607
305 306	 0.00000  0.04300  0.19455  0.69016  0.88113
306 307	 0.05329  0.00316  0.01150  0.09164  0.19367
307 308	 0.17324  0.64374  0.99626  0.95984  1.00000
308 309	 0.35249  0.92360  1.00000  1.00000  1.00000
309 310	 0.02876  0.00000  0.08722  0.42710  0.64007
