# ResID Deuterated fraction, Times /
1 2	 1.00000  1.00000  1.00000  1.00000  1.00000
2 3	 0.00165  0.00985  0.09421  0.44770  0.69497
3 4	 0.00013  0.00077  0.00766  0.04508  0.08813
4 5	 0.00001  0.00003  0.00030  0.00182  0.00364
5 6	 0.00010  0.00058  0.00580  0.03428  0.06738
6 7	 0.00029  0.00174  0.01724  0.09910  0.18838
7 8	 0.00280  0.01667  0.15476  0.63534  0.86702
8 9	 0.00060  0.00356  0.03507  0.19282  0.34845
9 10	 0.00108  0.00648  0.06290  0.32281  0.54141
10 11	 0.43463  0.96711  1.00000  1.00000  1.00000
11 12	 0.05274  0.27706  0.96101  1.00000  1.00000
12 13	 0.01480  0.08542  0.59053  0.99529  0.99998
13 14	 0.00565  0.03335  0.28765  0.86933  0.98293
14 15	 0.00167  0.00998  0.09546  0.45226  0.69999
15 16	 0.00061  0.00362  0.03561  0.19553  0.35283
16 17	 0.00017  0.00100  0.00992  0.05808  0.11278
17 18	 0.00041  0.00243  0.02401  0.13568  0.25296
18 19	 0.00015  0.00088  0.00875  0.05136  0.10009
19 20	 0.00122  0.00730  0.07065  0.35572  0.58491
20 21	 0.01994  0.11359  0.70054  0.99928  1.00000
21 22	 0.00011  0.00065  0.00647  0.03818  0.07491
22 23	 0.00111  0.00663  0.06438  0.32921  0.55004
23 24	 0.00759  0.04461  0.36644  0.93532  0.99582
24 25	 0.01157  0.06729  0.50175  0.98470  0.99977
25 26	 0.00012  0.00072  0.00721  0.04250  0.08319
26 27	 0.00063  0.00378  0.03712  0.20304  0.36485
27 28	 0.49712  0.98369  1.00000  1.00000  1.00000
28 29	 0.21816  0.77091  1.00000  1.00000  1.00000
29 30	 0.15613  0.63815  0.99996  1.00000  1.00000
30 31	 1.00000  1.00000  1.00000  1.00000  1.00000
31 32	 0.51898  0.98750  1.00000  1.00000  1.00000
32 33	 0.04740  0.25234  0.94542  1.00000  1.00000
33 34	 0.00037  0.00222  0.02201  0.12503  0.23442
34 35	 0.00117  0.00699  0.06770  0.34335  0.56881
35 36	 0.17965  0.69446  0.99999  1.00000  1.00000
36 37	 0.00400  0.02370  0.21325  0.76285  0.94376
37 38	 0.01774  0.10163  0.65757  0.99839  1.00000
38 39	 0.00057  0.00339  0.03343  0.18456  0.33506
39 40	 0.65688  0.99835  1.00000  1.00000  1.00000
40 41	 0.71869  0.99950  1.00000  1.00000  1.00000
41 42	 0.21654  0.76800  1.00000  1.00000  1.00000
42 43	 0.04879  0.25879  0.94995  1.00000  1.00000
43 44	 0.05422  0.28382  0.96450  1.00000  1.00000
44 45	 0.47066  0.97783  1.00000  1.00000  1.00000
45 46	 0.93179  1.00000  1.00000  1.00000  1.00000
46 47	 0.06477  0.33032  0.98186  1.00000  1.00000
47 48	 0.00014  0.00082  0.00815  0.04794  0.09357
48 49	 0.00154  0.00916  0.08796  0.42444  0.66873
49 50	 0.01378  0.07970  0.56421  0.99315  0.99995
50 51	 0.00106  0.00633  0.06155  0.31692  0.53340
51 52	 0.00006  0.00038  0.00381  0.02263  0.04474
52 53	 0.00297  0.01767  0.16333  0.65698  0.88234
53 54	 0.19263  0.72232  1.00000  1.00000  1.00000
54 55	 0.02471  0.13914  0.77648  0.99988  1.00000
55 56	 0.00338  0.02010  0.18372  0.70417  0.91249
56 57	 0.00034  0.00202  0.02006  0.11449  0.21587
57 58	 0.00037  0.00224  0.02219  0.12596  0.23606
58 59	 0.00022  0.00135  0.01337  0.07761  0.14920
59 60	 0.00000  0.00000  0.00005  0.00027  0.00054
60 61	 0.00012  0.00069  0.00688  0.04056  0.07947
61 62	 0.00019  0.00115  0.01140  0.06647  0.12851
62 63	 0.00048  0.00288  0.02843  0.15890  0.29254
64 65	 0.01603  0.09220  0.61990  0.99698  0.99999
65 66	 0.00061  0.00365  0.03593  0.19712  0.35539
66 67	 0.00052  0.00311  0.03068  0.17053  0.31198
67 68	 0.00015  0.00093  0.00921  0.05403  0.10514
68 69	 0.10255  0.47684  0.99846  1.00000  1.00000
69 70	 0.76216  0.99982  1.00000  1.00000  1.00000
70 71	 0.00479  0.02831  0.24963  0.82149  0.96813
72 73	 0.19114  0.71923  1.00000  1.00000  1.00000
73 74	 0.00196  0.01168  0.11083  0.50578  0.75575
74 75	 0.00100  0.00599  0.05828  0.30251  0.51351
75 76	 0.00430  0.02549  0.22753  0.78753  0.95486
76 77	 0.28798  0.86914  1.00000  1.00000  1.00000
77 78	 0.11431  0.51656  0.99930  1.00000  1.00000
78 79	 0.00240  0.01427  0.13390  0.57790  0.82183
80 81	 0.64009  0.99780  1.00000  1.00000  1.00000
81 82	 0.54609  0.99117  1.00000  1.00000  1.00000
82 83	 0.07177  0.35977  0.98843  1.00000  1.00000
84 85	 0.06813  0.34459  0.98537  1.00000  1.00000
85 86	 0.11628  0.52299  0.99939  1.00000  1.00000
86 87	 0.34201  0.91843  1.00000  1.00000  1.00000
87 88	 0.99999  1.00000  1.00000  1.00000  1.00000
88 89	 0.07917  0.38973  0.99283  1.00000  1.00000
89 90	 0.00016  0.00097  0.00966  0.05660  0.11000
90 91	 0.00119  0.00711  0.06884  0.34815  0.57509
91 92	 0.01276  0.07402  0.53654  0.99009  0.99990
92 93	 0.00076  0.00452  0.04429  0.23800  0.41935
93 94	 0.00533  0.03149  0.27384  0.85338  0.97850
94 95	 0.06707  0.34015  0.98435  1.00000  1.00000
95 96	 0.02225  0.12603  0.74001  0.99969  1.00000
96 97	 0.00017  0.00101  0.01004  0.05877  0.11409
97 98	 0.01440  0.08316  0.58032  0.99454  0.99997
98 99	 0.00026  0.00154  0.01527  0.08817  0.16857
99 100	 0.00040  0.00241  0.02382  0.13470  0.25125
100 101	 0.01776  0.10173  0.65797  0.99840  1.00000
101 102	 0.05248  0.27587  0.96036  1.00000  1.00000
102 103	 0.01132  0.06589  0.49419  0.98325  0.99972
103 104	 0.00195  0.01165  0.11056  0.50489  0.75486
105 106	 0.27479  0.85395  1.00000  1.00000  1.00000
106 107	 0.01617  0.09300  0.62321  0.99714  0.99999
107 108	 0.00106  0.00631  0.06133  0.31595  0.53207
108 109	 0.00096  0.00571  0.05566  0.29080  0.49703
109 110	 0.07613  0.37759  0.99128  1.00000  1.00000
110 111	 0.34544  0.92095  1.00000  1.00000  1.00000
111 112	 0.08864  0.42637  0.99614  1.00000  1.00000
112 113	 0.00011  0.00064  0.00637  0.03763  0.07384
113 114	 0.00011  0.00067  0.00666  0.03928  0.07702
114 115	 0.00168  0.01004  0.09594  0.45401  0.70189
115 116	 0.01645  0.09451  0.62943  0.99741  0.99999
116 117	 0.01439  0.08312  0.58012  0.99452  0.99997
117 118	 0.08120  0.39777  0.99372  1.00000  1.00000
118 119	 0.00054  0.00324  0.03193  0.17693  0.32256
120 121	 0.00040  0.00238  0.02358  0.13338  0.24896
121 122	 0.00124  0.00741  0.07163  0.35980  0.59014
122 123	 0.00347  0.02059  0.18787  0.71308  0.91768
123 124	 0.00066  0.00396  0.03889  0.21180  0.37874
124 125	 0.00001  0.00005  0.00049  0.00294  0.00588
125 126	 0.00002  0.00014  0.00142  0.00848  0.01689
126 127	 0.00005  0.00031  0.00310  0.01843  0.03652
127 128	 0.00017  0.00101  0.01004  0.05874  0.11403
128 129	 0.00526  0.03111  0.27097  0.84986  0.97746
129 130	 0.04161  0.22468  0.92151  1.00000  1.00000
131 132	 0.05375  0.28161  0.96338  1.00000  1.00000
132 133	 0.01919  0.10952  0.68649  0.99905  1.00000
133 134	 0.00215  0.01283  0.12116  0.53927  0.78772
135 136	 0.16888  0.66963  0.99998  1.00000  1.00000
136 137	 0.06354  0.32505  0.98038  1.00000  1.00000
137 138	 0.00104  0.00620  0.06034  0.31164  0.52616
138 139	 0.02468  0.13899  0.77608  0.99987  1.00000
139 140	 0.20762  0.75179  1.00000  1.00000  1.00000
140 141	 0.01343  0.07777  0.55495  0.99223  0.99994
141 142	 0.00222  0.01324  0.12479  0.55055  0.79799
142 143	 0.00000  0.00002  0.00017  0.00105  0.00210
143 144	 0.00024  0.00141  0.01401  0.08119  0.15578
144 145	 0.00263  0.01565  0.14591  0.61182  0.84932
145 146	 0.43919  0.96867  1.00000  1.00000  1.00000
146 147	 0.81182  0.99995  1.00000  1.00000  1.00000
147 148	 0.05832  0.30219  0.97262  1.00000  1.00000
149 150	 0.01764  0.10108  0.65545  0.99833  1.00000
150 151	 0.00031  0.00186  0.01844  0.10569  0.20020
151 152	 0.00125  0.00747  0.07221  0.36216  0.59317
152 153	 0.00405  0.02402  0.21580  0.76743  0.94591
153 154	 0.00181  0.01078  0.10272  0.47811  0.72763
154 155	 0.00116  0.00690  0.06689  0.33991  0.56429
155 156	 0.00156  0.00928  0.08902  0.42844  0.67332
156 157	 0.01641  0.09432  0.62870  0.99738  0.99999
157 158	 0.00261  0.01553  0.14485  0.60894  0.84707
158 159	 0.00028  0.00166  0.01650  0.09503  0.18103
159 160	 0.00001  0.00005  0.00046  0.00278  0.00555
160 161	 0.00033  0.00200  0.01984  0.11330  0.21377
162 163	 0.00322  0.01911  0.17545  0.68573  0.90124
164 165	 0.09767  0.45951  0.99787  1.00000  1.00000
166 167	 0.66398  0.99854  1.00000  1.00000  1.00000
167 168	 1.00000  1.00000  1.00000  1.00000  1.00000
168 169	 0.07753  0.38319  0.99203  1.00000  1.00000
169 170	 0.00018  0.00107  0.01067  0.06232  0.12075
170 171	 0.04409  0.23660  0.93277  1.00000  1.00000
171 172	 0.21877  0.77198  1.00000  1.00000  1.00000
172 173	 0.00047  0.00282  0.02787  0.15599  0.28766
173 174	 0.00005  0.00029  0.00292  0.01738  0.03447
174 175	 0.01928  0.11004  0.68832  0.99908  1.00000
175 176	 0.49505  0.98329  1.00000  1.00000  1.00000
176 177	 0.33198  0.91069  1.00000  1.00000  1.00000
177 178	 0.02028  0.11544  0.70673  0.99936  1.00000
178 179	 0.00012  0.00070  0.00696  0.04106  0.08044
179 180	 0.00035  0.00210  0.02081  0.11854  0.22303
180 181	 0.00008  0.00051  0.00504  0.02989  0.05889
181 182	 0.00008  0.00047  0.00469  0.02781  0.05484
182 183	 0.01088  0.06343  0.48071  0.98039  0.99962
183 184	 0.00203  0.01208  0.11448  0.51784  0.76752
185 186	 0.00131  0.00784  0.07572  0.37654  0.61130
186 187	 0.01188  0.06903  0.51095  0.98632  0.99981
187 188	 0.03096  0.17165  0.84788  0.99999  1.00000
188 189	 0.00006  0.00033  0.00331  0.01971  0.03904
189 190	 0.00012  0.00073  0.00724  0.04268  0.08354
190 191	 0.08603  0.41646  0.99542  1.00000  1.00000
191 192	 0.03317  0.18291  0.86735  0.99999  1.00000
192 193	 0.01760  0.10088  0.65472  0.99831  1.00000
193 194	 0.00074  0.00443  0.04343  0.23388  0.41307
194 195	 0.00214  0.01272  0.12018  0.53618  0.78487
195 196	 0.26054  0.83591  1.00000  1.00000  1.00000
196 197	 0.03071  0.17031  0.84540  0.99999  1.00000
197 198	 0.02696  0.15097  0.80537  0.99995  1.00000
199 200	 0.00090  0.00539  0.05261  0.27696  0.47722
200 201	 0.00004  0.00024  0.00242  0.01441  0.02862
201 202	 0.00008  0.00048  0.00481  0.02853  0.05624
202 203	 0.00031  0.00188  0.01866  0.10689  0.20235
203 204	 0.03527  0.19347  0.88353  1.00000  1.00000
204 205	 0.11104  0.50579  0.99913  1.00000  1.00000
205 206	 0.83127  0.99998  1.00000  1.00000  1.00000
206 207	 0.02921  0.16265  0.83055  0.99998  1.00000
207 208	 0.00179  0.01066  0.10164  0.47436  0.72370
208 209	 0.00064  0.00385  0.03783  0.20654  0.37043
209 210	 0.01730  0.09920  0.64822  0.99811  1.00000
210 211	 0.00000  0.00002  0.00022  0.00133  0.00266
211 212	 0.00001  0.00004  0.00040  0.00241  0.00481
212 213	 0.00002  0.00012  0.00118  0.00704  0.01402
213 214	 0.00003  0.00018  0.00181  0.01083  0.02154
214 215	 0.00003  0.00016  0.00156  0.00934  0.01859
215 216	 0.00002  0.00010  0.00103  0.00618  0.01233
216 217	 0.03467  0.19045  0.87910  1.00000  1.00000
217 218	 0.99152  1.00000  1.00000  1.00000  1.00000
218 219	 0.12288  0.54390  0.99961  1.00000  1.00000
219 220	 0.00455  0.02692  0.23883  0.80551  0.96217
220 221	 0.05144  0.27111  0.95767  1.00000  1.00000
221 222	 0.05291  0.27784  0.96142  1.00000  1.00000
222 223	 0.00813  0.04769  0.38656  0.94671  0.99716
223 224	 0.50540  0.98524  1.00000  1.00000  1.00000
224 225	 0.99966  1.00000  1.00000  1.00000  1.00000
225 226	 0.91588  1.00000  1.00000  1.00000  1.00000
226 227	 0.05436  0.28442  0.96479  1.00000  1.00000
227 228	 0.00060  0.00361  0.03553  0.19510  0.35213
228 229	 0.01265  0.07338  0.53330  0.98967  0.99989
229 230	 0.00874  0.05121  0.40886  0.95733  0.99818
230 231	 0.00058  0.00344  0.03390  0.18690  0.33886
231 232	 0.00616  0.03632  0.30923  0.89135  0.98820
232 233	 0.00963  0.05631  0.43987  0.96911  0.99905
233 234	 0.00007  0.00044  0.00441  0.02619  0.05170
234 235	 0.00009  0.00052  0.00516  0.03057  0.06020
235 236	 0.00239  0.01422  0.13340  0.57645  0.82060
236 237	 0.00133  0.00796  0.07682  0.38096  0.61678
237 238	 0.00001  0.00009  0.00089  0.00531  0.01060
238 239	 0.00010  0.00058  0.00582  0.03440  0.06762
239 240	 0.02378  0.13423  0.76340  0.99982  1.00000
240 241	 0.10251  0.47670  0.99846  1.00000  1.00000
241 242	 0.00355  0.02108  0.19189  0.72151  0.92244
242 243	 0.00116  0.00694  0.06725  0.34145  0.56631
243 244	 0.03253  0.17964  0.86194  0.99999  1.00000
244 245	 0.04401  0.23624  0.93246  1.00000  1.00000
245 246	 0.00208  0.01240  0.11729  0.52696  0.77623
246 247	 0.03178  0.17581  0.85535  0.99999  1.00000
247 248	 0.52990  0.98911  1.00000  1.00000  1.00000
248 249	 0.00435  0.02579  0.22996  0.79152  0.95654
249 250	 0.02358  0.13314  0.76041  0.99981  1.00000
250 251	 0.26404  0.84051  1.00000  1.00000  1.00000
251 252	 0.03457  0.18995  0.87835  1.00000  1.00000
252 253	 0.00143  0.00850  0.08186  0.40095  0.64113
253 254	 0.00070  0.00419  0.04116  0.22290  0.39611
254 255	 0.00711  0.04181  0.34762  0.92291  0.99406
255 256	 0.01881  0.10749  0.67927  0.99891  1.00000
256 257	 0.00034  0.00203  0.02015  0.11498  0.21674
257 258	 0.00508  0.03002  0.26273  0.83939  0.97420
258 259	 0.15332  0.63085  0.99995  1.00000  1.00000
259 260	 0.05761  0.29905  0.97136  1.00000  1.00000
260 261	 0.04922  0.26081  0.95130  1.00000  1.00000
261 262	 1.00000  1.00000  1.00000  1.00000  1.00000
262 263	 0.96795  1.00000  1.00000  1.00000  1.00000
263 264	 0.03886  0.21125  0.90679  1.00000  1.00000
264 265	 0.00960  0.05612  0.43874  0.96874  0.99902
265 266	 0.38366  0.94485  1.00000  1.00000  1.00000
266 267	 0.01535  0.08844  0.60385  0.99614  0.99999
267 268	 0.53573  0.98989  1.00000  1.00000  1.00000
268 269	 0.02700  0.15114  0.80575  0.99995  1.00000
269 270	 0.35054  0.92457  1.00000  1.00000  1.00000
270 271	 1.00000  1.00000  1.00000  1.00000  1.00000
271 272	 0.99961  1.00000  1.00000  1.00000  1.00000
272 273	 0.12334  0.54535  0.99962  1.00000  1.00000
273 274	 0.00044  0.00266  0.02628  0.14767  0.27353
274 275	 0.01359  0.07867  0.55929  0.99267  0.99995
275 276	 0.12340  0.54554  0.99962  1.00000  1.00000
276 277	 0.00237  0.01412  0.13253  0.57388  0.81842
277 278	 0.00163  0.00971  0.09297  0.44316  0.68993
278 279	 0.04332  0.23291  0.92945  1.00000  1.00000
279 280	 0.09066  0.43395  0.99662  1.00000  1.00000
280 281	 0.00642  0.03781  0.31986  0.90101  0.99020
282 283	 0.26366  0.84001  1.00000  1.00000  1.00000
283 284	 0.00875  0.05123  0.40898  0.95738  0.99818
284 285	 0.00132  0.00790  0.07625  0.37866  0.61394
285 286	 0.01408  0.08142  0.57226  0.99388  0.99996
286 287	 0.01145  0.06661  0.49806  0.98401  0.99974
287 288	 0.00133  0.00796  0.07685  0.38108  0.61694
288 289	 0.00180  0.01074  0.10240  0.47699  0.72646
289 290	 0.03029  0.16818  0.84140  0.99998  1.00000
290 291	 0.13561  0.58213  0.99984  1.00000  1.00000
291 292	 0.00292  0.01734  0.16044  0.64980  0.87736
292 293	 0.03279  0.18097  0.86418  0.99999  1.00000
293 294	 0.98415  1.00000  1.00000  1.00000  1.00000
294 295	 0.69610  0.99920  1.00000  1.00000  1.00000
295 296	 0.01417  0.08193  0.57462  0.99408  0.99996
296 297	 0.00118  0.00706  0.06839  0.34628  0.57265
297 298	 0.10585  0.48824  0.99877  1.00000  1.00000
298 299	 0.00948  0.05544  0.43467  0.96735  0.99893
299 300	 0.00059  0.00353  0.03471  0.19100  0.34553
300 301	 0.01061  0.06187  0.47200  0.97833  0.99953
301 302	 0.01201  0.06978  0.51485  0.98696  0.99983
302 303	 0.00049  0.00295  0.02910  0.16239  0.29841
303 304	 0.00289  0.01718  0.15912  0.64650  0.87504
304 305	 0.00609  0.03594  0.30649  0.88875  0.98762
305 306	 0.00319  0.01894  0.17406  0.68254  0.89922
306 307	 0.00031  0.00184  0.01829  0.10487  0.19874
307 308	 0.16262  0.65447  0.99998  1.00000  1.00000
308 309	 0.36915  0.93661  1.00000  1.00000  1.00000
309 310	 0.00162  0.00963  0.09224  0.44044  0.68689
