# ResID Deuterated fraction, Times /
1 2	 0.95939  0.96485  1.00000  1.00000  1.00000
2 3	 0.00938  0.00000  0.10207  0.43938  0.69373
3 4	 0.02115  0.00000  0.02972  0.07383  0.11059
4 5	 0.00000  0.01752  0.00577  0.00000  0.03954
5 6	 0.02700  0.04563  0.00784  0.01301  0.05725
6 7	 0.01944  0.03057  0.01143  0.14256  0.22992
7 8	 0.00000  0.07865  0.16547  0.64815  0.86259
8 9	 0.02078  0.02172  0.01119  0.19474  0.34657
9 10	 0.00000  0.05451  0.05346  0.31923  0.54545
10 11	 0.41969  0.98369  1.00000  1.00000  0.97503
11 12	 0.05576  0.25167  1.00000  0.97425  1.00000
12 13	 0.02778  0.09041  0.62048  1.00000  1.00000
13 14	 0.00874  0.00000  0.25286  0.83542  0.97856
14 15	 0.00000  0.00512  0.05474  0.47249  0.69563
15 16	 0.00000  0.03657  0.07138  0.18489  0.34917
16 17	 0.01138  0.00997  0.00000  0.05187  0.12476
17 18	 0.02065  0.00000  0.04810  0.13610  0.24541
18 19	 0.00000  0.00000  0.05466  0.04370  0.10311
19 20	 0.00000  0.00000  0.09289  0.33722  0.62108
20 21	 0.01527  0.11426  0.69436  0.97272  1.00000
21 22	 0.01442  0.00000  0.00988  0.03598  0.07026
22 23	 0.00505  0.00000  0.09098  0.31257  0.53694
23 24	 0.00914  0.04953  0.40671  0.93393  0.98201
24 25	 0.01791  0.08783  0.50560  1.00000  1.00000
25 26	 0.01763  0.00000  0.00000  0.01357  0.03441
26 27	 0.00000  0.01490  0.04721  0.18734  0.33301
27 28	 0.49462  0.98925  1.00000  0.99986  0.97580
28 29	 0.21651  0.74304  0.98411  0.97690  1.00000
29 30	 0.11334  0.65271  0.99263  0.97581  1.00000
30 31	 0.98362  1.00000  1.00000  1.00000  1.00000
31 32	 0.57494  1.00000  0.97661  1.00000  1.00000
32 33	 0.04198  0.25244  0.92636  0.98258  0.99715
33 34	 0.00000  0.01995  0.03712  0.14713  0.20584
34 35	 0.02185  0.00000  0.07082  0.34807  0.55109
35 36	 0.16142  0.72457  0.99821  1.00000  0.99823
36 37	 0.00000  0.03336  0.21596  0.76581  0.95866
37 38	 0.00205  0.09470  0.68229  0.98225  1.00000
38 39	 0.00000  0.01478  0.02358  0.16004  0.33891
39 40	 0.63318  0.97397  0.96727  1.00000  1.00000
40 41	 0.73904  0.99276  0.99180  0.99145  1.00000
41 42	 0.23121  0.73914  1.00000  0.98569  0.99910
42 43	 0.03692  0.28498  0.94046  1.00000  0.99455
43 44	 0.00884  0.29852  0.96435  0.99660  1.00000
44 45	 0.49023  0.97533  0.98900  0.99120  1.00000
45 46	 0.91062  1.00000  0.99096  1.00000  1.00000
46 47	 0.08113  0.31695  0.98389  1.00000  1.00000
47 48	 0.00000  0.00000  0.00512  0.02472  0.07472
48 49	 0.02744  0.00000  0.09345  0.43822  0.64703
49 50	 0.00000  0.10304  0.57954  1.00000  1.00000
50 51	 0.00000  0.00195  0.06896  0.33112  0.55398
51 52	 0.00000  0.00000  0.00000  0.00843  0.02109
52 53	 0.01253  0.02310  0.15387  0.65048  0.88994
53 54	 0.18630  0.74434  0.98758  0.97619  1.00000
54 55	 0.05646  0.17452  0.76248  1.00000  1.00000
55 56	 0.00000  0.00003  0.20857  0.70795  0.90851
56 57	 0.03432  0.00025  0.00957  0.13535  0.22123
57 58	 0.00000  0.00000  0.04635  0.14427  0.24508
58 59	 0.04261  0.00000  0.01956  0.07630  0.18385
59 60	 0.00000  0.05834  0.01077  0.01732  0.00000
60 61	 0.01544  0.00000  0.00000  0.01875  0.06568
61 62	 0.02148  0.00205  0.01756  0.03275  0.15176
62 63	 0.00703  0.00000  0.03835  0.11040  0.30374
64 65	 0.01207  0.10643  0.58170  0.96354  0.98955
65 66	 0.00000  0.00000  0.05773  0.18310  0.36385
66 67	 0.01614  0.00728  0.03312  0.17462  0.29759
67 68	 0.03198  0.01404  0.03075  0.03153  0.08091
68 69	 0.06024  0.51026  1.00000  0.98442  1.00000
69 70	 0.74712  0.96968  0.99958  0.99457  1.00000
70 71	 0.03411  0.04477  0.23808  0.83314  0.96525
72 73	 0.19869  0.68976  1.00000  1.00000  0.98731
73 74	 0.00652  0.00000  0.10889  0.53439  0.75035
74 75	 0.00610  0.00000  0.07070  0.30814  0.48883
75 76	 0.03440  0.03346  0.20694  0.77804  0.96550
76 77	 0.27764  0.82822  0.96080  0.98734  1.00000
77 78	 0.10469  0.53932  0.99221  0.99211  1.00000
78 79	 0.00963  0.00223  0.13029  0.57789  0.86878
80 81	 0.63248  0.97466  1.00000  0.99351  1.00000
81 82	 0.50875  0.98930  0.99255  1.00000  0.98163
82 83	 0.06154  0.34707  1.00000  0.97263  0.99006
84 85	 0.07765  0.37736  1.00000  1.00000  1.00000
85 86	 0.13516  0.53449  0.98634  1.00000  1.00000
86 87	 0.34017  0.89684  1.00000  1.00000  0.94777
87 88	 1.00000  1.00000  1.00000  0.97525  0.98588
88 89	 0.09832  0.40184  0.99112  0.94994  1.00000
89 90	 0.00000  0.00000  0.00914  0.04277  0.08574
90 91	 0.00000  0.00000  0.07614  0.36190  0.57416
91 92	 0.01871  0.09965  0.55310  0.98666  1.00000
92 93	 0.00756  0.03060  0.07809  0.20629  0.43211
93 94	 0.00000  0.02126  0.31280  0.84728  0.95212
94 95	 0.08443  0.36241  0.95388  1.00000  0.97963
95 96	 0.02683  0.15482  0.72967  0.98524  0.97555
96 97	 0.00501  0.03062  0.01966  0.06234  0.11487
97 98	 0.00000  0.06616  0.56999  0.98507  0.99722
98 99	 0.02969  0.03922  0.00000  0.11012  0.17940
99 100	 0.00137  0.01106  0.01558  0.17175  0.25162
100 101	 0.02584  0.12134  0.65497  1.00000  0.98155
101 102	 0.04154  0.24716  0.96547  0.99971  0.99210
102 103	 0.00000  0.10761  0.46175  1.00000  1.00000
103 104	 0.00000  0.00000  0.11783  0.53336  0.79455
105 106	 0.27127  0.83741  1.00000  0.97827  0.99165
106 107	 0.02374  0.10906  0.63617  1.00000  0.99815
107 108	 0.00481  0.00000  0.04624  0.31345  0.55426
108 109	 0.00119  0.00000  0.06191  0.31074  0.48658
109 110	 0.08450  0.35333  1.00000  0.98528  0.99303
110 111	 0.34735  0.93712  1.00000  1.00000  1.00000
111 112	 0.04951  0.43679  0.96383  0.98277  0.96455
112 113	 0.00000  0.00000  0.00273  0.03930  0.07445
113 114	 0.00000  0.00000  0.02537  0.01518  0.08296
114 115	 0.03016  0.00000  0.11590  0.45196  0.74005
115 116	 0.02375  0.10975  0.64491  1.00000  0.99001
116 117	 0.00145  0.07136  0.59552  0.99377  1.00000
117 118	 0.08229  0.44253  0.98031  1.00000  0.97409
118 119	 0.04625  0.00000  0.00000  0.17703  0.30809
120 121	 0.00000  0.03191  0.01985  0.16440  0.20393
121 122	 0.00000  0.01138  0.04140  0.37557  0.56804
122 123	 0.00000  0.01124  0.17188  0.71625  0.92514
123 124	 0.02381  0.02504  0.04587  0.20856  0.38509
124 125	 0.00000  0.00000  0.00128  0.00000  0.00000
125 126	 0.03403  0.00000  0.03704  0.00000  0.01525
126 127	 0.00000  0.00000  0.00000  0.04258  0.00677
127 128	 0.00000  0.00922  0.01588  0.04108  0.06731
128 129	 0.00660  0.01148  0.28715  0.87092  0.97352
129 130	 0.06916  0.21531  0.93499  0.99084  1.00000
131 132	 0.08167  0.29671  0.97107  1.00000  0.98554
132 133	 0.02219  0.11489  0.69732  0.99140  0.99975
133 134	 0.03354  0.03030  0.13205  0.54234  0.78869
135 136	 0.16733  0.69020  1.00000  0.97224  1.00000
136 137	 0.07101  0.35085  1.00000  0.99852  0.96836
137 138	 0.00000  0.00000  0.09749  0.32605  0.52846
138 139	 0.02565  0.16920  0.79048  1.00000  1.00000
139 140	 0.20055  0.71662  0.96703  0.96760  0.99644
140 141	 0.05933  0.07099  0.54536  0.96047  1.00000
141 142	 0.02543  0.00000  0.13722  0.54660  0.80607
142 143	 0.02811  0.00551  0.00000  0.01123  0.00229
143 144	 0.02136  0.00000  0.01371  0.04580  0.15307
144 145	 0.00130  0.00000  0.15896  0.58221  0.86276
145 146	 0.46013  0.99277  0.97097  1.00000  0.98302
146 147	 0.80606  0.99952  0.98804  1.00000  0.99796
147 148	 0.07254  0.34408  0.99180  0.98191  0.99819
149 150	 0.03687  0.11621  0.66326  0.95482  1.00000
150 151	 0.00000  0.00000  0.00000  0.14439  0.19685
151 152	 0.03239  0.02024  0.05726  0.39586  0.57999
152 153	 0.04138  0.01496  0.20338  0.75315  0.93552
153 154	 0.00000  0.00000  0.04709  0.44834  0.72768
154 155	 0.00000  0.01455  0.08318  0.36802  0.58160
155 156	 0.00000  0.05221  0.08847  0.46015  0.63918
156 157	 0.04867  0.10230  0.59346  0.96665  1.00000
157 158	 0.03535  0.06939  0.14524  0.61191  0.86138
158 159	 0.04896  0.00000  0.00000  0.12977  0.16332
159 160	 0.00000  0.02652  0.00000  0.00000  0.01898
160 161	 0.00000  0.02019  0.00754  0.08981  0.21013
162 163	 0.00000  0.04575  0.16501  0.71605  0.92165
164 165	 0.10232  0.42726  1.00000  1.00000  0.97090
166 167	 0.63982  1.00000  1.00000  1.00000  0.97302
167 168	 1.00000  1.00000  0.99158  1.00000  1.00000
168 169	 0.08548  0.36487  1.00000  0.98048  1.00000
169 170	 0.00723  0.01721  0.00560  0.07608  0.10919
170 171	 0.04108  0.25140  0.91669  0.97664  0.99177
171 172	 0.20979  0.77998  1.00000  1.00000  1.00000
172 173	 0.00584  0.01042  0.03894  0.16748  0.30986
173 174	 0.00000  0.00004  0.02094  0.07628  0.06107
174 175	 0.00000  0.09402  0.67278  1.00000  1.00000
175 176	 0.52527  0.97753  1.00000  1.00000  1.00000
176 177	 0.34314  0.93127  1.00000  0.99208  0.96259
177 178	 0.01078  0.11981  0.67978  0.99348  0.98886
178 179	 0.00000  0.00000  0.00000  0.00000  0.12197
179 180	 0.01297  0.01342  0.01483  0.10434  0.19545
180 181	 0.00000  0.00341  0.02366  0.01322  0.07204
181 182	 0.00000  0.01386  0.02420  0.03530  0.08405
182 183	 0.01000  0.06796  0.44463  1.00000  1.00000
183 184	 0.00000  0.06213  0.11978  0.52191  0.80948
185 186	 0.01510  0.00590  0.08039  0.37986  0.62152
186 187	 0.01638  0.09311  0.56142  0.97543  0.97697
187 188	 0.01365  0.15945  0.85436  0.99428  1.00000
188 189	 0.00000  0.02281  0.02101  0.03743  0.00000
189 190	 0.00000  0.00000  0.00000  0.07227  0.06979
190 191	 0.05792  0.42421  0.94429  0.97917  1.00000
191 192	 0.02079  0.19642  0.80890  0.97784  1.00000
192 193	 0.00000  0.11597  0.64276  0.98036  0.98636
193 194	 0.00000  0.03775  0.04110  0.23276  0.39552
194 195	 0.01193  0.04730  0.13171  0.53034  0.76160
195 196	 0.24457  0.86410  0.99515  0.98806  1.00000
196 197	 0.03135  0.14932  0.84244  0.97914  1.00000
197 198	 0.03393  0.14928  0.79934  0.98567  1.00000
199 200	 0.02780  0.00000  0.05254  0.27212  0.46566
200 201	 0.00635  0.01171  0.00925  0.00913  0.02021
201 202	 0.01920  0.00000  0.01561  0.01201  0.05872
202 203	 0.00000  0.01790  0.00000  0.10128  0.20051
203 204	 0.01522  0.19988  0.92652  1.00000  1.00000
204 205	 0.08953  0.48093  0.97227  0.99848  1.00000
205 206	 0.84561  0.99243  0.96650  0.95849  0.95176
206 207	 0.03305  0.19242  0.84459  1.00000  1.00000
207 208	 0.00000  0.02192  0.12540  0.42820  0.70966
208 209	 0.00227  0.01173  0.04654  0.20218  0.36937
209 210	 0.01209  0.12928  0.65879  1.00000  0.95923
210 211	 0.01200  0.00000  0.00000  0.00000  0.00000
211 212	 0.01855  0.03297  0.02704  0.00000  0.02500
212 213	 0.00000  0.00669  0.00000  0.03224  0.01265
213 214	 0.00397  0.00000  0.00000  0.00000  0.03241
214 215	 0.00823  0.00000  0.00000  0.03690  0.00000
215 216	 0.00000  0.04508  0.00000  0.01567  0.01070
216 217	 0.04934  0.19473  0.89614  0.96041  0.99506
217 218	 0.95732  1.00000  0.99961  0.98741  0.98635
218 219	 0.12419  0.55301  0.99563  1.00000  1.00000
219 220	 0.01819  0.03480  0.21456  0.78306  0.98368
220 221	 0.05824  0.20828  0.91384  1.00000  0.96246
221 222	 0.03695  0.27507  0.96779  0.96689  0.98065
222 223	 0.00724  0.10637  0.40845  0.91943  0.95105
223 224	 0.51469  0.96451  0.98683  1.00000  1.00000
224 225	 1.00000  1.00000  1.00000  1.00000  1.00000
225 226	 0.90538  1.00000  1.00000  0.98148  1.00000
226 227	 0.04000  0.28333  0.96322  1.00000  1.00000
227 228	 0.02020  0.00000  0.01599  0.18616  0.36615
228 229	 0.03365  0.03915  0.55727  0.98681  0.99870
229 230	 0.00000  0.05708  0.38792  0.96893  1.00000
230 231	 0.04720  0.00153  0.03690  0.19717  0.34924
231 232	 0.00000  0.05416  0.25318  0.88012  0.99350
232 233	 0.00000  0.07985  0.43523  0.97192  1.00000
233 234	 0.00000  0.00000  0.00000  0.00470  0.05518
234 235	 0.00000  0.00000  0.00943  0.03692  0.04330
235 236	 0.01559  0.00000  0.14852  0.57630  0.79422
236 237	 0.03153  0.01443  0.04200  0.38890  0.60226
237 238	 0.03714  0.00526  0.00238  0.00000  0.01541
238 239	 0.04399  0.02242  0.01115  0.01574  0.09761
239 240	 0.03637  0.12346  0.75024  1.00000  0.98630
240 241	 0.11092  0.47006  0.97625  0.98312  1.00000
241 242	 0.02315  0.01112  0.18948  0.71830  0.90061
242 243	 0.03138  0.00501  0.10524  0.33504  0.57697
243 244	 0.05143  0.19628  0.84756  1.00000  0.98694
244 245	 0.02795  0.18711  0.93856  1.00000  1.00000
245 246	 0.00304  0.01049  0.13378  0.51238  0.77408
246 247	 0.05300  0.18829  0.85483  0.99322  1.00000
247 248	 0.51519  0.98234  0.99793  0.99827  1.00000
248 249	 0.02133  0.04469  0.24953  0.80356  0.95727
249 250	 0.03751  0.13343  0.72870  0.99933  0.99648
250 251	 0.26550  0.85367  0.98798  0.99602  1.00000
251 252	 0.02301  0.17563  0.88718  0.98785  1.00000
252 253	 0.00709  0.00908  0.10511  0.37902  0.63241
253 254	 0.00000  0.00850  0.04724  0.20483  0.37280
254 255	 0.00000  0.05303  0.33219  0.88785  0.99469
255 256	 0.04389  0.09672  0.70775  0.97461  1.00000
256 257	 0.00169  0.00000  0.00414  0.10593  0.23051
257 258	 0.00000  0.02390  0.24029  0.82875  0.98647
258 259	 0.10892  0.63892  0.99558  1.00000  1.00000
259 260	 0.04868  0.29011  0.98051  1.00000  0.95919
260 261	 0.04710  0.21985  0.98363  0.99139  1.00000
261 262	 1.00000  0.99184  1.00000  0.98183  0.99732
262 263	 0.99853  0.99794  0.99025  0.96343  1.00000
263 264	 0.03280  0.22465  0.90663  0.98552  1.00000
264 265	 0.00861  0.01753  0.44909  0.95358  1.00000
265 266	 0.38540  0.97077  0.98349  1.00000  0.97920
266 267	 0.00000  0.05487  0.57486  0.98865  0.97531
267 268	 0.53802  1.00000  0.97812  0.97753  0.96602
268 269	 0.02105  0.14093  0.82400  1.00000  0.98444
269 270	 0.32371  0.95010  0.97702  1.00000  0.98203
270 271	 1.00000  1.00000  1.00000  0.97716  1.00000
271 272	 1.00000  1.00000  1.00000  1.00000  1.00000
272 273	 0.11324  0.56191  1.00000  1.00000  1.00000
273 274	 0.00000  0.00854  0.03223  0.13920  0.27409
274 275	 0.00000  0.10660  0.62259  1.00000  1.00000
275 276	 0.13434  0.56143  1.00000  0.99066  1.00000
276 277	 0.00000  0.03969  0.10638  0.58619  0.81661
277 278	 0.00000  0.00000  0.11072  0.45621  0.70348
278 279	 0.03012  0.23556  0.91248  1.00000  1.00000
279 280	 0.08120  0.44646  0.98954  0.97798  1.00000
280 281	 0.00000  0.00491  0.34865  0.89471  0.98858
282 283	 0.23758  0.82905  1.00000  0.99891  1.00000
283 284	 0.03891  0.05359  0.41591  0.97966  0.98502
284 285	 0.00000  0.00000  0.08478  0.34740  0.61541
285 286	 0.00191  0.09474  0.57304  1.00000  0.99835
286 287	 0.00886  0.06310  0.50256  1.00000  0.97569
287 288	 0.00000  0.00000  0.00646  0.36604  0.59318
288 289	 0.02824  0.02630  0.10078  0.45885  0.74842
289 290	 0.01383  0.16658  0.84586  1.00000  0.98853
290 291	 0.13489  0.56342  1.00000  1.00000  0.95577
291 292	 0.00771  0.04830  0.16080  0.63917  0.88201
292 293	 0.06281  0.18010  0.87440  0.99541  0.96002
293 294	 0.95787  1.00000  1.00000  0.99609  1.00000
294 295	 0.73444  1.00000  0.99688  0.97141  1.00000
295 296	 0.01079  0.08901  0.61271  1.00000  1.00000
296 297	 0.00004  0.02118  0.07592  0.35686  0.61173
297 298	 0.08248  0.49881  1.00000  1.00000  0.99921
298 299	 0.00000  0.06686  0.47562  0.97989  0.99939
299 300	 0.01519  0.00000  0.02508  0.18163  0.35789
300 301	 0.00000  0.06764  0.47869  0.98463  0.99844
301 302	 0.01539  0.10344  0.47977  0.98506  0.96649
302 303	 0.01003  0.00000  0.02997  0.13880  0.29688
303 304	 0.04283  0.02282  0.15148  0.63257  0.88594
304 305	 0.02811  0.06570  0.29961  0.89934  0.98215
305 306	 0.03216  0.02962  0.19078  0.61303  0.88266
306 307	 0.01141  0.02778  0.03078  0.11016  0.22821
307 308	 0.15094  0.62280  1.00000  1.00000  0.99132
308 309	 0.37999  0.94432  0.99476  0.99646  1.00000
309 310	 0.07039  0.03612  0.12538  0.47921  0.69959
