# ResID Deuterated fraction, Times /
1 2	 1.00000  1.00000  0.97305  1.00000  1.00000
2 3	 0.00600  0.04238  0.06925  0.45450  0.69484
3 4	 0.00000  0.00000  0.00612  0.11701  0.15083
4 5	 0.04291  0.00000  0.00000  0.00000  0.00798
5 6	 0.03173  0.00138  0.01016  0.03139  0.08299
6 7	 0.02688  0.00495  0.01343  0.10477  0.19515
7 8	 0.00599  0.00000  0.14129  0.65030  0.88849
8 9	 0.00000  0.00280  0.04657  0.19035  0.35173
9 10	 0.01942  0.00697  0.08641  0.33393  0.54497
10 11	 0.44763  0.97059  0.97481  1.00000  0.99821
11 12	 0.05364  0.25717  0.96764  1.00000  1.00000
12 13	 0.03410  0.08000  0.61533  0.99591  1.00000
13 14	 0.01117  0.00383  0.27372  0.88345  0.98883
14 15	 0.00103  0.00000  0.10816  0.45441  0.71762
15 16	 0.01656  0.00000  0.04660  0.20300  0.36225
16 17	 0.00606  0.00660  0.00000  0.09788  0.10148
17 18	 0.00000  0.00000  0.00211  0.13989  0.27754
18 19	 0.00664  0.00000  0.00000  0.07137  0.14942
19 20	 0.02245  0.00000  0.06306  0.37899  0.60825
20 21	 0.01435  0.09360  0.69352  1.00000  0.99932
21 22	 0.00000  0.00850  0.03310  0.01771  0.08926
22 23	 0.00194  0.00000  0.07928  0.32230  0.57077
23 24	 0.00000  0.05924  0.37261  0.93851  0.98992
24 25	 0.00000  0.03633  0.50984  1.00000  1.00000
25 26	 0.00000  0.00000  0.00000  0.00000  0.05963
26 27	 0.00000  0.00000  0.03599  0.22283  0.35378
27 28	 0.50126  0.95861  1.00000  0.99779  1.00000
28 29	 0.17149  0.77266  0.99184  0.99347  0.96706
29 30	 0.15357  0.62675  1.00000  1.00000  1.00000
30 31	 1.00000  1.00000  0.99969  0.99731  0.97728
31 32	 0.52907  0.98980  1.00000  0.95401  0.98496
32 33	 0.07818  0.25108  0.92781  1.00000  0.97705
33 34	 0.00000  0.00000  0.03971  0.13818  0.21656
34 35	 0.03886  0.00000  0.05345  0.34440  0.57137
35 36	 0.19800  0.69247  1.00000  1.00000  0.98188
36 37	 0.00000  0.03828  0.20605  0.75456  0.97162
37 38	 0.00000  0.09034  0.66400  1.00000  1.00000
38 39	 0.02000  0.01161  0.08125  0.17741  0.35111
39 40	 0.68676  0.98175  1.00000  0.97067  1.00000
40 41	 0.69784  0.97989  1.00000  1.00000  1.00000
41 42	 0.20528  0.77765  1.00000  0.98057  0.98816
42 43	 0.07509  0.29012  0.90091  0.98248  0.98598
43 44	 0.03997  0.24739  0.98005  1.00000  1.00000
44 45	 0.47267  1.00000  0.98249  0.97826  1.00000
45 46	 0.92344  0.99608  1.00000  1.00000  0.98920
46 47	 0.04611  0.37078  0.99702  0.97757  1.00000
47 48	 0.00000  0.01877  0.00000  0.08808  0.09969
48 49	 0.00000  0.03091  0.05739  0.42626  0.65311
49 50	 0.00438  0.10861  0.59570  1.00000  1.00000
50 51	 0.00000  0.00000  0.04168  0.31104  0.55022
51 52	 0.06517  0.00283  0.00700  0.05089  0.01502
52 53	 0.00038  0.02638  0.20527  0.65565  0.89241
53 54	 0.19733  0.69988  1.00000  1.00000  1.00000
54 55	 0.06041  0.15604  0.77619  0.99372  1.00000
55 56	 0.02994  0.01879  0.15552  0.69332  0.92839
56 57	 0.00000  0.00000  0.01261  0.09439  0.19325
57 58	 0.02947  0.04141  0.00000  0.13062  0.23719
58 59	 0.00000  0.00640  0.01674  0.07301  0.13392
59 60	 0.00700  0.00578  0.00000  0.00746  0.02647
60 61	 0.00231  0.00000  0.01020  0.04471  0.07989
61 62	 0.02713  0.00503  0.02449  0.07247  0.10274
62 63	 0.03072  0.00537  0.02352  0.17512  0.30936
64 65	 0.00572  0.06667  0.60552  1.00000  0.99518
65 66	 0.00000  0.02769  0.03349  0.19230  0.34980
66 67	 0.00236  0.01079  0.05767  0.17394  0.33042
67 68	 0.00000  0.00000  0.00463  0.08614  0.11040
68 69	 0.09411  0.48619  0.97603  0.98530  0.98386
69 70	 0.76716  1.00000  0.99905  0.98287  0.99597
70 71	 0.00000  0.04059  0.21750  0.79503  0.97309
72 73	 0.21260  0.73568  0.99525  0.99710  1.00000
73 74	 0.02918  0.00000  0.11236  0.50872  0.75680
74 75	 0.01248  0.02680  0.03802  0.25627  0.52952
75 76	 0.00000  0.00000  0.24441  0.75962  0.98137
76 77	 0.29477  0.83003  1.00000  0.98551  1.00000
77 78	 0.11494  0.50546  1.00000  1.00000  0.98016
78 79	 0.00000  0.00000  0.12698  0.56240  0.82968
80 81	 0.65636  0.97408  0.98767  1.00000  0.99948
81 82	 0.55265  0.97157  1.00000  1.00000  0.97958
82 83	 0.07219  0.34483  1.00000  0.96760  1.00000
84 85	 0.10919  0.32832  0.98941  0.99722  0.98778
85 86	 0.12122  0.50792  1.00000  1.00000  1.00000
86 87	 0.33896  0.92436  1.00000  1.00000  1.00000
87 88	 1.00000  0.99600  0.96974  1.00000  0.97943
88 89	 0.08154  0.43367  0.97523  1.00000  1.00000
89 90	 0.01186  0.00540  0.03187  0.02899  0.12750
90 91	 0.01273  0.00000  0.06868  0.34990  0.55896
91 92	 0.00859  0.08051  0.51369  0.98410  0.99762
92 93	 0.01636  0.00850  0.05334  0.21563  0.40723
93 94	 0.03174  0.04517  0.27502  0.84600  1.00000
94 95	 0.08139  0.34482  0.97099  1.00000  0.97820
95 96	 0.03780  0.14653  0.73768  0.98219  1.00000
96 97	 0.00000  0.00000  0.00525  0.08742  0.10722
97 98	 0.01311  0.08972  0.54541  0.98999  1.00000
98 99	 0.00000  0.00000  0.01750  0.07629  0.16098
99 100	 0.00555  0.00000  0.04200  0.09662  0.25718
100 101	 0.00000  0.08765  0.65982  0.99563  1.00000
101 102	 0.05105  0.29112  0.96954  1.00000  0.97647
102 103	 0.02353  0.05171  0.51263  0.96523  1.00000
103 104	 0.00214  0.01013  0.10851  0.51276  0.77586
105 106	 0.29154  0.85171  1.00000  0.97656  0.97686
106 107	 0.03102  0.11270  0.63609  1.00000  0.99499
107 108	 0.00000  0.00000  0.07845  0.31258  0.54021
108 109	 0.01225  0.02486  0.04791  0.29606  0.48952
109 110	 0.06197  0.31804  1.00000  0.97859  0.99277
110 111	 0.33675  0.91877  1.00000  0.99815  1.00000
111 112	 0.07756  0.43524  0.99186  0.99812  1.00000
112 113	 0.04387  0.00000  0.01426  0.00958  0.07550
113 114	 0.00429  0.00410  0.00000  0.00000  0.07432
114 115	 0.00894  0.00021  0.07866  0.42398  0.70011
115 116	 0.00953  0.10277  0.64825  0.99342  0.97010
116 117	 0.02572  0.04550  0.62393  0.97762  1.00000
117 118	 0.05255  0.41810  1.00000  1.00000  1.00000
118 119	 0.01226  0.02297  0.05742  0.16590  0.33547
120 121	 0.01009  0.04340  0.04052  0.11989  0.22014
121 122	 0.01670  0.03174  0.07201  0.30779  0.58472
122 123	 0.00249  0.02624  0.18839  0.75175  0.94010
123 124	 0.00000  0.00613  0.01234  0.21631  0.39116
124 125	 0.01030  0.00000  0.00000  0.00000  0.00000
125 126	 0.03931  0.00745  0.00560  0.00000  0.00543
126 127	 0.00000  0.00000  0.00000  0.02978  0.00000
127 128	 0.01542  0.00000  0.00000  0.07522  0.09580
128 129	 0.00000  0.01603  0.28657  0.84034  1.00000
129 130	 0.04680  0.21382  0.90863  1.00000  1.00000
131 132	 0.05298  0.27714  0.95620  1.00000  1.00000
132 133	 0.03732  0.11103  0.69739  0.99507  0.97275
133 134	 0.02118  0.03835  0.07914  0.55386  0.79577
135 136	 0.20295  0.67473  0.99899  0.97937  0.98807
136 137	 0.07035  0.33044  0.98521  0.97632  0.97878
137 138	 0.01358  0.01082  0.05752  0.29141  0.52798
138 139	 0.04631  0.13392  0.76757  0.97902  1.00000
139 140	 0.21754  0.74260  1.00000  1.00000  1.00000
140 141	 0.00000  0.08152  0.54813  0.98740  1.00000
141 142	 0.00965  0.00000  0.12855  0.54137  0.83919
142 143	 0.04633  0.00587  0.00000  0.02334  0.05354
143 144	 0.00000  0.00895  0.02158  0.09636  0.18024
144 145	 0.00000  0.00000  0.14114  0.59902  0.81251
145 146	 0.41413  0.96377  1.00000  0.99307  0.97726
146 147	 0.81084  1.00000  1.00000  0.97151  0.99988
147 148	 0.07542  0.31642  0.96751  0.97567  1.00000
149 150	 0.00984  0.11926  0.67522  1.00000  1.00000
150 151	 0.00000  0.00000  0.00693  0.12063  0.17537
151 152	 0.00000  0.02705  0.08294  0.39332  0.60296
152 153	 0.00000  0.01306  0.22310  0.76964  0.90361
153 154	 0.01148  0.00515  0.09075  0.50995  0.73548
154 155	 0.00000  0.00000  0.09118  0.33627  0.55915
155 156	 0.00000  0.02879  0.10290  0.45285  0.69461
156 157	 0.01668  0.10006  0.63015  1.00000  0.97868
157 158	 0.01638  0.00000  0.11581  0.61351  0.84337
158 159	 0.00000  0.00000  0.02528  0.09842  0.17192
159 160	 0.00476  0.01593  0.00000  0.00000  0.00286
160 161	 0.00000  0.01408  0.01009  0.11019  0.22951
162 163	 0.01483  0.01241  0.20184  0.64564  0.89563
164 165	 0.08992  0.47261  1.00000  1.00000  1.00000
166 167	 0.66472  0.99780  1.00000  0.97389  1.00000
167 168	 0.98989  1.00000  1.00000  1.00000  0.97576
168 169	 0.08122  0.41469  0.98500  1.00000  0.99236
169 170	 0.00010  0.04759  0.03325  0.03633  0.07159
170 171	 0.06659  0.22641  0.92333  0.99158  0.99064
171 172	 0.22347  0.75190  1.00000  0.99587  0.98465
172 173	 0.00186  0.01157  0.01115  0.16296  0.25336
173 174	 0.00000  0.00644  0.01666  0.02388  0.04239
174 175	 0.01569  0.10075  0.65978  1.00000  1.00000
175 176	 0.50558  1.00000  1.00000  0.99728  1.00000
176 177	 0.33679  0.91243  1.00000  1.00000  1.00000
177 178	 0.03687  0.14265  0.73615  0.95823  1.00000
178 179	 0.00000  0.00000  0.00870  0.07068  0.05563
179 180	 0.01480  0.00000  0.00000  0.12323  0.22275
180 181	 0.01876  0.02613  0.02561  0.04319  0.04791
181 182	 0.01689  0.01828  0.00683  0.00000  0.04837
182 183	 0.00000  0.06798  0.46555  0.97135  0.96275
183 184	 0.01110  0.01683  0.12215  0.53413  0.77084
185 186	 0.00000  0.00000  0.09820  0.38242  0.60844
186 187	 0.04242  0.07504  0.50054  0.97689  0.99627
187 188	 0.01595  0.17001  0.86312  0.96416  0.98822
188 189	 0.00694  0.00000  0.00515  0.00169  0.00000
189 190	 0.00965  0.00771  0.02088  0.01855  0.07439
190 191	 0.05155  0.39939  1.00000  0.96093  0.99927
191 192	 0.02171  0.18423  0.86479  0.98694  0.98168
192 193	 0.00868  0.08725  0.68044  0.98687  1.00000
193 194	 0.00000  0.01892  0.04765  0.22837  0.42809
194 195	 0.00511  0.00000  0.09650  0.53624  0.77282
195 196	 0.22779  0.86429  1.00000  1.00000  1.00000
196 197	 0.04363  0.16808  0.83063  1.00000  0.95730
197 198	 0.02665  0.14241  0.78721  1.00000  1.00000
199 200	 0.00550  0.02340  0.04662  0.27417  0.46740
200 201	 0.00000  0.00000  0.01098  0.00000  0.04301
201 202	 0.00000  0.00000  0.00000  0.02156  0.05139
202 203	 0.00793  0.01025  0.02427  0.08973  0.18606
203 204	 0.04601  0.18181  0.91195  0.99334  0.97714
204 205	 0.13440  0.49953  0.96887  0.98398  1.00000
205 206	 0.83050  0.98369  0.98797  0.98151  1.00000
206 207	 0.00739  0.16849  0.84390  1.00000  1.00000
207 208	 0.00002  0.00235  0.09120  0.45721  0.73492
208 209	 0.00647  0.04603  0.00404  0.24680  0.36195
209 210	 0.00232  0.09704  0.66057  0.95592  0.98976
210 211	 0.01990  0.00000  0.00000  0.00000  0.01058
211 212	 0.02344  0.00000  0.00000  0.00000  0.01505
212 213	 0.00838  0.00000  0.00000  0.03071  0.00000
213 214	 0.00000  0.00000  0.00000  0.00000  0.02287
214 215	 0.00000  0.01525  0.00000  0.01287  0.00000
215 216	 0.00899  0.00000  0.01223  0.00000  0.00000
216 217	 0.04405  0.19328  0.88490  1.00000  1.00000
217 218	 0.99548  0.97412  0.98569  1.00000  0.99448
218 219	 0.13902  0.55144  1.00000  0.99725  1.00000
219 220	 0.00000  0.02724  0.22513  0.79508  0.94119
220 221	 0.03519  0.28085  0.95976  0.98296  0.98419
221 222	 0.04874  0.24434  0.94583  0.97451  1.00000
222 223	 0.00908  0.04732  0.42034  0.96986  0.99381
223 224	 0.50355  0.98271  0.98224  0.99645  1.00000
224 225	 1.00000  0.96594  1.00000  1.00000  0.98948
225 226	 0.91576  0.98756  0.99469  0.97759  1.00000
226 227	 0.07645  0.29357  0.96927  0.97982  0.99818
227 228	 0.00088  0.00863  0.02152  0.18355  0.36647
228 229	 0.00562  0.08604  0.51783  0.98412  0.98730
229 230	 0.00000  0.04366  0.40786  0.96104  1.00000
230 231	 0.05504  0.01745  0.01303  0.19359  0.33014
231 232	 0.01065  0.01094  0.32967  0.89900  0.97339
232 233	 0.00902  0.07330  0.43206  0.96601  1.00000
233 234	 0.00000  0.00000  0.02286  0.00000  0.02163
234 235	 0.00000  0.00000  0.00000  0.00000  0.08341
235 236	 0.02602  0.01218  0.14057  0.55252  0.80443
236 237	 0.00000  0.00000  0.08205  0.36837  0.60408
237 238	 0.00209  0.03238  0.00000  0.02622  0.00000
238 239	 0.00000  0.00701  0.00000  0.01542  0.07791
239 240	 0.03950  0.15694  0.79095  0.98597  1.00000
240 241	 0.05796  0.47506  0.98702  1.00000  1.00000
241 242	 0.02144  0.00740  0.22587  0.72260  0.91006
242 243	 0.00027  0.00000  0.04847  0.37228  0.57705
243 244	 0.01137  0.18521  0.88729  1.00000  1.00000
244 245	 0.04189  0.22325  0.94580  0.99071  1.00000
245 246	 0.01514  0.02680  0.09752  0.55713  0.76501
246 247	 0.03515  0.20604  0.85217  0.97083  1.00000
247 248	 0.54061  1.00000  0.99793  0.96854  1.00000
248 249	 0.00000  0.01535  0.22372  0.76096  0.94521
249 250	 0.02124  0.16602  0.74974  0.96986  1.00000
250 251	 0.28080  0.84440  1.00000  1.00000  1.00000
251 252	 0.03588  0.16093  0.90362  1.00000  0.99526
252 253	 0.02309  0.00230  0.05754  0.39500  0.67852
253 254	 0.00000  0.03155  0.02480  0.29315  0.40326
254 255	 0.03734  0.02576  0.32167  0.92518  0.99216
255 256	 0.01537  0.09388  0.68019  0.99721  1.00000
256 257	 0.02629  0.00752  0.00978  0.11802  0.22006
257 258	 0.02254  0.02380  0.26547  0.84299  0.97316
258 259	 0.15072  0.63672  0.99297  1.00000  0.97116
259 260	 0.07806  0.30518  0.99875  1.00000  0.97450
260 261	 0.09146  0.27503  0.98400  1.00000  0.96321
261 262	 1.00000  0.99184  1.00000  1.00000  0.95913
262 263	 0.95932  1.00000  0.98474  1.00000  1.00000
263 264	 0.03085  0.24008  0.89228  0.98683  0.96732
264 265	 0.00723  0.06617  0.46354  0.98475  0.99892
265 266	 0.37623  0.96588  1.00000  0.98294  0.97808
266 267	 0.03431  0.08641  0.58656  1.00000  0.99946
267 268	 0.54918  0.99253  1.00000  1.00000  0.98622
268 269	 0.02236  0.14623  0.81523  0.96994  0.98732
269 270	 0.38725  0.92433  0.99645  0.99716  1.00000
270 271	 0.99069  0.99330  0.98706  1.00000  1.00000
271 272	 0.99098  1.00000  0.99339  0.99696  0.97353
272 273	 0.14141  0.54088  1.00000  1.00000  0.96653
273 274	 0.00000  0.03654  0.03434  0.17245  0.25044
274 275	 0.05408  0.11811  0.55664  0.97247  1.00000
275 276	 0.17940  0.54830  1.00000  0.97425  1.00000
276 277	 0.00453  0.00445  0.09338  0.56673  0.81310
277 278	 0.00000  0.01263  0.07671  0.46205  0.66685
278 279	 0.00064  0.26759  0.92698  0.99825  1.00000
279 280	 0.09789  0.45801  0.98741  1.00000  0.97250
280 281	 0.04378  0.00596  0.32431  0.90674  0.99277
282 283	 0.22704  0.82582  1.00000  1.00000  1.00000
283 284	 0.00000  0.08827  0.41023  0.94545  1.00000
284 285	 0.00000  0.00013  0.11804  0.39437  0.58945
285 286	 0.03227  0.07393  0.60993  1.00000  1.00000
286 287	 0.00000  0.04340  0.44941  0.97105  1.00000
287 288	 0.02948  0.04969  0.05965  0.40001  0.60328
288 289	 0.00000  0.02152  0.12551  0.46331  0.71653
289 290	 0.00166  0.12725  0.83052  1.00000  1.00000
290 291	 0.13732  0.59044  1.00000  1.00000  0.97294
291 292	 0.01885  0.02001  0.16077  0.63770  0.84359
292 293	 0.05948  0.15615  0.85256  1.00000  0.98193
293 294	 0.98849  1.00000  0.98900  0.98386  0.97160
294 295	 0.71143  0.99947  0.98077  1.00000  0.94651
295 296	 0.05197  0.08444  0.59193  1.00000  0.99583
296 297	 0.00000  0.00000  0.03948  0.35474  0.53548
297 298	 0.10348  0.51113  1.00000  0.97055  1.00000
298 299	 0.02859  0.03461  0.43915  0.93881  1.00000
299 300	 0.01120  0.00934  0.05506  0.20183  0.32652
300 301	 0.00000  0.05923  0.47524  0.98234  0.98424
301 302	 0.02973  0.11335  0.52677  0.98710  1.00000
302 303	 0.01088  0.00000  0.01692  0.16211  0.30718
303 304	 0.00341  0.00524  0.19739  0.65649  0.87364
304 305	 0.02956  0.03885  0.28473  0.87733  0.95027
305 306	 0.01108  0.02384  0.14776  0.70741  0.92538
306 307	 0.00000  0.00000  0.00718  0.09998  0.21112
307 308	 0.12489  0.65548  1.00000  1.00000  0.99633
308 309	 0.38607  0.93597  1.00000  1.00000  1.00000
309 310	 0.02446  0.01403  0.09888  0.42564  0.74731
