 1.00000  1.00000  1.00000  1.00000  1.00000
 0.00165  0.00985  0.09421  0.44770  0.69497
 0.00013  0.00077  0.00766  0.04508  0.08813
 0.00001  0.00003  0.00030  0.00182  0.00364
 0.00010  0.00058  0.00580  0.03428  0.06738
 0.00029  0.00174  0.01724  0.09910  0.18838
 0.00280  0.01667  0.15476  0.63534  0.86702
 0.00060  0.00356  0.03507  0.19282  0.34845
 0.00108  0.00648  0.06290  0.32281  0.54141
 0.43463  0.96711  1.00000  1.00000  1.00000
 0.05274  0.27706  0.96101  1.00000  1.00000
 0.01480  0.08542  0.59053  0.99529  0.99998
 0.00565  0.03335  0.28765  0.86933  0.98293
 0.00167  0.00998  0.09546  0.45226  0.69999
 0.00061  0.00362  0.03561  0.19553  0.35283
 0.00017  0.00100  0.00992  0.05808  0.11278
 0.00041  0.00243  0.02401  0.13568  0.25296
 0.00015  0.00088  0.00875  0.05136  0.10009
 0.00122  0.00730  0.07065  0.35572  0.58491
 0.01994  0.11359  0.70054  0.99928  1.00000
 0.00011  0.00065  0.00647  0.03818  0.07491
 0.00111  0.00663  0.06438  0.32921  0.55004
 0.00759  0.04461  0.36644  0.93532  0.99582
 0.01157  0.06729  0.50175  0.98470  0.99977
 0.00012  0.00072  0.00721  0.04250  0.08319
 0.00063  0.00378  0.03712  0.20304  0.36485
 0.49712  0.98369  1.00000  1.00000  1.00000
 0.21816  0.77091  1.00000  1.00000  1.00000
 0.15613  0.63815  0.99996  1.00000  1.00000
 1.00000  1.00000  1.00000  1.00000  1.00000
 0.51898  0.98750  1.00000  1.00000  1.00000
 0.04740  0.25234  0.94542  1.00000  1.00000
 0.00037  0.00222  0.02201  0.12503  0.23442
 0.00117  0.00699  0.06770  0.34335  0.56881
 0.17965  0.69446  0.99999  1.00000  1.00000
 0.00400  0.02370  0.21325  0.76285  0.94376
 0.01774  0.10163  0.65757  0.99839  1.00000
 0.00057  0.00339  0.03343  0.18456  0.33506
 0.65688  0.99835  1.00000  1.00000  1.00000
 0.71869  0.99950  1.00000  1.00000  1.00000
 0.21654  0.76800  1.00000  1.00000  1.00000
 0.04879  0.25879  0.94995  1.00000  1.00000
 0.05422  0.28382  0.96450  1.00000  1.00000
 0.47066  0.97783  1.00000  1.00000  1.00000
 0.93179  1.00000  1.00000  1.00000  1.00000
 0.06477  0.33032  0.98186  1.00000  1.00000
 0.00014  0.00082  0.00815  0.04794  0.09357
 0.00154  0.00916  0.08796  0.42444  0.66873
 0.01378  0.07970  0.56421  0.99315  0.99995
 0.00106  0.00633  0.06155  0.31692  0.53340
 0.00006  0.00038  0.00381  0.02263  0.04474
 0.00297  0.01767  0.16333  0.65698  0.88234
 0.19263  0.72232  1.00000  1.00000  1.00000
 0.02471  0.13914  0.77648  0.99988  1.00000
 0.00338  0.02010  0.18372  0.70417  0.91249
 0.00034  0.00202  0.02006  0.11449  0.21587
 0.00037  0.00224  0.02219  0.12596  0.23606
 0.00022  0.00135  0.01337  0.07761  0.14920
 0.00000  0.00000  0.00005  0.00027  0.00054
 0.00012  0.00069  0.00688  0.04056  0.07947
 0.00019  0.00115  0.01140  0.06647  0.12851
 0.00048  0.00288  0.02843  0.15890  0.29254
 0.01603  0.09220  0.61990  0.99698  0.99999
 0.00061  0.00365  0.03593  0.19712  0.35539
 0.00052  0.00311  0.03068  0.17053  0.31198
 0.00015  0.00093  0.00921  0.05403  0.10514
 0.10255  0.47684  0.99846  1.00000  1.00000
 0.76216  0.99982  1.00000  1.00000  1.00000
 0.00479  0.02831  0.24963  0.82149  0.96813
 0.19114  0.71923  1.00000  1.00000  1.00000
 0.00196  0.01168  0.11083  0.50578  0.75575
 0.00100  0.00599  0.05828  0.30251  0.51351
 0.00430  0.02549  0.22753  0.78753  0.95486
 0.28798  0.86914  1.00000  1.00000  1.00000
 0.11431  0.51656  0.99930  1.00000  1.00000
 0.00240  0.01427  0.13390  0.57790  0.82183
 0.64009  0.99780  1.00000  1.00000  1.00000
 0.54609  0.99117  1.00000  1.00000  1.00000
 0.07177  0.35977  0.98843  1.00000  1.00000
 0.06813  0.34459  0.98537  1.00000  1.00000
 0.11628  0.52299  0.99939  1.00000  1.00000
 0.34201  0.91843  1.00000  1.00000  1.00000
 0.99999  1.00000  1.00000  1.00000  1.00000
 0.07917  0.38973  0.99283  1.00000  1.00000
 0.00016  0.00097  0.00966  0.05660  0.11000
 0.00119  0.00711  0.06884  0.34815  0.57509
 0.01276  0.07402  0.53654  0.99009  0.99990
 0.00076  0.00452  0.04429  0.23800  0.41935
 0.00533  0.03149  0.27384  0.85338  0.97850
 0.06707  0.34015  0.98435  1.00000  1.00000
 0.02225  0.12603  0.74001  0.99969  1.00000
 0.00017  0.00101  0.01004  0.05877  0.11409
 0.01440  0.08316  0.58032  0.99454  0.99997
 0.00026  0.00154  0.01527  0.08817  0.16857
 0.00040  0.00241  0.02382  0.13470  0.25125
 0.01776  0.10173  0.65797  0.99840  1.00000
 0.05248  0.27587  0.96036  1.00000  1.00000
 0.01132  0.06589  0.49419  0.98325  0.99972
 0.00195  0.01165  0.11056  0.50489  0.75486
 0.27479  0.85395  1.00000  1.00000  1.00000
 0.01617  0.09300  0.62321  0.99714  0.99999
 0.00106  0.00631  0.06133  0.31595  0.53207
 0.00096  0.00571  0.05566  0.29080  0.49703
 0.07613  0.37759  0.99128  1.00000  1.00000
 0.34544  0.92095  1.00000  1.00000  1.00000
 0.08864  0.42637  0.99614  1.00000  1.00000
 0.00011  0.00064  0.00637  0.03763  0.07384
 0.00011  0.00067  0.00666  0.03928  0.07702
 0.00168  0.01004  0.09594  0.45401  0.70189
 0.01645  0.09451  0.62943  0.99741  0.99999
 0.01439  0.08312  0.58012  0.99452  0.99997
 0.08120  0.39777  0.99372  1.00000  1.00000
 0.00054  0.00324  0.03193  0.17693  0.32256
 0.00040  0.00238  0.02358  0.13338  0.24896
 0.00124  0.00741  0.07163  0.35980  0.59014
 0.00347  0.02059  0.18787  0.71308  0.91768
 0.00066  0.00396  0.03889  0.21180  0.37874
 0.00001  0.00005  0.00049  0.00294  0.00588
 0.00002  0.00014  0.00142  0.00848  0.01689
 0.00005  0.00031  0.00310  0.01843  0.03652
 0.00017  0.00101  0.01004  0.05874  0.11403
 0.00526  0.03111  0.27097  0.84986  0.97746
 0.04161  0.22468  0.92151  1.00000  1.00000
 0.05375  0.28161  0.96338  1.00000  1.00000
 0.01919  0.10952  0.68649  0.99905  1.00000
 0.00215  0.01283  0.12116  0.53927  0.78772
 0.16888  0.66963  0.99998  1.00000  1.00000
 0.06354  0.32505  0.98038  1.00000  1.00000
 0.00104  0.00620  0.06034  0.31164  0.52616
 0.02468  0.13899  0.77608  0.99987  1.00000
 0.20762  0.75179  1.00000  1.00000  1.00000
 0.01343  0.07777  0.55495  0.99223  0.99994
 0.00222  0.01324  0.12479  0.55055  0.79799
 0.00000  0.00002  0.00017  0.00105  0.00210
 0.00024  0.00141  0.01401  0.08119  0.15578
 0.00263  0.01565  0.14591  0.61182  0.84932
 0.43919  0.96867  1.00000  1.00000  1.00000
 0.81182  0.99995  1.00000  1.00000  1.00000
 0.05832  0.30219  0.97262  1.00000  1.00000
 0.01764  0.10108  0.65545  0.99833  1.00000
 0.00031  0.00186  0.01844  0.10569  0.20020
 0.00125  0.00747  0.07221  0.36216  0.59317
 0.00405  0.02402  0.21580  0.76743  0.94591
 0.00181  0.01078  0.10272  0.47811  0.72763
 0.00116  0.00690  0.06689  0.33991  0.56429
 0.00156  0.00928  0.08902  0.42844  0.67332
 0.01641  0.09432  0.62870  0.99738  0.99999
 0.00261  0.01553  0.14485  0.60894  0.84707
 0.00028  0.00166  0.01650  0.09503  0.18103
 0.00001  0.00005  0.00046  0.00278  0.00555
 0.00033  0.00200  0.01984  0.11330  0.21377
 0.00322  0.01911  0.17545  0.68573  0.90124
 0.09767  0.45951  0.99787  1.00000  1.00000
 0.66398  0.99854  1.00000  1.00000  1.00000
 1.00000  1.00000  1.00000  1.00000  1.00000
 0.07753  0.38319  0.99203  1.00000  1.00000
 0.00018  0.00107  0.01067  0.06232  0.12075
 0.04409  0.23660  0.93277  1.00000  1.00000
 0.21877  0.77198  1.00000  1.00000  1.00000
 0.00047  0.00282  0.02787  0.15599  0.28766
 0.00005  0.00029  0.00292  0.01738  0.03447
 0.01928  0.11004  0.68832  0.99908  1.00000
 0.49505  0.98329  1.00000  1.00000  1.00000
 0.33198  0.91069  1.00000  1.00000  1.00000
 0.02028  0.11544  0.70673  0.99936  1.00000
 0.00012  0.00070  0.00696  0.04106  0.08044
 0.00035  0.00210  0.02081  0.11854  0.22303
 0.00008  0.00051  0.00504  0.02989  0.05889
 0.00008  0.00047  0.00469  0.02781  0.05484
 0.01088  0.06343  0.48071  0.98039  0.99962
 0.00203  0.01208  0.11448  0.51784  0.76752
 0.00131  0.00784  0.07572  0.37654  0.61130
 0.01188  0.06903  0.51095  0.98632  0.99981
 0.03096  0.17165  0.84788  0.99999  1.00000
 0.00006  0.00033  0.00331  0.01971  0.03904
 0.00012  0.00073  0.00724  0.04268  0.08354
 0.08603  0.41646  0.99542  1.00000  1.00000
 0.03317  0.18291  0.86735  0.99999  1.00000
 0.01760  0.10088  0.65472  0.99831  1.00000
 0.00074  0.00443  0.04343  0.23388  0.41307
 0.00214  0.01272  0.12018  0.53618  0.78487
 0.26054  0.83591  1.00000  1.00000  1.00000
 0.03071  0.17031  0.84540  0.99999  1.00000
 0.02696  0.15097  0.80537  0.99995  1.00000
 0.00090  0.00539  0.05261  0.27696  0.47722
 0.00004  0.00024  0.00242  0.01441  0.02862
 0.00008  0.00048  0.00481  0.02853  0.05624
 0.00031  0.00188  0.01866  0.10689  0.20235
 0.03527  0.19347  0.88353  1.00000  1.00000
 0.11104  0.50579  0.99913  1.00000  1.00000
 0.83127  0.99998  1.00000  1.00000  1.00000
 0.02921  0.16265  0.83055  0.99998  1.00000
 0.00179  0.01066  0.10164  0.47436  0.72370
 0.00064  0.00385  0.03783  0.20654  0.37043
 0.01730  0.09920  0.64822  0.99811  1.00000
 0.00000  0.00002  0.00022  0.00133  0.00266
 0.00001  0.00004  0.00040  0.00241  0.00481
 0.00002  0.00012  0.00118  0.00704  0.01402
 0.00003  0.00018  0.00181  0.01083  0.02154
 0.00003  0.00016  0.00156  0.00934  0.01859
 0.00002  0.00010  0.00103  0.00618  0.01233
 0.03467  0.19045  0.87910  1.00000  1.00000
 0.99152  1.00000  1.00000  1.00000  1.00000
 0.12288  0.54390  0.99961  1.00000  1.00000
 0.00455  0.02692  0.23883  0.80551  0.96217
 0.05144  0.27111  0.95767  1.00000  1.00000
 0.05291  0.27784  0.96142  1.00000  1.00000
 0.00813  0.04769  0.38656  0.94671  0.99716
 0.50540  0.98524  1.00000  1.00000  1.00000
 0.99966  1.00000  1.00000  1.00000  1.00000
 0.91588  1.00000  1.00000  1.00000  1.00000
 0.05436  0.28442  0.96479  1.00000  1.00000
 0.00060  0.00361  0.03553  0.19510  0.35213
 0.01265  0.07338  0.53330  0.98967  0.99989
 0.00874  0.05121  0.40886  0.95733  0.99818
 0.00058  0.00344  0.03390  0.18690  0.33886
 0.00616  0.03632  0.30923  0.89135  0.98820
 0.00963  0.05631  0.43987  0.96911  0.99905
 0.00007  0.00044  0.00441  0.02619  0.05170
 0.00009  0.00052  0.00516  0.03057  0.06020
 0.00239  0.01422  0.13340  0.57645  0.82060
 0.00133  0.00796  0.07682  0.38096  0.61678
 0.00001  0.00009  0.00089  0.00531  0.01060
 0.00010  0.00058  0.00582  0.03440  0.06762
 0.02378  0.13423  0.76340  0.99982  1.00000
 0.10251  0.47670  0.99846  1.00000  1.00000
 0.00355  0.02108  0.19189  0.72151  0.92244
 0.00116  0.00694  0.06725  0.34145  0.56631
 0.03253  0.17964  0.86194  0.99999  1.00000
 0.04401  0.23624  0.93246  1.00000  1.00000
 0.00208  0.01240  0.11729  0.52696  0.77623
 0.03178  0.17581  0.85535  0.99999  1.00000
 0.52990  0.98911  1.00000  1.00000  1.00000
 0.00435  0.02579  0.22996  0.79152  0.95654
 0.02358  0.13314  0.76041  0.99981  1.00000
 0.26404  0.84051  1.00000  1.00000  1.00000
 0.03457  0.18995  0.87835  1.00000  1.00000
 0.00143  0.00850  0.08186  0.40095  0.64113
 0.00070  0.00419  0.04116  0.22290  0.39611
 0.00711  0.04181  0.34762  0.92291  0.99406
 0.01881  0.10749  0.67927  0.99891  1.00000
 0.00034  0.00203  0.02015  0.11498  0.21674
 0.00508  0.03002  0.26273  0.83939  0.97420
 0.15332  0.63085  0.99995  1.00000  1.00000
 0.05761  0.29905  0.97136  1.00000  1.00000
 0.04922  0.26081  0.95130  1.00000  1.00000
 1.00000  1.00000  1.00000  1.00000  1.00000
 0.96795  1.00000  1.00000  1.00000  1.00000
 0.03886  0.21125  0.90679  1.00000  1.00000
 0.00960  0.05612  0.43874  0.96874  0.99902
 0.38366  0.94485  1.00000  1.00000  1.00000
 0.01535  0.08844  0.60385  0.99614  0.99999
 0.53573  0.98989  1.00000  1.00000  1.00000
 0.02700  0.15114  0.80575  0.99995  1.00000
 0.35054  0.92457  1.00000  1.00000  1.00000
 1.00000  1.00000  1.00000  1.00000  1.00000
 0.99961  1.00000  1.00000  1.00000  1.00000
 0.12334  0.54535  0.99962  1.00000  1.00000
 0.00044  0.00266  0.02628  0.14767  0.27353
 0.01359  0.07867  0.55929  0.99267  0.99995
 0.12340  0.54554  0.99962  1.00000  1.00000
 0.00237  0.01412  0.13253  0.57388  0.81842
 0.00163  0.00971  0.09297  0.44316  0.68993
 0.04332  0.23291  0.92945  1.00000  1.00000
 0.09066  0.43395  0.99662  1.00000  1.00000
 0.00642  0.03781  0.31986  0.90101  0.99020
 0.26366  0.84001  1.00000  1.00000  1.00000
 0.00875  0.05123  0.40898  0.95738  0.99818
 0.00132  0.00790  0.07625  0.37866  0.61394
 0.01408  0.08142  0.57226  0.99388  0.99996
 0.01145  0.06661  0.49806  0.98401  0.99974
 0.00133  0.00796  0.07685  0.38108  0.61694
 0.00180  0.01074  0.10240  0.47699  0.72646
 0.03029  0.16818  0.84140  0.99998  1.00000
 0.13561  0.58213  0.99984  1.00000  1.00000
 0.00292  0.01734  0.16044  0.64980  0.87736
 0.03279  0.18097  0.86418  0.99999  1.00000
 0.98415  1.00000  1.00000  1.00000  1.00000
 0.69610  0.99920  1.00000  1.00000  1.00000
 0.01417  0.08193  0.57462  0.99408  0.99996
 0.00118  0.00706  0.06839  0.34628  0.57265
 0.10585  0.48824  0.99877  1.00000  1.00000
 0.00948  0.05544  0.43467  0.96735  0.99893
 0.00059  0.00353  0.03471  0.19100  0.34553
 0.01061  0.06187  0.47200  0.97833  0.99953
 0.01201  0.06978  0.51485  0.98696  0.99983
 0.00049  0.00295  0.02910  0.16239  0.29841
 0.00289  0.01718  0.15912  0.64650  0.87504
 0.00609  0.03594  0.30649  0.88875  0.98762
 0.00319  0.01894  0.17406  0.68254  0.89922
 0.00031  0.00184  0.01829  0.10487  0.19874
 0.16262  0.65447  0.99998  1.00000  1.00000
 0.36915  0.93661  1.00000  1.00000  1.00000
 0.00162  0.00963  0.09224  0.44044  0.68689
