# ResID Deuterated fraction, Times /
1 2	 0.98959  0.99573  1.00000  0.97340  1.00000
2 3	 0.00000  0.00000  0.09269  0.48463  0.72135
3 4	 0.00000  0.06783  0.01744  0.03721  0.07756
4 5	 0.01925  0.00000  0.00325  0.00000  0.01622
5 6	 0.00000  0.01969  0.00200  0.04503  0.03223
6 7	 0.00497  0.02364  0.00000  0.11227  0.20649
7 8	 0.00000  0.03352  0.17960  0.67120  0.87871
8 9	 0.02848  0.03428  0.06662  0.20554  0.36281
9 10	 0.00000  0.00000  0.05139  0.33417  0.55661
10 11	 0.44796  0.97163  0.98770  0.99920  1.00000
11 12	 0.05526  0.33371  0.94401  0.99442  1.00000
12 13	 0.00000  0.09593  0.62084  1.00000  0.97302
13 14	 0.02828  0.04182  0.32469  0.89716  0.98857
14 15	 0.00000  0.03586  0.10912  0.46391  0.71937
15 16	 0.00000  0.00000  0.05301  0.20124  0.34553
16 17	 0.02581  0.01560  0.00000  0.05831  0.11255
17 18	 0.01755  0.00946  0.01390  0.14688  0.26791
18 19	 0.00052  0.02780  0.05226  0.04790  0.10459
19 20	 0.00000  0.00000  0.06831  0.37008  0.59829
20 21	 0.03693  0.11066  0.72233  0.99688  1.00000
21 22	 0.00590  0.01139  0.00000  0.03622  0.07111
22 23	 0.00295  0.02108  0.08262  0.34538  0.56951
23 24	 0.00000  0.07296  0.41093  0.93932  1.00000
24 25	 0.03897  0.07370  0.49681  1.00000  1.00000
25 26	 0.02503  0.00000  0.00392  0.07216  0.10138
26 27	 0.00000  0.00000  0.06062  0.21608  0.39346
27 28	 0.54495  0.98668  1.00000  1.00000  0.99965
28 29	 0.23171  0.79094  0.99685  0.99422  1.00000
29 30	 0.21436  0.68453  0.99083  1.00000  0.96890
30 31	 1.00000  1.00000  1.00000  0.98682  0.97418
31 32	 0.58142  0.98638  1.00000  0.99114  1.00000
32 33	 0.04835  0.25389  0.96045  0.99014  0.98294
33 34	 0.00000  0.01501  0.02798  0.15942  0.25189
34 35	 0.03180  0.01401  0.04646  0.36853  0.60939
35 36	 0.23916  0.72015  0.99957  0.99938  1.00000
36 37	 0.00000  0.05015  0.23132  0.76805  0.91676
37 38	 0.04119  0.09791  0.65635  1.00000  0.97333
38 39	 0.00000  0.02876  0.05709  0.19753  0.37228
39 40	 0.69282  0.99402  0.98709  0.96076  1.00000
40 41	 0.75304  0.99497  0.98337  0.99545  0.99487
41 42	 0.24333  0.80215  1.00000  1.00000  1.00000
42 43	 0.03773  0.28449  0.96792  1.00000  1.00000
43 44	 0.04984  0.34408  0.96325  0.99683  1.00000
44 45	 0.51116  1.00000  1.00000  0.96265  1.00000
45 46	 0.94824  0.99580  1.00000  1.00000  0.98295
46 47	 0.05766  0.39517  0.97520  0.99298  1.00000
47 48	 0.00000  0.00000  0.00000  0.04085  0.13015
48 49	 0.00000  0.04414  0.05043  0.43754  0.68409
49 50	 0.02573  0.08094  0.60784  1.00000  0.96320
50 51	 0.02365  0.00489  0.07358  0.34694  0.57750
51 52	 0.01209  0.00019  0.00000  0.02054  0.04352
52 53	 0.00000  0.02674  0.16199  0.69085  0.90084
53 54	 0.19733  0.76860  1.00000  1.00000  0.99945
54 55	 0.05883  0.17642  0.81977  0.99963  1.00000
55 56	 0.02021  0.01258  0.19660  0.71072  0.92415
56 57	 0.00000  0.00089  0.00000  0.14758  0.22875
57 58	 0.01017  0.00932  0.00136  0.16142  0.24025
58 59	 0.00000  0.00000  0.01818  0.05138  0.16332
59 60	 0.00000  0.00000  0.02580  0.00000  0.00000
60 61	 0.00000  0.00217  0.01127  0.05009  0.06282
61 62	 0.00000  0.00000  0.03418  0.04450  0.14830
62 63	 0.00000  0.01547  0.03163  0.15162  0.34798
64 65	 0.05566  0.07795  0.64837  1.00000  0.99559
65 66	 0.00051  0.00000  0.04904  0.18260  0.40008
66 67	 0.00000  0.00000  0.02169  0.17014  0.32338
67 68	 0.00000  0.00070  0.01016  0.08709  0.11810
68 69	 0.13698  0.47955  0.95635  1.00000  1.00000
69 70	 0.80256  1.00000  1.00000  0.96880  0.99596
70 71	 0.00000  0.00998  0.29284  0.83682  0.97645
72 73	 0.15228  0.74592  0.98932  0.99591  0.98618
73 74	 0.00000  0.03477  0.10729  0.50407  0.80619
74 75	 0.00000  0.00970  0.08352  0.32926  0.55041
75 76	 0.00527  0.04844  0.27487  0.81468  0.93876
76 77	 0.31567  0.87927  1.00000  0.99713  0.97281
77 78	 0.09305  0.55869  1.00000  1.00000  0.97066
78 79	 0.02795  0.04324  0.14115  0.61139  0.81462
80 81	 0.66919  0.97892  1.00000  1.00000  1.00000
81 82	 0.58067  1.00000  0.99539  0.96726  1.00000
82 83	 0.06817  0.42030  1.00000  1.00000  1.00000
84 85	 0.08099  0.40627  0.96343  1.00000  1.00000
85 86	 0.15063  0.55877  1.00000  0.98364  0.95567
86 87	 0.35599  0.90821  0.98527  1.00000  0.99507
87 88	 0.98630  1.00000  1.00000  0.98999  0.97062
88 89	 0.06405  0.42600  1.00000  1.00000  1.00000
89 90	 0.00449  0.00000  0.02049  0.06483  0.07778
90 91	 0.00000  0.02225  0.07981  0.37082  0.60004
91 92	 0.00778  0.10428  0.56774  1.00000  1.00000
92 93	 0.00000  0.00704  0.02786  0.27129  0.44410
93 94	 0.00000  0.05811  0.29631  0.86560  0.97084
94 95	 0.07309  0.35356  0.98804  1.00000  1.00000
95 96	 0.04647  0.13971  0.76997  1.00000  0.97867
96 97	 0.00000  0.00000  0.05536  0.10231  0.11446
97 98	 0.02244  0.10567  0.62100  0.98630  0.98641
98 99	 0.00000  0.04827  0.05309  0.06736  0.18490
99 100	 0.00000  0.00997  0.02114  0.15847  0.26306
100 101	 0.00000  0.11039  0.69380  1.00000  0.98589
101 102	 0.04455  0.28714  0.94727  0.96135  1.00000
102 103	 0.04550  0.06445  0.52885  1.00000  1.00000
103 104	 0.00000  0.00000  0.09460  0.52852  0.76533
105 106	 0.28390  0.88944  0.97510  0.99021  1.00000
106 107	 0.04877  0.10171  0.65148  1.00000  1.00000
107 108	 0.00000  0.00000  0.06795  0.34944  0.58096
108 109	 0.03271  0.02388  0.05425  0.31625  0.53181
109 110	 0.06553  0.40725  0.98708  0.99773  0.96919
110 111	 0.35356  0.92924  0.96177  0.98313  1.00000
111 112	 0.11459  0.44293  0.97435  1.00000  0.98589
112 113	 0.00000  0.01200  0.00056  0.05279  0.06996
113 114	 0.00000  0.00000  0.01548  0.05943  0.11297
114 115	 0.01289  0.01615  0.13251  0.46193  0.71383
115 116	 0.03825  0.09508  0.66306  0.99699  1.00000
116 117	 0.02073  0.08420  0.60011  1.00000  1.00000
117 118	 0.10206  0.41380  0.98834  1.00000  0.97800
118 119	 0.00000  0.00000  0.06962  0.20930  0.35194
120 121	 0.00000  0.03677  0.02621  0.13151  0.28583
121 122	 0.00000  0.00897  0.07798  0.41673  0.63586
122 123	 0.00000  0.02182  0.18150  0.72990  0.94860
123 124	 0.02379  0.01479  0.02034  0.25187  0.40548
124 125	 0.02263  0.00000  0.00717  0.00000  0.01081
125 126	 0.01058  0.00000  0.01510  0.01490  0.01588
126 127	 0.00000  0.00000  0.00000  0.00731  0.05296
127 128	 0.00000  0.02810  0.02452  0.05079  0.11496
128 129	 0.02029  0.05176  0.30282  0.87902  1.00000
129 130	 0.01201  0.21888  0.93546  0.98142  0.97697
131 132	 0.05008  0.31649  0.98279  1.00000  1.00000
132 133	 0.03016  0.12858  0.70066  0.98275  0.97734
133 134	 0.04582  0.05230  0.13489  0.57897  0.78624
135 136	 0.18691  0.71007  1.00000  1.00000  1.00000
136 137	 0.07784  0.35107  0.96378  0.99690  0.98033
137 138	 0.02170  0.05309  0.06573  0.33340  0.55875
138 139	 0.01767  0.12768  0.78431  1.00000  0.99182
139 140	 0.21960  0.74707  1.00000  0.99701  1.00000
140 141	 0.01763  0.07767  0.58432  0.96925  0.99930
141 142	 0.00000  0.01244  0.12725  0.61810  0.82849
142 143	 0.00000  0.00021  0.01054  0.00000  0.00133
143 144	 0.03990  0.02797  0.00000  0.11576  0.17190
144 145	 0.01287  0.00000  0.16323  0.66473  0.89939
145 146	 0.43751  0.97402  1.00000  1.00000  0.99663
146 147	 0.85648  1.00000  0.99140  1.00000  0.99902
147 148	 0.05833  0.35794  0.97235  0.99771  1.00000
149 150	 0.02134  0.14846  0.70221  1.00000  0.99755
150 151	 0.03297  0.00769  0.00000  0.14119  0.21574
151 152	 0.00000  0.01425  0.06531  0.39276  0.60771
152 153	 0.01732  0.00000  0.22028  0.79166  0.90662
153 154	 0.01745  0.02409  0.08841  0.52808  0.75696
154 155	 0.00000  0.02078  0.02061  0.34652  0.55440
155 156	 0.00743  0.04056  0.13565  0.46895  0.70026
156 157	 0.04089  0.11825  0.67313  0.97352  0.98771
157 158	 0.00000  0.01894  0.16021  0.66300  0.87880
158 159	 0.03643  0.00000  0.02024  0.12448  0.20478
159 160	 0.00000  0.00000  0.00000  0.00000  0.03594
160 161	 0.00181  0.00333  0.00972  0.16443  0.20502
162 163	 0.04640  0.05752  0.21224  0.68396  0.92936
164 165	 0.11291  0.48785  0.98313  1.00000  1.00000
166 167	 0.69081  1.00000  1.00000  0.99532  0.97165
167 168	 0.98498  0.96769  0.99436  0.98494  1.00000
168 169	 0.07050  0.39997  1.00000  1.00000  1.00000
169 170	 0.00000  0.00000  0.00000  0.03141  0.14264
170 171	 0.01455  0.24781  0.94338  0.99651  0.97899
171 172	 0.19528  0.81753  0.98237  0.98501  0.95442
172 173	 0.03187  0.00000  0.02759  0.18198  0.31093
173 174	 0.00000  0.06567  0.03336  0.00000  0.05986
174 175	 0.00000  0.12675  0.71472  1.00000  1.00000
175 176	 0.50632  0.97599  0.98979  1.00000  0.97865
176 177	 0.34589  0.93413  0.99103  0.99429  1.00000
177 178	 0.03780  0.12204  0.77040  1.00000  1.00000
178 179	 0.00000  0.00000  0.01329  0.06868  0.09155
179 180	 0.00000  0.02277  0.01611  0.11339  0.23165
180 181	 0.00000  0.02740  0.00384  0.02633  0.07622
181 182	 0.00000  0.00000  0.01997  0.03963  0.04236
182 183	 0.01037  0.07546  0.52332  1.00000  1.00000
183 184	 0.00106  0.00149  0.12214  0.58717  0.79368
185 186	 0.00000  0.02716  0.08130  0.37853  0.68960
186 187	 0.00745  0.07146  0.56508  0.95988  0.98447
187 188	 0.03692  0.21378  0.84884  1.00000  1.00000
188 189	 0.01014  0.00000  0.00490  0.00110  0.02403
189 190	 0.02139  0.00000  0.02136  0.02562  0.10792
190 191	 0.08972  0.40076  0.98831  1.00000  0.99738
191 192	 0.04505  0.23352  0.88487  0.97729  1.00000
192 193	 0.00038  0.11317  0.70852  1.00000  0.97947
193 194	 0.02309  0.00626  0.03697  0.28238  0.48670
194 195	 0.03710  0.01576  0.12815  0.55091  0.82155
195 196	 0.26168  0.85215  1.00000  1.00000  0.98781
196 197	 0.03143  0.21146  0.86176  0.99064  1.00000
197 198	 0.03157  0.15172  0.81634  0.98009  1.00000
199 200	 0.00000  0.00000  0.07781  0.27766  0.49755
200 201	 0.00000  0.00000  0.02421  0.03617  0.03835
201 202	 0.00263  0.01305  0.00000  0.00000  0.09182
202 203	 0.00000  0.02079  0.00000  0.11823  0.19943
203 204	 0.03003  0.25193  0.90918  0.96568  1.00000
204 205	 0.11786  0.55023  0.99737  0.96827  0.99877
205 206	 0.87365  1.00000  1.00000  1.00000  0.99158
206 207	 0.01697  0.18016  0.83338  1.00000  0.99233
207 208	 0.00000  0.02058  0.10330  0.47348  0.78082
208 209	 0.03259  0.03540  0.06042  0.21740  0.36985
209 210	 0.00000  0.13705  0.66901  0.99390  0.99389
210 211	 0.00000  0.00000  0.00000  0.00180  0.02362
211 212	 0.00000  0.02537  0.00000  0.00601  0.01185
212 213	 0.03609  0.01845  0.01271  0.00000  0.04376
213 214	 0.00481  0.01830  0.00000  0.00756  0.00329
214 215	 0.00000  0.00000  0.00000  0.04232  0.03380
215 216	 0.00000  0.00000  0.04933  0.00127  0.01706
216 217	 0.00695  0.18238  0.89378  0.98782  1.00000
217 218	 1.00000  0.99818  0.99359  0.99272  0.98269
218 219	 0.13165  0.57639  1.00000  0.95482  0.99474
219 220	 0.00000  0.05366  0.28712  0.85634  0.99552
220 221	 0.06936  0.26020  0.97441  0.96975  0.94794
221 222	 0.04761  0.29404  0.94927  1.00000  1.00000
222 223	 0.03004  0.04118  0.43382  0.96652  0.98185
223 224	 0.55124  0.97830  1.00000  0.98167  1.00000
224 225	 1.00000  1.00000  0.99115  0.95589  0.99532
225 226	 0.94348  0.99280  1.00000  0.99390  0.97013
226 227	 0.08639  0.29767  0.96189  1.00000  0.94635
227 228	 0.03428  0.00000  0.07470  0.23149  0.35698
228 229	 0.01545  0.08522  0.56947  0.99501  1.00000
229 230	 0.00000  0.03715  0.45758  0.99029  1.00000
230 231	 0.00000  0.00000  0.06295  0.20131  0.36644
231 232	 0.00493  0.03829  0.35484  0.91042  1.00000
232 233	 0.01057  0.04558  0.48502  1.00000  1.00000
233 234	 0.00389  0.00000  0.00000  0.03541  0.04545
234 235	 0.00000  0.02258  0.04183  0.03554  0.06406
235 236	 0.00240  0.00000  0.13288  0.59319  0.83962
236 237	 0.00000  0.02686  0.09025  0.42291  0.64270
237 238	 0.02967  0.00000  0.01313  0.02788  0.01240
238 239	 0.00226  0.00000  0.00000  0.04802  0.05994
239 240	 0.00652  0.14299  0.78615  0.97775  1.00000
240 241	 0.13162  0.53457  0.98705  0.97081  0.98499
241 242	 0.01570  0.01578  0.19811  0.75339  0.94246
242 243	 0.00000  0.00000  0.09895  0.33685  0.60310
243 244	 0.04486  0.21088  0.91920  1.00000  0.98730
244 245	 0.03768  0.24013  0.93546  1.00000  1.00000
245 246	 0.00208  0.05336  0.12840  0.56911  0.80466
246 247	 0.02927  0.22378  0.87180  1.00000  0.95331
247 248	 0.60261  0.95959  0.99239  0.98761  1.00000
248 249	 0.00483  0.03493  0.23332  0.78372  0.95911
249 250	 0.02577  0.15904  0.77029  1.00000  0.98807
250 251	 0.27621  0.84922  1.00000  0.97778  0.97461
251 252	 0.00911  0.26094  0.92959  1.00000  0.98631
252 253	 0.01259  0.03149  0.11890  0.42766  0.67493
253 254	 0.00000  0.00000  0.06104  0.24740  0.40580
254 255	 0.00991  0.05926  0.40261  0.92790  1.00000
255 256	 0.02552  0.09733  0.73113  0.98973  1.00000
256 257	 0.00298  0.00789  0.03231  0.12964  0.20850
257 258	 0.00000  0.04302  0.27936  0.85209  1.00000
258 259	 0.15714  0.66512  0.99899  0.97088  0.97286
259 260	 0.03474  0.31396  1.00000  1.00000  1.00000
260 261	 0.06394  0.23635  0.97208  1.00000  0.98558
261 262	 0.96426  1.00000  1.00000  0.98878  0.97906
262 263	 0.99244  1.00000  1.00000  0.98735  0.99987
263 264	 0.04410  0.20623  0.96265  1.00000  1.00000
264 265	 0.00000  0.05873  0.44615  0.98311  1.00000
265 266	 0.43215  0.95993  0.95281  1.00000  0.99072
266 267	 0.02815  0.07572  0.64983  0.99575  1.00000
267 268	 0.52754  1.00000  1.00000  0.96731  0.98627
268 269	 0.04022  0.16353  0.82096  1.00000  1.00000
269 270	 0.38988  0.94715  1.00000  0.99331  0.99737
270 271	 1.00000  1.00000  1.00000  1.00000  0.99359
271 272	 1.00000  0.97606  0.98798  0.99264  1.00000
272 273	 0.11024  0.60305  1.00000  1.00000  0.98677
273 274	 0.00000  0.00000  0.02371  0.15230  0.30731
274 275	 0.01531  0.09458  0.58934  0.98200  1.00000
275 276	 0.11157  0.55132  0.98280  0.95434  1.00000
276 277	 0.02648  0.02967  0.17988  0.60212  0.84542
277 278	 0.02614  0.01461  0.11184  0.50808  0.71059
278 279	 0.02239  0.23730  0.96155  1.00000  0.98507
279 280	 0.06810  0.46860  0.98560  0.97022  1.00000
280 281	 0.00097  0.02486  0.34643  0.88885  0.98129
282 283	 0.32462  0.86965  1.00000  1.00000  1.00000
283 284	 0.04197  0.08973  0.43088  0.95161  0.95997
284 285	 0.02282  0.00000  0.06102  0.38043  0.62403
285 286	 0.02883  0.08226  0.64516  0.99260  1.00000
286 287	 0.03962  0.10619  0.52677  0.97636  0.98988
287 288	 0.00000  0.00000  0.09209  0.42835  0.67125
288 289	 0.00857  0.01198  0.11483  0.49650  0.73295
289 290	 0.06165  0.17798  0.85934  1.00000  0.98465
290 291	 0.17568  0.63029  0.96261  1.00000  0.99313
291 292	 0.02267  0.02948  0.17528  0.67012  0.87126
292 293	 0.04463  0.19567  0.86287  0.96798  1.00000
293 294	 0.98615  1.00000  0.98612  0.99938  1.00000
294 295	 0.70323  1.00000  0.97393  0.99166  1.00000
295 296	 0.00000  0.08404  0.55873  0.96934  1.00000
296 297	 0.00000  0.00000  0.08499  0.38807  0.60153
297 298	 0.16110  0.49670  0.98952  0.98362  1.00000
298 299	 0.01388  0.04186  0.46174  0.97024  0.97106
299 300	 0.00809  0.01353  0.02825  0.19391  0.37301
300 301	 0.02345  0.11147  0.50655  0.97413  1.00000
301 302	 0.01682  0.11923  0.55996  0.98469  0.98742
302 303	 0.00000  0.04188  0.03904  0.19773  0.32680
303 304	 0.00000  0.04096  0.18543  0.68681  0.91990
304 305	 0.00000  0.04571  0.33091  0.90232  1.00000
305 306	 0.00000  0.04467  0.20851  0.72101  0.89977
306 307	 0.05332  0.00333  0.01312  0.10043  0.20933
307 308	 0.18633  0.67486  0.99627  0.95984  1.00000
308 309	 0.37777  0.93737  1.00000  1.00000  1.00000
309 310	 0.02890  0.00000  0.09500  0.45528  0.67082
