# ResID Deuterated fraction, Times /
1 2	 1.00000  1.00000  0.97305  1.00000  1.00000
2 3	 0.00615  0.04325  0.07720  0.48296  0.72546
3 4	 0.00000  0.00000  0.00680  0.12093  0.15830
4 5	 0.04291  0.00000  0.00000  0.00000  0.00830
5 6	 0.03174  0.00143  0.01067  0.03438  0.08877
6 7	 0.02691  0.00510  0.01496  0.11311  0.21011
7 8	 0.00624  0.00000  0.15386  0.68165  0.91037
8 9	 0.00000  0.00312  0.04964  0.20561  0.37614
9 10	 0.01952  0.00754  0.09182  0.35705  0.57575
10 11	 0.47545  0.97917  0.97481  1.00000  0.99821
11 12	 0.05820  0.27776  0.97742  1.00000  1.00000
12 13	 0.03541  0.08725  0.64664  0.99770  1.00000
13 14	 0.01167  0.00675  0.29492  0.90511  0.99402
14 15	 0.00118  0.00000  0.11621  0.48302  0.74813
15 16	 0.01661  0.00000  0.04971  0.21845  0.38686
16 17	 0.00607  0.00669  0.00000  0.10289  0.11089
17 18	 0.00000  0.00000  0.00422  0.15105  0.29670
18 19	 0.00665  0.00000  0.00000  0.07582  0.15784
19 20	 0.02256  0.00000  0.06911  0.40375  0.63953
20 21	 0.01610  0.10307  0.72403  1.00000  0.99932
21 22	 0.00000  0.00856  0.03367  0.02105  0.09566
22 23	 0.00204  0.00000  0.08481  0.34574  0.60167
23 24	 0.00000  0.06312  0.39785  0.95252  0.99153
24 25	 0.00000  0.04211  0.53982  1.00000  1.00000
25 26	 0.00000  0.00000  0.00000  0.00000  0.06670
26 27	 0.00000  0.00000  0.03923  0.23878  0.37895
27 28	 0.53091  0.96359  1.00000  0.99779  1.00000
28 29	 0.18842  0.80082  0.99184  0.99347  0.96706
29 30	 0.16624  0.65807  1.00000  1.00000  1.00000
30 31	 1.00000  1.00000  0.99969  0.99731  0.97728
31 32	 0.55939  0.99384  1.00000  0.95401  0.98496
32 33	 0.08230  0.27020  0.94027  1.00000  0.97705
33 34	 0.00000  0.00000  0.04165  0.14853  0.23457
34 35	 0.03896  0.00000  0.05926  0.36856  0.60251
35 36	 0.21224  0.72292  1.00000  1.00000  0.98188
36 37	 0.00000  0.04036  0.22269  0.78310  0.98434
37 38	 0.00000  0.09887  0.69519  1.00000  1.00000
38 39	 0.02005  0.01192  0.08418  0.19210  0.37485
39 40	 0.71765  0.98246  1.00000  0.97067  1.00000
40 41	 0.72758  0.98013  1.00000  1.00000  1.00000
41 42	 0.22187  0.80562  1.00000  0.98057  0.98816
42 43	 0.07931  0.30962  0.91262  0.98248  0.98598
43 44	 0.04466  0.26837  0.98918  1.00000  1.00000
44 45	 0.50173  1.00000  0.98249  0.97826  1.00000
45 46	 0.93782  0.99608  1.00000  1.00000  0.98920
46 47	 0.05166  0.39426  1.00000  0.97757  1.00000
47 48	 0.00000  0.01884  0.00000  0.09223  0.10760
48 49	 0.00000  0.03173  0.06484  0.45391  0.68417
49 50	 0.00559  0.11540  0.62679  1.00000  1.00000
50 51	 0.00000  0.00000  0.04697  0.33385  0.58086
51 52	 0.06518  0.00287  0.00734  0.05288  0.01891
52 53	 0.00065  0.02794  0.21846  0.68685  0.91284
53 54	 0.21257  0.72983  1.00000  1.00000  1.00000
54 55	 0.06258  0.16746  0.80412  0.99378  1.00000
55 56	 0.03025  0.02056  0.17015  0.72375  0.94546
56 57	 0.00000  0.00000  0.01438  0.10393  0.21006
57 58	 0.02951  0.04161  0.00000  0.14105  0.25530
58 59	 0.00000  0.00652  0.01793  0.07963  0.14608
59 60	 0.00700  0.00578  0.00000  0.00749  0.02652
60 61	 0.00232  0.00000  0.01081  0.04824  0.08666
61 62	 0.02715  0.00513  0.02550  0.07817  0.11336
62 63	 0.03076  0.00563  0.02601  0.18799  0.33085
64 65	 0.00713  0.07446  0.63690  1.00000  0.99519
65 66	 0.00000  0.02802  0.03663  0.20786  0.37453
66 67	 0.00241  0.01107  0.06036  0.18765  0.35297
67 68	 0.00000  0.00000  0.00545  0.09081  0.11922
68 69	 0.10272  0.51553  0.97671  0.98530  0.98386
69 70	 0.79499  1.00000  0.99905  0.98287  0.99597
70 71	 0.00000  0.04307  0.23645  0.82043  0.98152
72 73	 0.22772  0.76568  0.99525  0.99710  1.00000
73 74	 0.02935  0.00000  0.12162  0.53881  0.78563
74 75	 0.01257  0.02733  0.04304  0.27831  0.55978
75 76	 0.00000  0.00109  0.26197  0.78701  0.99226
76 77	 0.31576  0.85152  1.00000  0.98551  1.00000
77 78	 0.12444  0.53572  1.00000  1.00000  0.98016
78 79	 0.00000  0.00000  0.13800  0.59362  0.85507
80 81	 0.68668  0.97498  0.98767  1.00000  0.99948
81 82	 0.58268  0.97454  1.00000  1.00000  0.97958
82 83	 0.07832  0.36974  1.00000  0.96760  1.00000
84 85	 0.11502  0.35250  0.99400  0.99722  0.98778
85 86	 0.13089  0.53834  1.00000  1.00000  1.00000
86 87	 0.36289  0.94059  1.00000  1.00000  1.00000
87 88	 1.00000  0.99600  0.96974  1.00000  0.97943
88 89	 0.08827  0.45991  0.97778  1.00000  1.00000
89 90	 0.01188  0.00549  0.03273  0.03388  0.13670
90 91	 0.01284  0.00000  0.07458  0.37428  0.59015
91 92	 0.00972  0.08683  0.54438  0.98744  0.99768
92 93	 0.01642  0.00890  0.05719  0.23386  0.43469
93 94	 0.03221  0.04793  0.29543  0.86905  1.00000
94 95	 0.08714  0.36880  0.97583  1.00000  0.97820
95 96	 0.03975  0.15696  0.76708  0.98235  1.00000
96 97	 0.00000  0.00000  0.00614  0.09249  0.11673
97 98	 0.01438  0.09679  0.57666  0.99202  1.00000
98 99	 0.00000  0.00000  0.01884  0.08376  0.17454
99 100	 0.00559  0.00000  0.04410  0.10770  0.27624
100 101	 0.00000  0.09620  0.69100  0.99633  1.00000
101 102	 0.05559  0.31164  0.97944  1.00000  0.97647
102 103	 0.02453  0.05736  0.54244  0.97035  1.00000
103 104	 0.00232  0.01116  0.11775  0.54282  0.80473
105 106	 0.31187  0.87459  1.00000  0.97656  0.97686
106 107	 0.03245  0.12055  0.66747  1.00000  0.99500
107 108	 0.00000  0.00000  0.08372  0.33534  0.57083
108 109	 0.01233  0.02537  0.05272  0.31745  0.51940
109 110	 0.06846  0.34377  1.00000  0.97859  0.99277
110 111	 0.36098  0.93475  1.00000  0.99815  1.00000
111 112	 0.08506  0.46295  0.99337  0.99812  1.00000
112 113	 0.04388  0.00000  0.01483  0.01286  0.08181
113 114	 0.00430  0.00416  0.00000  0.00000  0.08089
114 115	 0.00909  0.00109  0.08675  0.45264  0.73059
115 116	 0.01097  0.11073  0.67959  0.99449  0.97011
116 117	 0.02699  0.05256  0.65517  0.97965  1.00000
117 118	 0.05945  0.44469  1.00000  1.00000  1.00000
118 119	 0.01231  0.02326  0.06022  0.18006  0.35858
120 121	 0.01012  0.04362  0.04259  0.13087  0.23906
121 122	 0.01681  0.03239  0.07814  0.33273  0.61604
122 123	 0.00280  0.02806  0.20331  0.78196  0.95652
123 124	 0.00000  0.00648  0.01573  0.23285  0.41696
124 125	 0.01030  0.00000  0.00000  0.00016  0.00000
125 126	 0.03932  0.00746  0.00572  0.00000  0.00692
126 127	 0.00000  0.00000  0.00000  0.03140  0.00000
127 128	 0.01543  0.00000  0.00000  0.08028  0.10530
128 129	 0.00000  0.01875  0.30681  0.86368  1.00000
129 130	 0.05042  0.23119  0.92454  1.00000  1.00000
131 132	 0.05759  0.29789  0.96551  1.00000  1.00000
132 133	 0.03901  0.12018  0.72816  0.99551  0.97275
133 134	 0.02138  0.03949  0.08920  0.58460  0.82316
135 136	 0.21646  0.70566  0.99900  0.97937  0.98807
136 137	 0.07581  0.35366  0.99100  0.97632  0.97878
137 138	 0.01367  0.01138  0.06272  0.31394  0.55849
138 139	 0.04848  0.14532  0.79552  0.97909  1.00000
139 140	 0.23378  0.77155  1.00000  1.00000  1.00000
140 141	 0.00000  0.08814  0.57910  0.99013  1.00000
141 142	 0.00985  0.00000  0.13888  0.57228  0.86603
142 143	 0.04633  0.00587  0.00000  0.02343  0.05372
143 144	 0.00000  0.00908  0.02282  0.10326  0.19288
144 145	 0.00000  0.00000  0.15306  0.63041  0.83589
145 146	 0.44219  0.97206  1.00000  0.99307  0.97726
146 147	 0.83650  1.00000  1.00000  0.97151  0.99988
147 148	 0.08045  0.33844  0.97502  0.97567  1.00000
149 150	 0.01139  0.12774  0.70640  1.00000  1.00000
150 151	 0.00000  0.00000  0.00856  0.12948  0.19114
151 152	 0.00000  0.02771  0.08911  0.41838  0.63429
152 153	 0.00000  0.01517  0.23990  0.79798  0.91599
153 154	 0.01164  0.00610  0.09937  0.53933  0.76529
154 155	 0.00000  0.00000  0.09692  0.36026  0.59024
155 156	 0.00000  0.02961  0.11043  0.48064  0.72561
156 157	 0.01813  0.10802  0.66152  1.00000  0.97869
157 158	 0.01661  0.00081  0.12765  0.64490  0.86693
158 159	 0.00000  0.00000  0.02674  0.10644  0.18637
159 160	 0.00476  0.01593  0.00000  0.00000  0.00335
160 161	 0.00000  0.01426  0.01184  0.11964  0.24618
162 163	 0.01511  0.01409  0.21589  0.67644  0.91403
164 165	 0.09806  0.50124  1.00000  1.00000  1.00000
166 167	 0.69438  0.99842  1.00000  0.97389  1.00000
167 168	 0.98989  1.00000  1.00000  1.00000  0.97576
168 169	 0.08782  0.44066  0.98779  1.00000  0.99236
169 170	 0.00012  0.04769  0.03419  0.04169  0.08161
170 171	 0.07041  0.24453  0.93769  0.99158  0.99064
171 172	 0.24042  0.77998  1.00000  0.99587  0.98465
172 173	 0.00190  0.01182  0.01360  0.17562  0.27456
173 174	 0.00000  0.00647  0.01692  0.02542  0.04540
174 175	 0.01739  0.10994  0.69052  1.00000  1.00000
175 176	 0.53526  1.00000  1.00000  0.99728  1.00000
176 177	 0.36030  0.92969  1.00000  1.00000  1.00000
177 178	 0.03865  0.15226  0.76650  0.95854  1.00000
178 179	 0.00000  0.00000  0.00932  0.07426  0.06247
179 180	 0.01483  0.00000  0.00000  0.13309  0.24003
180 181	 0.01877  0.02617  0.02606  0.04581  0.05298
181 182	 0.01690  0.01832  0.00725  0.00000  0.05311
182 183	 0.00000  0.07343  0.49500  0.97715  0.96294
183 184	 0.01128  0.01790  0.13169  0.56447  0.79918
185 186	 0.00000  0.00000  0.10467  0.40812  0.63982
186 187	 0.04347  0.08095  0.53073  0.98124  0.99637
187 188	 0.01866  0.18378  0.88661  0.96417  0.98822
188 189	 0.00694  0.00000  0.00545  0.00343  0.00076
189 190	 0.00966  0.00777  0.02153  0.02227  0.08149
190 191	 0.05884  0.42672  1.00000  0.96093  0.99927
191 192	 0.02461  0.19880  0.88664  0.98695  0.98168
192 193	 0.01024  0.09573  0.71166  0.98760  1.00000
193 194	 0.00000  0.01931  0.05143  0.24635  0.45530
194 195	 0.00530  0.00000  0.10648  0.56693  0.80034
195 196	 0.24734  0.88862  1.00000  1.00000  1.00000
196 197	 0.04630  0.18173  0.85427  1.00000  0.95730
197 198	 0.02902  0.15470  0.81361  1.00000  1.00000
199 200	 0.00558  0.02388  0.05118  0.29477  0.49676
200 201	 0.00000  0.00000  0.01119  0.00000  0.04552
201 202	 0.00000  0.00000  0.00000  0.02406  0.05625
202 203	 0.00796  0.01042  0.02592  0.09868  0.20197
203 204	 0.04909  0.19710  0.93225  0.99334  0.97714
204 205	 0.14367  0.52961  0.96928  0.98398  1.00000
205 206	 0.85521  0.98370  0.98797  0.98151  1.00000
206 207	 0.00995  0.18164  0.86869  1.00000  1.00000
207 208	 0.00018  0.00330  0.09974  0.48648  0.76484
208 209	 0.00653  0.04637  0.00734  0.26299  0.38738
209 210	 0.00384  0.10539  0.69184  0.95673  0.98976
210 211	 0.01990  0.00000  0.00000  0.00000  0.01082
211 212	 0.02344  0.00000  0.00000  0.00000  0.01548
212 213	 0.00838  0.00000  0.00000  0.03133  0.00000
213 214	 0.00000  0.00000  0.00000  0.00000  0.02477
214 215	 0.00000  0.01526  0.00000  0.01370  0.00000
215 216	 0.00899  0.00000  0.01233  0.00046  0.00077
216 217	 0.04708  0.20838  0.90564  1.00000  1.00000
217 218	 0.99836  0.97412  0.98569  1.00000  0.99448
218 219	 0.14916  0.58215  1.00000  0.99725  1.00000
219 220	 0.00000  0.02960  0.24341  0.82148  0.95077
220 221	 0.03964  0.30109  0.97015  0.98296  0.98419
221 222	 0.05331  0.26497  0.95554  0.97451  1.00000
222 223	 0.00980  0.05146  0.44647  0.98211  0.99497
223 224	 0.53348  0.98731  0.98224  0.99645  1.00000
224 225	 1.00000  0.96594  1.00000  1.00000  0.98948
225 226	 0.93174  0.98756  0.99469  0.97759  1.00000
226 227	 0.08114  0.31458  0.97835  0.97982  0.99818
227 228	 0.00094  0.00895  0.02462  0.19897  0.39105
228 229	 0.00673  0.09231  0.54847  0.98757  0.98736
229 230	 0.00000  0.04809  0.43490  0.97149  1.00000
230 231	 0.05509  0.01776  0.01599  0.20844  0.35407
231 232	 0.01120  0.01411  0.35207  0.91850  0.97724
232 233	 0.00988  0.07816  0.46025  0.97424  1.00000
233 234	 0.00000  0.00000  0.02326  0.00000  0.02610
234 235	 0.00000  0.00000  0.00000  0.00215  0.08860
235 236	 0.02623  0.01343  0.15156  0.58373  0.82990
236 237	 0.00000  0.00000  0.08860  0.39426  0.63548
237 238	 0.00210  0.03239  0.00000  0.02670  0.00000
238 239	 0.00000  0.00707  0.00000  0.01843  0.08371
239 240	 0.04160  0.16799  0.81947  0.98607  1.00000
240 241	 0.06656  0.50439  0.98770  1.00000  1.00000
241 242	 0.02176  0.00926  0.24107  0.75258  0.92586
242 243	 0.00038  0.00000  0.05424  0.39634  0.60816
243 244	 0.01421  0.19954  0.90961  1.00000  1.00000
244 245	 0.04571  0.24136  0.96021  0.99071  1.00000
245 246	 0.01533  0.02790  0.10728  0.58765  0.79296
246 247	 0.03792  0.22010  0.87505  0.97084  1.00000
247 248	 0.57100  1.00000  0.99793  0.96854  1.00000
248 249	 0.00000  0.01762  0.24145  0.78814  0.95580
249 250	 0.02331  0.17699  0.77838  0.96996  1.00000
250 251	 0.30059  0.86842  1.00000  1.00000  1.00000
251 252	 0.03890  0.17598  0.92443  1.00000  0.99526
252 253	 0.02321  0.00306  0.06450  0.42173  0.70984
253 254	 0.00000  0.03193  0.02838  0.31042  0.42980
254 255	 0.03797  0.02940  0.34603  0.94092  0.99434
255 256	 0.01703  0.10287  0.71109  0.99771  1.00000
256 257	 0.02632  0.00770  0.01156  0.12760  0.23693
257 258	 0.02299  0.02643  0.28522  0.86714  0.98034
258 259	 0.16316  0.66805  0.99300  1.00000  0.97116
259 260	 0.08303  0.32701  1.00000  1.00000  0.97450
260 261	 0.09572  0.29467  0.99549  1.00000  0.96321
261 262	 1.00000  0.99184  1.00000  1.00000  0.95913
262 263	 0.96731  1.00000  0.98474  1.00000  1.00000
263 264	 0.03422  0.25653  0.91000  0.98683  0.96732
264 265	 0.00808  0.07102  0.49169  0.99305  0.99937
265 266	 0.40183  0.97826  1.00000  0.98294  0.97808
266 267	 0.03566  0.09390  0.61793  1.00000  0.99946
267 268	 0.57974  0.99592  1.00000  1.00000  0.98622
268 269	 0.02472  0.15853  0.84160  0.96997  0.98732
269 270	 0.41170  0.93981  0.99645  0.99716  1.00000
270 271	 0.99069  0.99330  0.98706  1.00000  1.00000
271 272	 0.99116  1.00000  0.99339  0.99696  0.97353
272 273	 0.15161  0.57167  1.00000  1.00000  0.96653
273 274	 0.00000  0.03678  0.03665  0.18449  0.27083
274 275	 0.05528  0.12481  0.58766  0.97507  1.00000
275 276	 0.18962  0.57911  1.00000  0.97425  1.00000
276 277	 0.00474  0.00569  0.10430  0.59792  0.83871
277 278	 0.00000  0.01349  0.08456  0.49036  0.69757
278 279	 0.00440  0.28549  0.94182  0.99825  1.00000
279 280	 0.10555  0.48596  0.98875  1.00000  0.97250
280 281	 0.04435  0.00926  0.34727  0.92518  0.99608
282 283	 0.24675  0.84982  1.00000  1.00000  1.00000
283 284	 0.00000  0.09271  0.43728  0.95589  1.00000
284 285	 0.00000  0.00083  0.12454  0.42017  0.62084
285 286	 0.03352  0.08085  0.64110  1.00000  1.00000
286 287	 0.00000  0.04911  0.47931  0.97598  1.00000
287 288	 0.02960  0.05040  0.06620  0.42591  0.63467
288 289	 0.00000  0.02248  0.13410  0.49266  0.74637
289 290	 0.00430  0.14078  0.85450  1.00000  1.00000
290 291	 0.14844  0.62164  1.00000  1.00000  0.97294
291 292	 0.01911  0.02154  0.17375  0.66896  0.86451
292 293	 0.06235  0.17059  0.87469  1.00000  0.98193
293 294	 0.99324  1.00000  0.98900  0.98386  0.97160
294 295	 0.74160  0.99984  0.98077  1.00000  0.94651
295 296	 0.05323  0.09140  0.62312  1.00000  0.99586
296 297	 0.00000  0.00000  0.04535  0.37904  0.56666
297 298	 0.11233  0.54076  1.00000  0.97055  1.00000
298 299	 0.02943  0.03939  0.46715  0.94739  1.00000
299 300	 0.01125  0.00965  0.05809  0.21697  0.35078
300 301	 0.00000  0.06455  0.50444  0.98861  0.98447
301 302	 0.03079  0.11932  0.55705  0.99128  1.00000
302 303	 0.01093  0.00000  0.01947  0.17523  0.32899
303 304	 0.00367  0.00676  0.21028  0.68777  0.89478
304 305	 0.03010  0.04199  0.30699  0.89710  0.95428
305 306	 0.01136  0.02551  0.16172  0.73826  0.94402
306 307	 0.00000  0.00000  0.00880  0.10877  0.22678
307 308	 0.13798  0.68660  1.00000  1.00000  0.99633
308 309	 0.41135  0.94974  1.00000  1.00000  1.00000
309 310	 0.02460  0.01488  0.10666  0.45382  0.77806
