# ResID Deuterated fraction, Times /
1 2	 1.00000  1.00000  1.00000  1.00000  1.00000
2 3	 0.00180  0.01072  0.10216  0.47616  0.72559
3 4	 0.00014  0.00084  0.00834  0.04900  0.09560
4 5	 0.00001  0.00003  0.00033  0.00198  0.00396
5 6	 0.00011  0.00063  0.00631  0.03727  0.07316
6 7	 0.00032  0.00189  0.01877  0.10744  0.20334
7 8	 0.00305  0.01814  0.16733  0.66669  0.88890
8 9	 0.00065  0.00388  0.03814  0.20808  0.37286
9 10	 0.00118  0.00705  0.06831  0.34593  0.57219
10 11	 0.46245  0.97569  1.00000  1.00000  1.00000
11 12	 0.05730  0.29765  0.97079  1.00000  1.00000
12 13	 0.01611  0.09267  0.62184  0.99708  0.99999
13 14	 0.00615  0.03627  0.30885  0.89099  0.98812
14 15	 0.00182  0.01087  0.10351  0.48087  0.73050
15 16	 0.00066  0.00394  0.03872  0.21098  0.37744
16 17	 0.00018  0.00109  0.01080  0.06309  0.12219
17 18	 0.00044  0.00264  0.02612  0.14684  0.27212
18 19	 0.00016  0.00096  0.00953  0.05581  0.10851
19 20	 0.00133  0.00795  0.07670  0.38048  0.61619
20 21	 0.02169  0.12306  0.73105  0.99962  1.00000
21 22	 0.00012  0.00071  0.00704  0.04152  0.08131
22 23	 0.00121  0.00722  0.06991  0.35265  0.58094
23 24	 0.00827  0.04849  0.39168  0.94933  0.99743
24 25	 0.01259  0.07307  0.53173  0.98946  0.99989
25 26	 0.00013  0.00079  0.00785  0.04619  0.09026
26 27	 0.00069  0.00411  0.04036  0.21899  0.39002
27 28	 0.52677  0.98867  1.00000  1.00000  1.00000
28 29	 0.23509  0.79907  1.00000  1.00000  1.00000
29 30	 0.16880  0.66947  0.99998  1.00000  1.00000
30 31	 1.00000  1.00000  1.00000  1.00000  1.00000
31 32	 0.54930  0.99154  1.00000  1.00000  1.00000
32 33	 0.05152  0.27146  0.95788  1.00000  1.00000
33 34	 0.00040  0.00242  0.02395  0.13538  0.25243
34 35	 0.00127  0.00761  0.07351  0.36751  0.59995
35 36	 0.19389  0.72491  1.00000  1.00000  1.00000
36 37	 0.00435  0.02578  0.22989  0.79139  0.95648
37 38	 0.01930  0.11016  0.68876  0.99909  1.00000
38 39	 0.00062  0.00370  0.03636  0.19925  0.35880
39 40	 0.68777  0.99906  1.00000  1.00000  1.00000
40 41	 0.74843  0.99974  1.00000  1.00000  1.00000
41 42	 0.23313  0.79597  1.00000  1.00000  1.00000
42 43	 0.05301  0.27829  0.96166  1.00000  1.00000
43 44	 0.05891  0.30480  0.97363  1.00000  1.00000
44 45	 0.49972  0.98419  1.00000  1.00000  1.00000
45 46	 0.94617  1.00000  1.00000  1.00000  1.00000
46 47	 0.07032  0.35380  0.98730  1.00000  1.00000
47 48	 0.00015  0.00089  0.00888  0.05209  0.10148
48 49	 0.00167  0.00998  0.09541  0.45209  0.69979
49 50	 0.01499  0.08649  0.59530  0.99561  0.99998
50 51	 0.00115  0.00689  0.06684  0.33973  0.56404
51 52	 0.00007  0.00042  0.00415  0.02462  0.04863
52 53	 0.00324  0.01923  0.17652  0.68818  0.90277
53 54	 0.20787  0.75227  1.00000  1.00000  1.00000
54 55	 0.02688  0.15056  0.80441  0.99994  1.00000
55 56	 0.00369  0.02187  0.19835  0.73460  0.92956
56 57	 0.00037  0.00220  0.02183  0.12403  0.23268
57 58	 0.00041  0.00244  0.02414  0.13639  0.25417
58 59	 0.00024  0.00147  0.01456  0.08423  0.16136
59 60	 0.00000  0.00000  0.00005  0.00030  0.00059
60 61	 0.00013  0.00075  0.00749  0.04409  0.08624
61 62	 0.00021  0.00125  0.01241  0.07217  0.13913
62 63	 0.00052  0.00314  0.03092  0.17177  0.31403
64 65	 0.01744  0.09999  0.65128  0.99820  1.00000
65 66	 0.00067  0.00398  0.03907  0.21268  0.38012
66 67	 0.00057  0.00339  0.03337  0.18424  0.33453
67 68	 0.00017  0.00101  0.01003  0.05870  0.11396
68 69	 0.11116  0.50618  0.99914  1.00000  1.00000
69 70	 0.78999  0.99991  1.00000  1.00000  1.00000
70 71	 0.00521  0.03079  0.26858  0.84689  0.97656
72 73	 0.20626  0.74923  1.00000  1.00000  1.00000
73 74	 0.00213  0.01271  0.12009  0.53587  0.78458
74 75	 0.00109  0.00652  0.06330  0.32455  0.54377
75 76	 0.00468  0.02772  0.24509  0.81492  0.96575
76 77	 0.30897  0.89063  1.00000  1.00000  1.00000
77 78	 0.12381  0.54682  0.99963  1.00000  1.00000
78 79	 0.00261  0.01553  0.14492  0.60912  0.84722
80 81	 0.67041  0.99870  1.00000  1.00000  1.00000
81 82	 0.57612  0.99414  1.00000  1.00000  1.00000
82 83	 0.07790  0.38468  0.99222  1.00000  1.00000
84 85	 0.07396  0.36877  0.98996  1.00000  1.00000
85 86	 0.12595  0.55341  0.99968  1.00000  1.00000
86 87	 0.36594  0.93466  1.00000  1.00000  1.00000
87 88	 1.00000  1.00000  1.00000  1.00000  1.00000
88 89	 0.08590  0.41597  0.99538  1.00000  1.00000
89 90	 0.00018  0.00106  0.01052  0.06149  0.11920
90 91	 0.00130  0.00774  0.07474  0.37253  0.60628
91 92	 0.01389  0.08034  0.56723  0.99343  0.99996
92 93	 0.00082  0.00492  0.04814  0.25623  0.44681
93 94	 0.00580  0.03425  0.29425  0.87643  0.98473
94 95	 0.07282  0.36413  0.98919  1.00000  1.00000
95 96	 0.02420  0.13646  0.76941  0.99985  1.00000
96 97	 0.00018  0.00110  0.01093  0.06384  0.12360
97 98	 0.01567  0.09023  0.61157  0.99657  0.99999
98 99	 0.00028  0.00167  0.01661  0.09564  0.18213
99 100	 0.00044  0.00262  0.02592  0.14578  0.27031
100 101	 0.01932  0.11028  0.68915  0.99910  1.00000
101 102	 0.05702  0.29639  0.97026  1.00000  1.00000
102 103	 0.01232  0.07154  0.52400  0.98837  0.99986
103 104	 0.00213  0.01268  0.11980  0.53495  0.78373
105 106	 0.29512  0.87683  1.00000  1.00000  1.00000
106 107	 0.01760  0.10085  0.65459  0.99830  1.00000
107 108	 0.00115  0.00687  0.06660  0.33871  0.56269
108 109	 0.00104  0.00622  0.06047  0.31219  0.52691
109 110	 0.08262  0.40332  0.99428  1.00000  1.00000
110 111	 0.36967  0.93693  1.00000  1.00000  1.00000
111 112	 0.09614  0.45408  0.99765  1.00000  1.00000
112 113	 0.00012  0.00070  0.00694  0.04091  0.08015
113 114	 0.00012  0.00073  0.00725  0.04271  0.08359
114 115	 0.00183  0.01092  0.10403  0.48267  0.73237
115 116	 0.01789  0.10247  0.66077  0.99848  1.00000
116 117	 0.01566  0.09018  0.61136  0.99655  0.99999
117 118	 0.08810  0.42436  0.99601  1.00000  1.00000
118 119	 0.00059  0.00353  0.03473  0.19109  0.34567
120 121	 0.00043  0.00260  0.02565  0.14436  0.26788
121 122	 0.00135  0.00806  0.07776  0.38474  0.62146
122 123	 0.00378  0.02241  0.20279  0.74329  0.93410
123 124	 0.00072  0.00431  0.04228  0.22834  0.40454
124 125	 0.00001  0.00005  0.00053  0.00320  0.00640
125 126	 0.00003  0.00015  0.00154  0.00923  0.01838
126 127	 0.00006  0.00034  0.00337  0.02005  0.03970
127 128	 0.00018  0.00110  0.01093  0.06380  0.12353
128 129	 0.00573  0.03383  0.29121  0.87320  0.98392
129 130	 0.04523  0.24205  0.93742  1.00000  1.00000
131 132	 0.05836  0.30236  0.97269  1.00000  1.00000
132 133	 0.02088  0.11867  0.71726  0.99949  1.00000
133 134	 0.00235  0.01397  0.13122  0.57001  0.81511
135 136	 0.18239  0.70056  0.99999  1.00000  1.00000
136 137	 0.06900  0.34827  0.98617  1.00000  1.00000
137 138	 0.00113  0.00676  0.06554  0.33417  0.55667
138 139	 0.02685  0.15039  0.80403  0.99994  1.00000
139 140	 0.22386  0.78074  1.00000  1.00000  1.00000
140 141	 0.01462  0.08439  0.58592  0.99496  0.99997
141 142	 0.00242  0.01441  0.13512  0.58146  0.82483
142 143	 0.00000  0.00002  0.00019  0.00114  0.00228
143 144	 0.00026  0.00154  0.01525  0.08809  0.16842
144 145	 0.00286  0.01703  0.15783  0.64321  0.87270
145 146	 0.46725  0.97696  1.00000  1.00000  1.00000
146 147	 0.83748  0.99998  1.00000  1.00000  1.00000
147 148	 0.06335  0.32421  0.98013  1.00000  1.00000
149 150	 0.01919  0.10956  0.68663  0.99905  1.00000
150 151	 0.00034  0.00203  0.02007  0.11454  0.21597
151 152	 0.00136  0.00813  0.07838  0.38722  0.62450
152 153	 0.00441  0.02613  0.23260  0.79577  0.95829
153 154	 0.00197  0.01173  0.11134  0.50749  0.75744
154 155	 0.00126  0.00751  0.07263  0.36390  0.59538
155 156	 0.00169  0.01010  0.09655  0.45623  0.70432
156 157	 0.01786  0.10228  0.66007  0.99846  1.00000
157 158	 0.00284  0.01690  0.15669  0.64033  0.87063
158 159	 0.00030  0.00181  0.01796  0.10305  0.19548
159 160	 0.00001  0.00005  0.00050  0.00302  0.00604
160 161	 0.00036  0.00218  0.02159  0.12275  0.23044
162 163	 0.00350  0.02079  0.18950  0.71653  0.91964
164 165	 0.10581  0.48814  0.99877  1.00000  1.00000
166 167	 0.69364  0.99916  1.00000  1.00000  1.00000
167 168	 1.00000  1.00000  1.00000  1.00000  1.00000
168 169	 0.08413  0.40916  0.99482  1.00000  1.00000
169 170	 0.00020  0.00117  0.01161  0.06768  0.13077
170 171	 0.04791  0.25472  0.94713  1.00000  1.00000
171 172	 0.23572  0.80006  1.00000  1.00000  1.00000
172 173	 0.00051  0.00307  0.03032  0.16865  0.30886
173 174	 0.00005  0.00032  0.00318  0.01892  0.03748
174 175	 0.02098  0.11923  0.71906  0.99951  1.00000
175 176	 0.52473  0.98837  1.00000  1.00000  1.00000
176 177	 0.35549  0.92795  1.00000  1.00000  1.00000
177 178	 0.02206  0.12505  0.73708  0.99967  1.00000
178 179	 0.00013  0.00076  0.00758  0.04464  0.08728
179 180	 0.00038  0.00229  0.02264  0.12840  0.24031
180 181	 0.00009  0.00055  0.00549  0.03251  0.06396
181 182	 0.00009  0.00051  0.00511  0.03025  0.05958
182 183	 0.01185  0.06888  0.51016  0.98619  0.99981
183 184	 0.00221  0.01315  0.12402  0.54818  0.79586
185 186	 0.00143  0.00854  0.08219  0.40224  0.64268
186 187	 0.01293  0.07494  0.54114  0.99067  0.99991
187 188	 0.03367  0.18542  0.87137  1.00000  1.00000
188 189	 0.00006  0.00036  0.00361  0.02145  0.04244
189 190	 0.00013  0.00079  0.00789  0.04640  0.09064
190 191	 0.09332  0.44379  0.99717  1.00000  1.00000
191 192	 0.03607  0.19748  0.88920  1.00000  1.00000
192 193	 0.01916  0.10936  0.68594  0.99904  1.00000
193 194	 0.00081  0.00482  0.04721  0.25186  0.44028
194 195	 0.00233  0.01385  0.13016  0.56687  0.81239
195 196	 0.28009  0.86024  1.00000  1.00000  1.00000
196 197	 0.03338  0.18396  0.86904  0.99999  1.00000
197 198	 0.02933  0.16326  0.83177  0.99998  1.00000
199 200	 0.00098  0.00587  0.05717  0.29756  0.50658
200 201	 0.00004  0.00026  0.00263  0.01569  0.03113
201 202	 0.00009  0.00053  0.00524  0.03103  0.06110
202 203	 0.00034  0.00205  0.02031  0.11584  0.21826
203 204	 0.03835  0.20876  0.90383  1.00000  1.00000
204 205	 0.12031  0.53587  0.99954  1.00000  1.00000
205 206	 0.85598  0.99999  1.00000  1.00000  1.00000
206 207	 0.03177  0.17580  0.85534  0.99999  1.00000
207 208	 0.00195  0.01161  0.11018  0.50363  0.75362
208 209	 0.00070  0.00419  0.04113  0.22273  0.39586
209 210	 0.01882  0.10755  0.67949  0.99892  1.00000
210 211	 0.00000  0.00002  0.00024  0.00145  0.00290
211 212	 0.00001  0.00004  0.00044  0.00262  0.00524
212 213	 0.00002  0.00013  0.00128  0.00766  0.01526
213 214	 0.00003  0.00020  0.00197  0.01179  0.02344
214 215	 0.00003  0.00017  0.00170  0.01017  0.02023
215 216	 0.00002  0.00011  0.00113  0.00673  0.01342
216 217	 0.03770  0.20555  0.89984  1.00000  1.00000
217 218	 0.99440  1.00000  1.00000  1.00000  1.00000
218 219	 0.13302  0.57461  0.99981  1.00000  1.00000
219 220	 0.00495  0.02928  0.25711  0.83191  0.97175
220 221	 0.05589  0.29135  0.96806  1.00000  1.00000
221 222	 0.05748  0.29847  0.97113  1.00000  1.00000
222 223	 0.00885  0.05183  0.41269  0.95896  0.99832
223 224	 0.53533  0.98984  1.00000  1.00000  1.00000
224 225	 0.99983  1.00000  1.00000  1.00000  1.00000
225 226	 0.93186  1.00000  1.00000  1.00000  1.00000
226 227	 0.05905  0.30543  0.97387  1.00000  1.00000
227 228	 0.00066  0.00393  0.03863  0.21052  0.37671
228 229	 0.01376  0.07965  0.56394  0.99312  0.99995
229 230	 0.00952  0.05564  0.43590  0.96778  0.99896
230 231	 0.00063  0.00375  0.03686  0.20175  0.36279
231 232	 0.00671  0.03949  0.33163  0.91085  0.99205
232 233	 0.01049  0.06117  0.46806  0.97734  0.99949
233 234	 0.00008  0.00048  0.00481  0.02849  0.05617
234 235	 0.00009  0.00056  0.00562  0.03325  0.06539
235 236	 0.00260  0.01547  0.14439  0.60766  0.84607
236 237	 0.00145  0.00867  0.08337  0.40685  0.64818
237 238	 0.00002  0.00010  0.00097  0.00579  0.01154
238 239	 0.00011  0.00064  0.00633  0.03741  0.07342
239 240	 0.02588  0.14528  0.79192  0.99992  1.00000
240 241	 0.11111  0.50603  0.99914  1.00000  1.00000
241 242	 0.00387  0.02294  0.20709  0.75149  0.93824
242 243	 0.00127  0.00755  0.07302  0.36551  0.59742
243 244	 0.03537  0.19397  0.88426  1.00000  1.00000
244 245	 0.04783  0.25435  0.94687  1.00000  1.00000
245 246	 0.00227  0.01350  0.12705  0.55748  0.80418
246 247	 0.03455  0.18987  0.87823  1.00000  1.00000
247 248	 0.56029  0.99270  1.00000  1.00000  1.00000
248 249	 0.00474  0.02806  0.24769  0.81870  0.96713
249 250	 0.02565  0.14411  0.78905  0.99991  1.00000
250 251	 0.28383  0.86453  1.00000  1.00000  1.00000
251 252	 0.03759  0.20500  0.89916  1.00000  1.00000
252 253	 0.00155  0.00926  0.08882  0.42768  0.67245
253 254	 0.00076  0.00457  0.04474  0.24017  0.42265
254 255	 0.00774  0.04545  0.37198  0.93865  0.99624
255 256	 0.02047  0.11648  0.71017  0.99941  1.00000
256 257	 0.00037  0.00221  0.02193  0.12456  0.23361
257 258	 0.00553  0.03265  0.28248  0.86354  0.98138
258 259	 0.16576  0.66218  0.99998  1.00000  1.00000
259 260	 0.06258  0.32088  0.97913  1.00000  1.00000
260 261	 0.05348  0.28045  0.96279  1.00000  1.00000
261 262	 1.00000  1.00000  1.00000  1.00000  1.00000
262 263	 0.97594  1.00000  1.00000  1.00000  1.00000
263 264	 0.04223  0.22770  0.92451  1.00000  1.00000
264 265	 0.01045  0.06097  0.46689  0.97704  0.99947
265 266	 0.40926  0.95723  1.00000  1.00000  1.00000
266 267	 0.01670  0.09593  0.63522  0.99764  0.99999
267 268	 0.56629  0.99328  1.00000  1.00000  1.00000
268 269	 0.02936  0.16344  0.83212  0.99998  1.00000
269 270	 0.37499  0.94005  1.00000  1.00000  1.00000
270 271	 1.00000  1.00000  1.00000  1.00000  1.00000
271 272	 0.99979  1.00000  1.00000  1.00000  1.00000
272 273	 0.13354  0.57614  0.99981  1.00000  1.00000
273 274	 0.00048  0.00290  0.02859  0.15971  0.29392
274 275	 0.01479  0.08537  0.59031  0.99527  0.99998
275 276	 0.13362  0.57635  0.99981  1.00000  1.00000
276 277	 0.00258  0.01536  0.14345  0.60507  0.84403
277 278	 0.00177  0.01057  0.10082  0.47147  0.72065
278 279	 0.04708  0.25081  0.94429  1.00000  1.00000
279 280	 0.09832  0.46190  0.99796  1.00000  1.00000
280 281	 0.00699  0.04111  0.34282  0.91945  0.99351
282 283	 0.28337  0.86401  1.00000  1.00000  1.00000
283 284	 0.00952  0.05567  0.43603  0.96782  0.99896
284 285	 0.00144  0.00860  0.08275  0.40446  0.64533
285 286	 0.01533  0.08834  0.60343  0.99611  0.99998
286 287	 0.01246  0.07232  0.52796  0.98894  0.99988
287 288	 0.00145  0.00867  0.08340  0.40698  0.64833
288 289	 0.00196  0.01170  0.11099  0.50634  0.75630
289 290	 0.03293  0.18171  0.86538  0.99999  1.00000
290 291	 0.14673  0.61333  0.99993  1.00000  1.00000
291 292	 0.00318  0.01887  0.17342  0.68106  0.89828
292 293	 0.03566  0.19541  0.88631  1.00000  1.00000
293 294	 0.98890  1.00000  1.00000  1.00000  1.00000
294 295	 0.72627  0.99957  1.00000  1.00000  1.00000
295 296	 0.01543  0.08889  0.60581  0.99625  0.99999
296 297	 0.00129  0.00769  0.07426  0.37058  0.60383
297 298	 0.11470  0.51787  0.99932  1.00000  1.00000
298 299	 0.01032  0.06022  0.46267  0.97593  0.99942
299 300	 0.00064  0.00384  0.03774  0.20614  0.36979
300 301	 0.01155  0.06719  0.50120  0.98460  0.99976
301 302	 0.01307  0.07575  0.54513  0.99114  0.99992
302 303	 0.00054  0.00321  0.03165  0.17551  0.32022
303 304	 0.00315  0.01870  0.17201  0.67778  0.89618
304 305	 0.00663  0.03908  0.32875  0.90852  0.99163
305 306	 0.00347  0.02061  0.18802  0.71339  0.91786
306 307	 0.00034  0.00201  0.01991  0.11366  0.21440
307 308	 0.17571  0.68559  0.99999  1.00000  1.00000
308 309	 0.39443  0.95038  1.00000  1.00000  1.00000
309 310	 0.00176  0.01048  0.10002  0.46862  0.71764
