# ResID Deuterated fraction, Times /
1 2	 0.95939  0.96485  1.00000  1.00000  1.00000
2 3	 0.00953  0.00000  0.11002  0.46784  0.72435
3 4	 0.02116  0.00000  0.03040  0.07775  0.11806
4 5	 0.00000  0.01752  0.00580  0.00000  0.03986
5 6	 0.02701  0.04568  0.00835  0.01600  0.06303
6 7	 0.01947  0.03072  0.01296  0.15090  0.24488
7 8	 0.00000  0.08012  0.17804  0.67950  0.88447
8 9	 0.02083  0.02204  0.01426  0.21000  0.37098
9 10	 0.00000  0.05508  0.05887  0.34235  0.57623
10 11	 0.44751  0.99227  1.00000  1.00000  0.97503
11 12	 0.06032  0.27226  1.00000  0.97425  1.00000
12 13	 0.02909  0.09766  0.65179  1.00000  1.00000
13 14	 0.00924  0.00292  0.27406  0.85708  0.98375
14 15	 0.00000  0.00601  0.06279  0.50110  0.72614
15 16	 0.00000  0.03689  0.07449  0.20034  0.37378
16 17	 0.01139  0.01006  0.00000  0.05688  0.13417
17 18	 0.02068  0.00000  0.05021  0.14726  0.26457
18 19	 0.00000  0.00000  0.05544  0.04815  0.11153
19 20	 0.00000  0.00000  0.09894  0.36198  0.65236
20 21	 0.01702  0.12373  0.72487  0.97306  1.00000
21 22	 0.01443  0.00000  0.01045  0.03932  0.07666
22 23	 0.00515  0.00000  0.09651  0.33601  0.56784
23 24	 0.00982  0.05341  0.43195  0.94794  0.98362
24 25	 0.01893  0.09361  0.53558  1.00000  1.00000
25 26	 0.01764  0.00000  0.00000  0.01726  0.04148
26 27	 0.00000  0.01523  0.05045  0.20329  0.35818
27 28	 0.52427  0.99423  1.00000  0.99986  0.97580
28 29	 0.23344  0.77120  0.98411  0.97690  1.00000
29 30	 0.12601  0.68403  0.99265  0.97581  1.00000
30 31	 0.98362  1.00000  1.00000  1.00000  1.00000
31 32	 0.60526  1.00000  0.97661  1.00000  1.00000
32 33	 0.04610  0.27156  0.93882  0.98258  0.99715
33 34	 0.00000  0.02015  0.03906  0.15748  0.22385
34 35	 0.02195  0.00000  0.07663  0.37223  0.58223
35 36	 0.17566  0.75502  0.99822  1.00000  0.99823
36 37	 0.00000  0.03544  0.23260  0.79435  0.97138
37 38	 0.00361  0.10323  0.71348  0.98295  1.00000
38 39	 0.00000  0.01509  0.02651  0.17473  0.36265
39 40	 0.66407  0.97468  0.96727  1.00000  1.00000
40 41	 0.76878  0.99300  0.99180  0.99145  1.00000
41 42	 0.24780  0.76711  1.00000  0.98569  0.99910
42 43	 0.04114  0.30448  0.95217  1.00000  0.99455
43 44	 0.01353  0.31950  0.97348  0.99660  1.00000
44 45	 0.51929  0.98169  0.98900  0.99120  1.00000
45 46	 0.92500  1.00000  0.99096  1.00000  1.00000
46 47	 0.08668  0.34043  0.98933  1.00000  1.00000
47 48	 0.00000  0.00000  0.00585  0.02887  0.08263
48 49	 0.02757  0.00000  0.10090  0.46587  0.67809
49 50	 0.00000  0.10983  0.61063  1.00000  1.00000
50 51	 0.00000  0.00251  0.07425  0.35393  0.58462
51 52	 0.00000  0.00000  0.00009  0.01042  0.02498
52 53	 0.01280  0.02466  0.16706  0.68168  0.91037
53 54	 0.20154  0.77429  0.98758  0.97619  1.00000
54 55	 0.05863  0.18594  0.79041  1.00000  1.00000
55 56	 0.00000  0.00180  0.22320  0.73838  0.92558
56 57	 0.03435  0.00043  0.01134  0.14489  0.23804
57 58	 0.00000  0.00000  0.04830  0.15470  0.26319
58 59	 0.04263  0.00000  0.02075  0.08292  0.19601
59 60	 0.00000  0.05834  0.01077  0.01735  0.00000
60 61	 0.01545  0.00000  0.00000  0.02228  0.07245
61 62	 0.02150  0.00215  0.01857  0.03845  0.16238
62 63	 0.00707  0.00000  0.04084  0.12327  0.32523
64 65	 0.01348  0.11422  0.61308  0.96476  0.98956
65 66	 0.00000  0.00000  0.06087  0.19866  0.38858
66 67	 0.01619  0.00756  0.03581  0.18833  0.32014
67 68	 0.03200  0.01412  0.03157  0.03620  0.08973
68 69	 0.06885  0.53960  1.00000  0.98442  1.00000
69 70	 0.77495  0.96977  0.99958  0.99457  1.00000
70 71	 0.03453  0.04725  0.25703  0.85854  0.97368
72 73	 0.21381  0.71976  1.00000  1.00000  0.98731
73 74	 0.00669  0.00000  0.11815  0.56448  0.77918
74 75	 0.00619  0.00000  0.07572  0.33018  0.51909
75 76	 0.03478  0.03569  0.22450  0.80543  0.97639
76 77	 0.29863  0.84971  0.96080  0.98734  1.00000
77 78	 0.11419  0.56958  0.99254  0.99211  1.00000
78 79	 0.00984  0.00349  0.14131  0.60911  0.89417
80 81	 0.66280  0.97556  1.00000  0.99351  1.00000
81 82	 0.53878  0.99227  0.99255  1.00000  0.98163
82 83	 0.06767  0.37198  1.00000  0.97263  0.99006
84 85	 0.08348  0.40154  1.00000  1.00000  1.00000
85 86	 0.14483  0.56491  0.98663  1.00000  1.00000
86 87	 0.36410  0.91307  1.00000  1.00000  0.94777
87 88	 1.00000  1.00000  1.00000  0.97525  0.98588
88 89	 0.10505  0.42808  0.99367  0.94994  1.00000
89 90	 0.00000  0.00000  0.01000  0.04766  0.09494
90 91	 0.00000  0.00000  0.08204  0.38628  0.60535
91 92	 0.01984  0.10597  0.58379  0.99000  1.00000
92 93	 0.00762  0.03100  0.08194  0.22452  0.45957
93 94	 0.00000  0.02402  0.33321  0.87033  0.95835
94 95	 0.09018  0.38639  0.95872  1.00000  0.97963
95 96	 0.02878  0.16525  0.75907  0.98540  0.97555
96 97	 0.00502  0.03071  0.02055  0.06741  0.12438
97 98	 0.00000  0.07323  0.60124  0.98710  0.99724
98 99	 0.02971  0.03935  0.00042  0.11759  0.19296
99 100	 0.00141  0.01127  0.01768  0.18283  0.27068
100 101	 0.02740  0.12989  0.68615  1.00000  0.98155
101 102	 0.04608  0.26768  0.97537  0.99971  0.99210
102 103	 0.00000  0.11326  0.49156  1.00000  1.00000
103 104	 0.00000  0.00000  0.12707  0.56342  0.82342
105 106	 0.29160  0.86029  1.00000  0.97827  0.99165
106 107	 0.02517  0.11691  0.66755  1.00000  0.99816
107 108	 0.00490  0.00000  0.05151  0.33621  0.58488
108 109	 0.00127  0.00000  0.06672  0.33213  0.51646
109 110	 0.09099  0.37906  1.00000  0.98528  0.99303
110 111	 0.37158  0.95310  1.00000  1.00000  1.00000
111 112	 0.05701  0.46450  0.96534  0.98277  0.96455
112 113	 0.00000  0.00000  0.00330  0.04258  0.08076
113 114	 0.00000  0.00000  0.02596  0.01861  0.08953
114 115	 0.03031  0.00000  0.12399  0.48062  0.77053
115 116	 0.02519  0.11771  0.67625  1.00000  0.99002
116 117	 0.00272  0.07842  0.62676  0.99580  1.00000
117 118	 0.08919  0.46912  0.98260  1.00000  0.97409
118 119	 0.04630  0.00000  0.00000  0.19119  0.33120
120 121	 0.00000  0.03213  0.02192  0.17538  0.22285
121 122	 0.00000  0.01203  0.04753  0.40051  0.59936
122 123	 0.00000  0.01306  0.18680  0.74646  0.94156
123 124	 0.02387  0.02539  0.04926  0.22510  0.41089
124 125	 0.00000  0.00000  0.00132  0.00000  0.00000
125 126	 0.03404  0.00000  0.03716  0.00000  0.01674
126 127	 0.00000  0.00000  0.00000  0.04420  0.00995
127 128	 0.00000  0.00931  0.01677  0.04614  0.07681
128 129	 0.00707  0.01420  0.30739  0.89426  0.97998
129 130	 0.07278  0.23268  0.95090  0.99084  1.00000
131 132	 0.08628  0.31746  0.98038  1.00000  0.98554
132 133	 0.02388  0.12404  0.72809  0.99184  0.99975
133 134	 0.03374  0.03144  0.14211  0.57308  0.81608
135 136	 0.18084  0.72113  1.00000  0.97224  1.00000
136 137	 0.07647  0.37407  1.00000  0.99852  0.96836
137 138	 0.00000  0.00000  0.10269  0.34858  0.55897
138 139	 0.02782  0.18060  0.81843  1.00000  1.00000
139 140	 0.21679  0.74557  0.96703  0.96760  0.99644
140 141	 0.06052  0.07761  0.57633  0.96320  1.00000
141 142	 0.02563  0.00000  0.14755  0.57751  0.83291
142 143	 0.02811  0.00551  0.00000  0.01132  0.00247
143 144	 0.02138  0.00000  0.01495  0.05270  0.16571
144 145	 0.00153  0.00000  0.17088  0.61360  0.88614
145 146	 0.48819  1.00000  0.97097  1.00000  0.98302
146 147	 0.83172  0.99955  0.98804  1.00000  0.99796
147 148	 0.07757  0.36610  0.99931  0.98191  0.99819
149 150	 0.03842  0.12469  0.69444  0.95554  1.00000
150 151	 0.00000  0.00000  0.00000  0.15324  0.21262
151 152	 0.03250  0.02090  0.06343  0.42092  0.61132
152 153	 0.04174  0.01707  0.22018  0.78149  0.94790
153 154	 0.00000  0.00000  0.05571  0.47772  0.75749
154 155	 0.00000  0.01516  0.08892  0.39201  0.61269
155 156	 0.00000  0.05303  0.09600  0.48794  0.67018
156 157	 0.05012  0.11026  0.62483  0.96773  1.00000
157 158	 0.03558  0.07076  0.15708  0.64330  0.88494
158 159	 0.04898  0.00000  0.00041  0.13779  0.17777
159 160	 0.00000  0.02652  0.00000  0.00000  0.01947
160 161	 0.00000  0.02037  0.00929  0.09926  0.22680
162 163	 0.00000  0.04743  0.17906  0.74685  0.94005
164 165	 0.11046  0.45589  1.00000  1.00000  0.97090
166 167	 0.66948  1.00000  1.00000  1.00000  0.97302
167 168	 1.00000  1.00000  0.99158  1.00000  1.00000
168 169	 0.09208  0.39084  1.00000  0.98048  1.00000
169 170	 0.00725  0.01731  0.00654  0.08144  0.11921
170 171	 0.04490  0.26952  0.93105  0.97664  0.99177
171 172	 0.22674  0.80806  1.00000  1.00000  1.00000
172 173	 0.00588  0.01067  0.04139  0.18014  0.33106
173 174	 0.00000  0.00007  0.02120  0.07782  0.06408
174 175	 0.00117  0.10321  0.70352  1.00000  1.00000
175 176	 0.55495  0.98261  1.00000  1.00000  1.00000
176 177	 0.36665  0.94853  1.00000  0.99208  0.96259
177 178	 0.01256  0.12942  0.71013  0.99379  0.98886
178 179	 0.00000  0.00000  0.00000  0.00000  0.12881
179 180	 0.01300  0.01361  0.01666  0.11420  0.21273
180 181	 0.00000  0.00345  0.02411  0.01584  0.07711
181 182	 0.00000  0.01390  0.02462  0.03774  0.08879
182 183	 0.01097  0.07341  0.47408  1.00000  1.00000
183 184	 0.00000  0.06320  0.12932  0.55225  0.83782
185 186	 0.01522  0.00660  0.08686  0.40556  0.65290
186 187	 0.01743  0.09902  0.59161  0.97978  0.97707
187 188	 0.01636  0.17322  0.87785  0.99429  1.00000
188 189	 0.00000  0.02284  0.02131  0.03917  0.00185
189 190	 0.00000  0.00000  0.00000  0.07599  0.07689
190 191	 0.06521  0.45154  0.94604  0.97917  1.00000
191 192	 0.02369  0.21099  0.83075  0.97785  1.00000
192 193	 0.00000  0.12445  0.67398  0.98109  0.98636
193 194	 0.00000  0.03814  0.04488  0.25074  0.42273
194 195	 0.01212  0.04843  0.14169  0.56103  0.78912
195 196	 0.26412  0.88843  0.99515  0.98806  1.00000
196 197	 0.03402  0.16297  0.86608  0.97914  1.00000
197 198	 0.03630  0.16157  0.82574  0.98570  1.00000
199 200	 0.02788  0.00000  0.05710  0.29272  0.49502
200 201	 0.00635  0.01173  0.00946  0.01041  0.02272
201 202	 0.01921  0.00000  0.01604  0.01451  0.06358
202 203	 0.00000  0.01807  0.00000  0.11023  0.21642
203 204	 0.01830  0.21517  0.94682  1.00000  1.00000
204 205	 0.09880  0.51101  0.97268  0.99848  1.00000
205 206	 0.87032  0.99244  0.96650  0.95849  0.95176
206 207	 0.03561  0.20557  0.86938  1.00000  1.00000
207 208	 0.00000  0.02287  0.13394  0.45747  0.73958
208 209	 0.00233  0.01207  0.04984  0.21837  0.39480
209 210	 0.01361  0.13763  0.69006  1.00000  0.95923
210 211	 0.01200  0.00000  0.00000  0.00000  0.00000
211 212	 0.01855  0.03297  0.02708  0.00000  0.02543
212 213	 0.00000  0.00670  0.00000  0.03286  0.01389
213 214	 0.00397  0.00000  0.00000  0.00000  0.03431
214 215	 0.00823  0.00000  0.00000  0.03773  0.00065
215 216	 0.00000  0.04509  0.00000  0.01622  0.01179
216 217	 0.05237  0.20983  0.91688  0.96041  0.99506
217 218	 0.96020  1.00000  0.99961  0.98741  0.98635
218 219	 0.13433  0.58372  0.99583  1.00000  1.00000
219 220	 0.01859  0.03716  0.23284  0.80946  0.99326
220 221	 0.06269  0.22852  0.92423  1.00000  0.96246
221 222	 0.04152  0.29570  0.97750  0.96689  0.98065
222 223	 0.00796  0.11051  0.43458  0.93168  0.95221
223 224	 0.54462  0.96911  0.98683  1.00000  1.00000
224 225	 1.00000  1.00000  1.00000  1.00000  1.00000
225 226	 0.92136  1.00000  1.00000  0.98148  1.00000
226 227	 0.04469  0.30434  0.97230  1.00000  1.00000
227 228	 0.02026  0.00000  0.01909  0.20158  0.39073
228 229	 0.03476  0.04542  0.58791  0.99026  0.99876
229 230	 0.00000  0.06151  0.41496  0.97938  1.00000
230 231	 0.04725  0.00184  0.03986  0.21202  0.37317
231 232	 0.00000  0.05733  0.27558  0.89962  0.99735
232 233	 0.00000  0.08471  0.46342  0.98015  1.00000
233 234	 0.00000  0.00000  0.00000  0.00700  0.05965
234 235	 0.00000  0.00000  0.00989  0.03960  0.04849
235 236	 0.01580  0.00000  0.15951  0.60751  0.81969
236 237	 0.03165  0.01514  0.04855  0.41479  0.63366
237 238	 0.03715  0.00527  0.00246  0.00000  0.01635
238 239	 0.04400  0.02248  0.01166  0.01875  0.10341
239 240	 0.03847  0.13451  0.77876  1.00000  0.98630
240 241	 0.11952  0.49939  0.97693  0.98312  1.00000
241 242	 0.02347  0.01298  0.20468  0.74828  0.91641
242 243	 0.03149  0.00562  0.11101  0.35910  0.60808
243 244	 0.05427  0.21061  0.86988  1.00000  0.98694
244 245	 0.03177  0.20522  0.95297  1.00000  1.00000
245 246	 0.00323  0.01159  0.14354  0.54290  0.80203
246 247	 0.05577  0.20235  0.87771  0.99323  1.00000
247 248	 0.54558  0.98593  0.99793  0.99827  1.00000
248 249	 0.02172  0.04696  0.26726  0.83074  0.96786
249 250	 0.03958  0.14440  0.75734  0.99943  0.99648
250 251	 0.28529  0.87769  0.98798  0.99602  1.00000
251 252	 0.02603  0.19068  0.90799  0.98785  1.00000
252 253	 0.00721  0.00984  0.11207  0.40575  0.66373
253 254	 0.00000  0.00888  0.05082  0.22210  0.39934
254 255	 0.00000  0.05667  0.35655  0.90359  0.99687
255 256	 0.04555  0.10571  0.73865  0.97511  1.00000
256 257	 0.00172  0.00000  0.00592  0.11551  0.24738
257 258	 0.00000  0.02653  0.26004  0.85290  0.99365
258 259	 0.12136  0.67025  0.99561  1.00000  1.00000
259 260	 0.05365  0.31194  0.98828  1.00000  0.95919
260 261	 0.05136  0.23949  0.99512  0.99139  1.00000
261 262	 1.00000  0.99184  1.00000  0.98183  0.99732
262 263	 1.00000  0.99794  0.99025  0.96343  1.00000
263 264	 0.03617  0.24110  0.92435  0.98552  1.00000
264 265	 0.00946  0.02238  0.47724  0.96188  1.00000
265 266	 0.41100  0.98315  0.98349  1.00000  0.97920
266 267	 0.00000  0.06236  0.60623  0.99015  0.97531
267 268	 0.56858  1.00000  0.97812  0.97753  0.96602
268 269	 0.02341  0.15323  0.85037  1.00000  0.98444
269 270	 0.34816  0.96558  0.97702  1.00000  0.98203
270 271	 1.00000  1.00000  1.00000  0.97716  1.00000
271 272	 1.00000  1.00000  1.00000  1.00000  1.00000
272 273	 0.12344  0.59270  1.00000  1.00000  1.00000
273 274	 0.00000  0.00878  0.03454  0.15124  0.29448
274 275	 0.00088  0.11330  0.65361  1.00000  1.00000
275 276	 0.14456  0.59224  1.00000  0.99066  1.00000
276 277	 0.00000  0.04093  0.11730  0.61738  0.84222
277 278	 0.00000  0.00000  0.11857  0.48452  0.73420
278 279	 0.03388  0.25346  0.92732  1.00000  1.00000
279 280	 0.08886  0.47441  0.99088  0.97798  1.00000
280 281	 0.00000  0.00821  0.37161  0.91315  0.99189
282 283	 0.25729  0.85305  1.00000  0.99891  1.00000
283 284	 0.03968  0.05803  0.44296  0.99010  0.98580
284 285	 0.00000  0.00000  0.09128  0.37320  0.64680
285 286	 0.00316  0.10166  0.60421  1.00000  0.99837
286 287	 0.00987  0.06881  0.53246  1.00000  0.97583
287 288	 0.00000  0.00000  0.01301  0.39194  0.62457
288 289	 0.02840  0.02726  0.10937  0.48820  0.77826
289 290	 0.01647  0.18011  0.86984  1.00000  0.98853
290 291	 0.14601  0.59462  1.00000  1.00000  0.95577
291 292	 0.00797  0.04983  0.17378  0.67043  0.90293
292 293	 0.06568  0.19454  0.89653  0.99542  0.96002
293 294	 0.96262  1.00000  1.00000  0.99609  1.00000
294 295	 0.76461  1.00000  0.99688  0.97141  1.00000
295 296	 0.01205  0.09597  0.64390  1.00000  1.00000
296 297	 0.00015  0.02181  0.08179  0.38116  0.64291
297 298	 0.09133  0.52844  1.00000  1.00000  0.99921
298 299	 0.00000  0.07164  0.50362  0.98847  0.99988
299 300	 0.01524  0.00000  0.02811  0.19677  0.38215
300 301	 0.00000  0.07296  0.50789  0.99090  0.99867
301 302	 0.01645  0.10941  0.51005  0.98924  0.96658
302 303	 0.01008  0.00000  0.03252  0.15192  0.31869
303 304	 0.04309  0.02434  0.16437  0.66385  0.90708
304 305	 0.02865  0.06884  0.32187  0.91911  0.98616
305 306	 0.03244  0.03129  0.20474  0.64388  0.90130
306 307	 0.01144  0.02795  0.03240  0.11895  0.24387
307 308	 0.16403  0.65392  1.00000  1.00000  0.99132
308 309	 0.40527  0.95809  0.99476  0.99646  1.00000
309 310	 0.07053  0.03697  0.13316  0.50739  0.73034
