1.491627331272313457e-02
5.952027175324477762e-05
2.946388753119498006e-05
7.945306683898431175e-05
1.681620586834883465e-04
5.574620045472716948e-05
1.596929203631893652e-03
4.622084538691165288e-05
7.970804214578989947e-04
2.058514666126416779e-04
5.765480973849929563e-05
1.886810211274444102e-05
4.144825097502045376e-04
9.524280886567363942e-05
3.136355643596900857e-05
7.559143094863208753e-05
3.031730072526092449e-05
1.091631939914007409e-04
3.629436661429330893e-04
1.951633236456827515e-05
3.200019425609099523e-04
8.772725704314517680e-06
2.727497398074064439e-04
1.664819386157641995e-03
6.258437560272392711e-05
2.317008212751767388e-05
5.470755211178780731e-04
2.418768108855215166e-05
6.686431062192984545e-04
2.338678899378774281e-05
2.705059460741264085e-05
3.547636907091657708e-04
5.344060201498771612e-05
3.124258531923517477e-04
7.582583585958846655e-05
1.816142271827036331e-03
3.949171105639269919e-04
2.256254682607051630e-04
3.226441883934462115e-03
3.085796241148121055e-05
1.025913490921075968e-03
7.419483649865476907e-05
4.870870121291001132e-05
4.663890249026359934e-04
2.490200787603701039e-04
1.205422115699301749e-03
2.808183610536783105e-06
1.967576018963665830e-04
3.673425191097121870e-04
1.588022307105070292e-05
1.094138152615449906e-04
1.367739540990458083e-04
2.113115010212527755e-04
3.707517417707003118e-04
2.063286574366401558e-05
3.745044593271389913e-04
2.994322072202804607e-04
3.918645368773804143e-03
3.476741960513210164e-05
1.434159467834253713e-03
3.594746698201314156e-04
1.376500300410962198e-02
5.566860865116383776e-04
1.705891413966903469e-03
1.674870371620464343e-04
1.250735208318167401e-03
5.067837783634902143e-04
4.304447687352185026e-03
1.512815570458744786e-04
3.696295070957688261e-05
1.576620933734902913e-04
1.738737951049542903e-03
4.149434641813941967e-04
1.277720148525068183e-02
5.839691660880375886e-05
2.728549364974509634e-03
4.336353454581097413e-04
5.273594377113099366e-04
3.534128980252926669e-03
5.100284518854837065e-05
2.196317442969725772e-04
2.526747559092882753e-04
2.459590569319972781e-04
3.065829660456285423e-04
2.393522962716503229e-03
1.135076156662256789e-06
7.755555833889321170e-05
5.885837758774844922e-04
2.299420311328624709e-04
2.396961819489388699e-04
1.524298761408278536e-05
1.305670692626437960e-04
1.264227500444485877e-05
1.193080966953845758e-05
1.010600952265661325e-04
7.414959864327384417e-06
2.934363606454843429e-04
2.208394285008176590e-03
9.284915006254627001e-05
1.992041527700978338e-05
2.926716334395097654e-04
2.995112196609554887e-03
3.909908909374104798e-03
6.423080700215883822e-03
1.252929763192708315e-03
3.389644952916668675e-05
3.146209727973636115e-05
1.673798905484258600e-05
3.591222799271934804e-04
5.756137245786977072e-04
6.452571079701307881e-03
8.069092959727307485e-05
5.139938384198116961e-05
2.261291471544627039e-04
1.276051960139276459e-04
4.576746543874875284e-03
1.218770426758568928e-04
2.359183865537843160e-04
5.969745078088949168e-05
1.907039136042969175e-04
1.470219129970670822e-04
1.227272752126344125e-04
1.263319678858634506e-04
9.677917929473152015e-06
7.926161550031515920e-04
9.077152038431350991e-04
1.143409796470137851e-04
6.890886030565934045e-04
3.149568975776234170e-04
2.257758921262967655e-05
1.359002293810735666e-04
5.758352166585451815e-04
6.976352065533384500e-05
2.408006837283131957e-04
1.002716151066149674e-03
1.976264429341046194e-02
2.450732331138545032e-04
2.719669193355620657e-03
2.770173499845411387e-04
1.500806706865943094e-03
3.659632532989403274e-04
5.986295744889558006e-04
1.224712691994409778e-05
5.343764720462840408e-03
1.156046848356013677e-04
5.048869859217290949e-04
1.833405342305302187e-04
3.798362772302811037e-05
2.950280726342331228e-04
2.870234161828274174e-05
2.388613351978410436e-04
7.942534175285446973e-03
9.524993874294083952e-05
2.564269579168097584e-04
3.208722138560406102e-04
1.489666873020198184e-04
5.801997640831301606e-05
4.136259609545653304e-03
1.682907665847079709e-03
2.728557588303447677e-04
8.924713656302001824e-06
4.232196938607847376e-06
2.132454631119897449e-05
2.176460559555443985e-01
8.888566284025776565e-05
4.331036042678811245e-04
1.334635792373497359e-03
7.420064757625713175e-05
6.576501288451172024e-03
1.089821262830644117e-03
1.828719242180126185e-04
3.263410899154188180e-04
3.625987200185147000e-04
1.235875474999036978e-05
9.894920054218537064e-06
1.079238375655164984e-05
2.797103820606575966e-04
1.041649673137268325e-03
2.072025349946339881e-04
1.210926814793562237e-03
4.234981117455362352e-04
2.102061711432378407e-03
1.992951389971969262e-05
1.588300214797614058e-04
3.832735035204199131e-04
3.049523104942654340e-04
9.023240248338996149e-04
8.049991887576461594e-04
5.500025315792463841e-05
9.437313309938505541e-05
4.911396433264359884e-04
4.531108495278585169e-02
6.585278450187938488e-05
1.195007899636497695e-05
4.131844648097713485e-02
8.095849540687236751e-04
1.092022781584894761e-04
5.853505335987606610e-04
8.684832388055436711e-05
3.107415796980287411e-03
9.097814675720562641e-05
8.538364382128666032e-06
8.678660923143198793e-06
1.750367284342152540e-03
1.335574493312597223e-04
1.384980383412199570e-05
1.891197194777817037e-05
6.833472022360815613e-05
3.944509221087990188e-05
1.536471263330913418e-04
1.217243689096123883e-02
6.699348215643338841e-04
6.374915348992990201e-05
3.729563339796325167e-03
2.806085555120830101e-05
3.275935410347732900e-04
1.597238757460018614e-05
1.171670286822788483e-03
1.316941187052748440e-05
3.994112791390364042e-05
2.814564762145733328e-04
1.224048513601094963e-03
6.926167623389147941e-06
2.563111627128515538e-04
1.299245344220935914e-03
2.057362893671734011e-05
1.538767645747810117e-04
4.536374339732093179e-04
9.406182860444320360e-05
8.825957293188744872e-05
6.286653830085871253e-05
1.395664877182255725e-04
9.828190694439498142e-05
7.864941157217298284e-04
7.335634570396423618e-04
1.257322248605862629e-03
5.920813703331042553e-05
2.577374748499734313e-04
7.766011276778419592e-04
5.436923253359655900e-05
3.352525766160892079e-04
9.908749866347230182e-04
4.392275782849298579e-04
4.765856408507060843e-05
7.434471309546165885e-05
2.393913179932059170e-05
6.030384598698017122e-04
1.464151436399962596e-05
3.812751957219556297e-03
8.582495708422037059e-03
4.034899190934930296e-04
2.047055316699623873e-03
9.334872712100907022e-03
3.078593890840046823e-03
9.926080842714314883e-05
1.003954530968606665e-04
1.330013062345301888e-04
1.417670673019138204e-02
5.062446827996251085e-06
1.368895745605411733e-05
3.390215246679283839e-02
4.035757205260445067e-05
8.716518497547814937e-04
5.104418217554785924e-04
1.034743588350774991e-02
5.783965863228266715e-04
9.099052430120274898e-05
9.817084565722580824e-05
2.051857679624304048e-06
2.414977300222869144e-03
6.336893084069650836e-05
7.040379121730658090e-05
3.617631471104448913e-04
2.850146911885803822e-05
2.182670250455196565e-04
9.641565727049282431e-05
2.058730948588184933e-03
6.802464540828902586e-05
5.127197366667669430e-05
3.811900529937268666e-04
7.732750045595595970e-05
3.427659079347616098e-05
9.643715451044636018e-05
1.712237682734130378e-04
3.441804188438470596e-06
2.760085858766408800e-04
2.385462108197110211e-03
3.130614135861492183e-04
3.622097880138528802e-03
2.603311297057310687e-03
1.104280585721660428e-02
2.664059414548232202e-04
8.800979260845685824e-05
2.429813931884054217e-05
6.860573113564577682e-04
4.388964917232804006e-04
4.969437607713147759e-04
1.183573768528262974e-05
3.065247438665993072e-04
1.557387206281155557e-05
3.464654076518242434e-03
6.396352782976829103e-04
1.005037275301921091e-03
1.057827755737841781e-03
7.745955637975927247e-05
3.239437940273181323e-03
1.719321189626224608e-04
7.759451802493576300e-02
4.230749603140621117e-04
4.960963018390800042e-04
1.153231934271477591e-02
7.079312082746875038e-04
3.287999888043372995e-03
6.284854204152328435e-05
3.087672415814192613e-03
2.770131172597177223e-04
1.251070320904495265e-04
8.229443832716167419e-04
5.986295801813117838e-04
1.023307408330035358e-04
1.161838122284139166e-04
9.358813529421290342e-04
1.691203143816422539e-04
1.402699050572398410e-04
1.534564921446942872e-06
1.078857074560897917e-04
3.973609017660235785e-05
3.616564727207744606e-03
2.411184912277575178e-04
4.853797826714845100e-04
1.983372256259031095e-03
1.143130859689132830e-03
4.456743818477219691e-04
7.420910778729413415e-06
2.042256769638942134e-05
1.449054768721275465e-05
1.646443721658407929e-04
1.511149154925822864e-04
7.382086096455829486e-06
5.547376003569749335e-05
9.644659516605302895e-04
1.962367201013501001e-04
1.405676147861398273e-04
5.906456513574254554e-04
1.798509916041251969e-03
1.296382210525686459e-04
2.692205036630759005e-04
4.846387471324494449e-05
2.489736693610751831e-05
9.655409627842238482e-03
1.302148382427710127e-05
4.246793651566574927e-06
5.422911412860356023e-03
1.121839362663657396e-04
1.470453305616295546e-04
4.970629624473403389e-03
3.293069868721398017e-04
1.459095253622644359e-05
8.489443994049216205e-05
1.726600844469662610e-03
1.927721240532232502e-04
3.656203812764451892e-03
3.180684696359683161e-05
1.147182349246274108e-03
1.092895640511081244e-04
1.256723526557990524e-04
5.272484274769969606e-04
9.818295601711074787e-05
2.468862858005104830e-05
1.746597205917846971e-04
9.757063465886966385e-05
2.856146320472083603e-05
3.044015753610290992e-04
1.054021297309375507e-03
6.345658303312020634e-05
9.862632757535613694e-05
4.224440191993361816e-05
2.469090918330012902e-04
1.778270217222937535e-04
3.677815169180583059e-05
2.362876818268128468e-04
1.069150810935476777e-04
1.170681703686767108e-04
2.439457527338941955e-03
6.245116551366014096e-06
5.491094679000012866e-04
2.001752799433947460e-04
5.289235603688805746e-04
2.002997893494072416e-03
2.007860803008232537e-04
1.003942511331479400e-03
5.458928133855718925e-05
1.970212314821594461e-05
2.304173437869636454e-03
3.316093465555205165e-04
1.570078499736134614e-04
4.054141493668317743e-04
8.765676266704787185e-05
1.710255279908350773e-03
4.909698191306330686e-04
1.987295617190943691e-05
1.502747153765753626e-03
5.230339052796450887e-03
1.287955901585311098e-04
1.223301220630298525e-04
9.043309205270393971e-05
1.293658573120884912e-02
2.884374560323721870e-04
5.924046752893370781e-05
2.440897937969263055e-03
2.553746048203583995e-04
3.977617127755668155e-04
8.461398205107819800e-03
7.971051282095935689e-05
1.648632547379323915e-05
3.141399256828109054e-02
2.246290984122929432e-04
1.659629640525741472e-04
1.398325197764446921e-03
4.201971664232980776e-04
4.999965324067637620e-03
9.007459091939675052e-04
6.999812731495972523e-04
2.533516881661696321e-03
4.979200353502340957e-05
5.142035561507930308e-04
4.922192935752937523e-04
7.462575242979313853e-05
1.501656400271875896e-04
4.831598683094188301e-03
1.585021435619627264e-06
7.139516778044487392e-04
4.578162282405701567e-04
3.784319354358450316e-05
1.626219747450709477e-05
3.920217606555787324e-05
8.553810338603831675e-05
1.595396415996572107e-05
3.104459902873279564e-04
2.067320800519831887e-04
5.586152089886565033e-04
2.212208834692456442e-03
9.103180316997663141e-03
5.287607790805480936e-04
5.012638757521821996e-04
5.820163127941569147e-05
2.828425198512278947e-05
2.153462940721581392e-04
9.967598709122338797e-04
4.604005804333773430e-05
2.739336621292578025e-04
1.487772722874992177e-04
7.605330975594634148e-04
1.192256515930732643e-03
1.404225592696501951e-04
3.947985737424554789e-04
5.629301447957562422e-05
2.246997423023958454e-04
2.954189666098572861e-03
2.114286948413590227e-03
9.787632099620966527e-04
4.425895933332499505e-04
1.074667054813844939e-03
4.879096446645572391e-03
2.989913825736564880e-05
3.367833641202351477e-05
8.119548335710748349e-04
1.001923691706481639e-03
6.611533035874207634e-04
3.273844051367215315e-03
1.305211747958022689e-04
3.558396066760234703e-05
2.789786537701218448e-04
2.812761253716564245e-04
1.511118274412126311e-04
3.560730015194615221e-04
7.335223089691118121e-04
8.145606467304804558e-04
4.861197083313439091e-04
6.681261053113571888e-04
6.605419293824830312e-03
4.782200236567998251e-05
1.211819536750844095e-04
1.312741555483588787e-04
7.306522214369672702e-05
7.673578029395708216e-04
5.452473295909654634e-03
4.290775086383537647e-05
2.044840321481222398e-02
1.965567127236390356e-03
2.801701282488221483e-04
6.052135053248777069e-04
2.517435104021069369e-04
2.374814241306533397e-04
8.807498929759873234e-04
7.743193390198244153e-03
3.117095559861917715e-05
9.557450784598854306e-04
1.519745032551528784e-02
9.469687335105669195e-05
