7.246220767666635386e-03
1.137513811842079609e-03
1.109257303173780346e-03
1.878874198150935759e-03
2.113333856130699545e-03
1.413427124107736327e-03
3.412900071723427072e-03
3.551333258405482609e-03
1.945734233440101412e-03
1.556980777142197942e-03
9.912654716537673289e-04
1.464166688142416782e-03
1.775366216526142946e-03
1.106361281410866764e-03
1.865158488960514012e-03
1.682518336072996723e-03
1.269144721392302493e-03
2.045046978443918785e-03
1.888969716590440740e-03
1.475599036918419675e-03
1.668822448607148535e-03
1.351997461111139470e-03
1.512317386391601225e-03
2.325727361550525719e-03
2.011081798136848345e-03
9.476426605608746128e-04
2.401817691982762425e-03
3.124544157001574434e-03
1.905157227165874640e-03
1.439773156227774518e-03
2.672134668187425149e-03
3.094969103588888267e-03
2.347624731524615167e-03
1.560849298216870906e-03
1.569159186721618728e-03
2.638893415805486191e-03
1.824905257003127260e-03
1.799295306116091044e-03
3.079975680941847167e-03
1.190387065263875900e-03
2.024097264169273571e-03
2.217439015636528399e-03
1.949546075630443883e-03
1.632561201842224613e-03
1.503417132111384497e-03
2.217671312020598647e-03
1.161810062729940699e-03
1.771802149254673346e-03
1.205877379368799126e-03
1.292701220792051358e-03
1.198302452327311939e-03
9.398754541033496048e-04
1.948905447324783243e-03
1.721675039495216761e-03
1.441155499148484001e-03
5.387505868478663883e-03
1.263537858693303435e-03
2.242006804474575444e-03
2.416924697595981830e-03
2.802963751652899974e-03
1.642714272509981140e-03
3.402844194468465557e-03
2.029680123698643628e-03
2.183526578239153044e-03
1.646582153657052744e-03
2.064441917502109203e-03
1.907471095041472732e-03
4.411796884322296761e-03
2.251467052297535278e-03
1.416731980019128416e-03
2.046808984438049529e-03
2.882692557238392215e-03
1.849747329370320407e-03
3.721061740995621533e-03
2.059270115341804014e-03
1.506273724695290570e-03
1.984254634416590408e-03
1.174769909776434080e-03
5.859681916008045721e-03
9.690564352050227764e-04
1.298960096262190105e-03
1.638560327511658478e-03
2.074915622053727631e-03
2.058527811657617518e-03
2.201281442197901804e-03
9.948496341323730379e-04
2.395280969556863680e-03
2.817792511679489530e-03
1.202135412647453759e-03
2.049884128562213473e-03
1.323112002502652151e-03
1.681398357055575391e-03
1.294771911039110154e-03
1.090478593917860398e-03
1.756380060713568598e-03
8.421197308833023448e-04
2.654254954033892239e-03
1.867861253883638028e-03
1.250408831631900008e-03
1.635829686989821686e-03
2.029911010643272850e-03
2.247690139802037239e-03
1.670823977949858997e-03
2.292108096157774184e-03
1.847826359654119966e-03
1.344647332934138404e-03
1.404926454619519682e-03
1.383808453635388194e-03
1.536952455161265732e-03
2.843765901031801088e-03
2.512832239664111473e-03
2.009543615338053434e-03
1.626207965011401040e-03
3.310667881149355514e-03
2.747169738547629997e-03
3.069522554636151118e-03
1.258218359228237835e-03
1.736828328382766014e-03
1.347319861075063066e-03
1.867643538088334734e-03
1.825217048510308039e-03
2.323159743494724976e-03
1.439449689223016096e-03
1.734727288031544939e-03
2.758842891946378367e-03
3.993405571125541176e-03
1.556468842805303066e-03
1.318944789776900625e-03
2.323974734692888910e-03
7.724759516845254624e-04
1.840863104779521739e-03
2.579449244208967002e-03
1.473083209236260294e-03
1.746851120718198895e-03
3.074992648288925930e-03
2.692108562023677945e-03
2.345451463079510201e-03
4.263811124448259153e-03
3.000424123411487426e-03
2.176152352297269690e-03
2.205085917861067391e-03
1.684589296525919712e-03
8.876320293857943231e-04
2.221899699132174298e-03
1.674481953171520028e-03
2.562587154142540163e-03
1.766142255504398947e-03
1.820075902517592770e-03
1.821165732176491551e-03
1.421688725157375932e-03
2.363288158463373347e-03
2.822842034728679454e-03
2.770242795337295172e-03
2.120716561627643184e-03
1.753392592279121899e-03
1.393787071564377318e-03
1.627240665888908533e-03
2.915866947149067540e-03
2.647400189377757673e-03
3.216593141201148660e-03
1.544124544305699271e-03
1.331729846706619777e-03
1.376915140365397297e-03
3.535083969601736202e-03
1.416853232192565341e-03
1.812125137435072371e-03
1.711088300813308656e-03
3.123170005230611716e-03
2.768964754412593654e-03
2.602284067580381676e-03
2.038230262575043122e-03
2.391402447073977169e-03
1.611132648054717023e-03
1.166243010638671335e-03
2.370685602804432218e-03
7.927107514640015576e-04
1.239310564292850489e-03
2.210493787376666911e-03
2.012877732282983539e-03
2.292509677635406421e-03
2.088207879267587035e-03
2.489200768822968837e-03
1.675459251343634727e-03
1.586550206411045964e-03
2.036184167811218391e-03
4.432509473287666278e-03
3.122945627217712031e-03
2.813947329531623579e-03
1.726237034998378585e-03
1.106422902347041839e-03
2.255312985584909027e-03
2.724941962822772720e-03
1.497939345373638540e-03
1.442093192799985372e-03
1.165589263822924306e-03
1.464287437218907877e-03
1.788559442313032233e-03
2.853521066330415908e-03
2.239645420366295336e-03
2.060084605963822309e-03
1.898595802143175984e-03
9.975715542567720369e-04
1.097313486542746347e-03
2.490409224934542632e-03
1.191821069958009247e-03
1.112872465927899337e-03
1.753065333630320034e-03
9.931296033176115114e-04
1.399918588034879466e-03
2.199364948064995960e-03
3.006600631705313390e-03
2.578573753976285288e-03
1.422286241518666864e-03
1.599926301419428041e-03
1.048819977985980490e-03
2.494867011216188573e-03
1.342174831242250177e-03
1.894035170595964948e-03
1.387545074664227286e-03
1.660079992396500982e-03
2.093142572708097619e-03
1.634749311120584385e-03
1.061882795282740157e-03
2.202294458756213612e-03
2.567829400306723305e-03
9.427173824709795093e-04
1.107075727798123750e-03
2.366817920364602899e-03
1.379547110892886085e-03
1.426228986337051835e-03
1.034436811610601331e-03
2.685285876685258172e-03
1.684765556164429575e-03
2.298560913796027835e-03
2.387112656382090001e-03
2.007281949915434589e-03
1.179064958296524015e-03
1.965800043091780764e-03
1.656694583456026553e-03
9.370714464684639115e-04
1.674831541849051844e-03
3.368295789906565387e-03
2.172753230068309813e-03
1.602576909287814835e-03
1.786214266112510661e-03
1.452203184991987658e-03
2.106686615894969115e-03
1.485079453778605230e-03
2.027400515880145842e-03
3.643574116262951208e-03
2.045903143768152289e-03
2.155098717592389846e-03
3.041540473984608636e-03
1.987447742280643460e-03
1.466315951287200424e-03
5.490775598060035345e-03
1.398275366577939050e-03
1.622834625036776541e-03
1.199902549929421532e-03
1.517107930376408688e-03
2.504505665950371423e-03
2.431638630530138807e-03
4.507336294436590368e-03
2.140523896896007628e-03
2.060511317792713699e-03
2.159130520556689324e-03
2.399506622746670672e-03
1.960190717601114924e-03
9.405275405153012752e-04
4.916208249874541233e-03
1.357140981958660170e-03
1.478087014956674461e-03
2.464777912425666732e-03
1.489836960910579863e-03
2.109302869087233134e-03
1.621190549283337565e-03
3.871076131387973188e-03
1.717464794139830428e-03
1.488335074415730874e-03
2.144559482426865258e-03
1.371851779200921337e-03
1.216992503424465600e-03
2.480226059750739384e-03
1.528299414363130070e-03
1.215097359482289257e-03
1.687624855602017819e-03
2.480713168680705530e-03
1.628277419779518677e-03
2.057420060625419957e-03
2.190363059751512190e-03
2.067093684023377318e-03
1.831764090839541016e-03
1.518839941311520393e-03
1.606454747551735790e-03
1.873734841529104377e-03
2.479368970227791361e-03
2.092473987539587507e-03
1.391519088440256553e-03
1.378551401567887228e-03
1.239619044137011718e-03
2.242030441364079724e-03
1.538905386573062540e-03
2.498954227438341443e-03
2.611608780849291114e-03
1.545257728638609052e-03
3.630382348030232378e-03
1.648099278805208179e-03
2.387666511759728872e-03
2.538284829856216323e-03
2.189593695131595175e-03
3.250984578821754581e-03
1.556079141942667181e-03
2.801419974669259235e-03
1.501092147115739824e-03
2.471232113859310724e-03
1.843244676964540156e-03
1.199631279949806223e-03
1.131562117394126340e-03
1.742266554966448791e-03
1.283567749804385679e-03
1.932323273947798804e-03
2.631945143836690506e-03
2.123017543833316100e-03
1.653229976184417355e-03
8.229576936703326831e-04
1.656057399056201770e-03
2.344350252941395079e-03
2.470270999641013734e-03
1.689320905163203520e-03
2.551028053417765760e-03
2.282197370865895417e-03
1.929581750428793633e-03
1.952847643025549433e-03
1.336677215515219043e-03
1.682529643248767285e-03
1.641168084642916731e-03
1.619641855445745496e-03
8.731869360451878373e-04
1.650171673643733433e-03
1.724252467063819598e-03
2.117617651403268589e-03
1.703833743961481913e-03
1.004990169264873912e-03
2.156513937935819383e-03
1.979383232772154774e-03
2.083850300358341002e-03
2.059170257987890090e-03
1.106802583478062136e-03
1.586245672922242033e-03
2.893387913273946788e-03
1.411193830397280925e-03
9.217670930927718666e-04
2.451544564556513896e-03
1.970390459581104758e-03
1.230571970531106401e-03
2.456046155275837684e-03
1.552748638228789758e-03
1.093475936124323677e-03
1.625897039538180084e-03
1.906842197922588647e-03
1.831783984310995797e-03
2.976702712248647121e-03
1.611147017990267535e-03
2.195801333281199776e-03
1.712893344794067700e-03
1.076744080139949719e-03
1.693712923455560496e-03
1.582541360612528579e-03
1.250926500571785923e-03
1.396455077727573948e-03
1.471061437686127212e-03
1.412010113410378746e-03
1.336030544238100753e-03
4.041069162082354914e-03
1.423737283236624048e-03
4.996184605915087069e-03
1.623206051531567943e-03
1.625217688201386268e-03
2.121428719324998727e-03
1.217971926770942959e-03
1.603222594109689246e-03
1.201823412725648013e-03
1.510859648287269166e-03
1.497941968670546365e-03
1.510713238583124944e-03
2.007890464115057606e-03
4.093145707748892768e-03
1.419290224240787749e-03
2.588858736210217226e-03
2.502512706445237517e-03
3.648295113560901318e-03
1.014148960602144142e-03
1.107978512773383347e-03
2.403981019191800406e-03
1.690809596770053227e-03
1.608833176375046780e-03
2.175885723384122367e-03
1.189974600792195617e-03
2.096785193662916314e-03
1.896593132128821359e-03
1.160318691581838264e-03
2.051964107543009525e-03
3.058745786093327017e-03
1.057902434845915457e-03
1.351672924448955914e-03
1.756226800686605831e-03
2.977082067955689072e-03
2.013921246750011596e-03
1.130061545644070421e-03
2.274359630485707582e-03
2.048910190445313740e-03
2.218228821323865296e-03
2.907607286247440668e-03
2.050524210285858354e-03
1.125040309439957276e-03
2.038480974760836350e-03
1.848910351287559421e-03
1.672785028098950450e-03
2.625377317572018948e-03
2.598959859350299332e-03
1.519703098891427235e-03
1.723052701175751232e-03
2.123454652290935555e-03
3.091925350779307219e-03
1.571613451043246722e-03
1.564010908753040927e-03
2.104598978133640115e-03
1.324920338967538981e-03
1.734372724686750362e-03
1.925974890850993453e-03
1.142436786282424732e-03
1.825243140069021100e-03
1.800635626369649590e-03
1.464581650714586120e-03
1.466503678396369973e-03
1.236152523599441709e-03
3.556631159231228231e-03
1.624077669588553470e-03
2.115368729843055632e-03
2.060990838312680949e-03
1.941906765093362117e-03
1.887813701487922992e-03
2.009577166678011475e-03
1.587778855745837882e-03
1.829187967464600967e-03
1.420920196796338769e-03
9.257215345854904673e-04
1.880127976929302095e-03
3.116177556572547955e-03
9.719900748750342828e-04
1.987602302771560199e-03
2.078552850906662409e-03
1.940905592876287925e-03
1.519357606045252870e-03
1.474695629083712031e-03
1.805016216257704885e-03
1.346203699028359095e-03
1.859827888887628095e-03
2.641979552927574849e-03
3.283352358870777945e-03
3.223539337780802986e-03
1.322275050298229483e-03
2.775323799891585373e-03
2.706151458673657171e-03
1.155480810069232575e-03
1.306325777397879034e-03
2.278486379982582865e-03
2.494661764069234979e-03
1.494320645941951339e-03
3.114534388781344323e-03
1.313526724173016665e-03
1.479911149907936095e-03
1.136424022711503062e-03
1.803423771181450258e-03
1.305865196828569523e-03
1.493140804100917584e-03
1.847423036591032451e-03
1.629117480857627609e-03
2.293480972474898870e-03
5.194574501383467276e-03
2.387406115133010234e-03
1.329999879418994986e-03
1.685250753562414191e-03
1.944339666987623992e-03
2.184845395123816408e-03
1.838474142920175141e-03
2.530156050329556046e-03
1.546238344796145104e-03
3.990018081424115404e-03
3.179556094280529179e-03
2.339060519783102855e-03
2.494841564844304388e-03
1.615494535563685068e-03
1.456726574462539588e-03
2.343814319746313247e-03
5.517070117226691682e-03
1.301469161416914750e-03
1.739422105294112205e-03
8.192621417293686342e-03
1.357574303264161243e-03
