# ResID Deuterated fraction, Times /
1 2	 0.97576  1.00000  0.97305  1.00000  1.00000
2 3	 0.00438  0.03265  0.00000  0.01326  0.01273
3 4	 0.00000  0.00000  0.00000  0.07243  0.06371
4 5	 0.04290  0.00000  0.00000  0.00000  0.00438
5 6	 0.03163  0.00081  0.00442  0.00000  0.01637
6 7	 0.02660  0.00323  0.00000  0.00681  0.00904
7 8	 0.00323  0.00000  0.00000  0.02590  0.04322
8 9	 0.00000  0.00000  0.01189  0.00000  0.00794
9 10	 0.01837  0.00058  0.02423  0.01537  0.01203
10 11	 0.02252  0.04330  0.28840  0.92415  0.98686
11 12	 0.00191  0.00000  0.04176  0.19648  0.36727
12 13	 0.01950  0.00000  0.03452  0.05734  0.12392
13 14	 0.00580  0.00000  0.00000  0.03626  0.04948
14 15	 0.00000  0.00000  0.01380  0.00869  0.03067
15 16	 0.01596  0.00000  0.01139  0.00984  0.01415
16 17	 0.00590  0.00562  0.00000  0.04046  0.00000
17 18	 0.00000  0.00000  0.00000  0.00580  0.02776
18 19	 0.00649  0.00000  0.00000  0.02058  0.05048
19 20	 0.02125  0.00000  0.00000  0.02805  0.03288
20 21	 0.00000  0.00000  0.00609  0.07662  0.14518
21 22	 0.00000  0.00786  0.02670  0.00000  0.01520
22 23	 0.00085  0.00000  0.01563  0.00000  0.02940
23 24	 0.00000  0.01516  0.01116  0.03260  0.05203
24 25	 0.00000  0.00000  0.01572  0.06133  0.10570
25 26	 0.00000  0.00000  0.00000  0.00000  0.00000
26 27	 0.00000  0.00000  0.00000  0.02226  0.00000
27 28	 0.01552  0.02266  0.38538  0.93076  1.00000
28 29	 0.00000  0.01828  0.14071  0.61213  0.82155
29 30	 0.00000  0.00000  0.12692  0.49060  0.75457
30 31	 0.49826  0.98036  0.99969  0.99731  0.97728
31 32	 0.01892  0.04979  0.39528  0.89713  0.98172
32 33	 0.03135  0.00195  0.01361  0.19065  0.29327
33 34	 0.00000  0.00000  0.01795  0.01461  0.00000
34 35	 0.03771  0.00000  0.00000  0.00563  0.01169
35 36	 0.02369  0.01402  0.17643  0.57198  0.77110
36 37	 0.00000  0.01489  0.00000  0.00731  0.05877
37 38	 0.00000  0.00000  0.01810  0.06993  0.14904
38 39	 0.01944  0.00826  0.04819  0.00000  0.02049
39 40	 0.04653  0.05580  0.52261  0.95580  1.00000
40 41	 0.00000  0.06531  0.57792  0.99675  1.00000
41 42	 0.00000  0.03209  0.17742  0.60026  0.84256
42 43	 0.02729  0.03503  0.00000  0.16064  0.31026
43 44	 0.00000  0.00000  0.05150  0.20791  0.36206
44 45	 0.01086  0.08018  0.32379  0.89577  1.00000
45 46	 0.02589  0.16196  0.83298  1.00000  0.98920
46 47	 0.00000  0.04523  0.05829  0.20845  0.41535
47 48	 0.00000  0.01796  0.00000  0.04068  0.00720
48 49	 0.00000  0.02186  0.00000  0.00783  0.00000
49 50	 0.00000  0.02988  0.04057  0.07700  0.15309
50 51	 0.00000  0.00000  0.00000  0.00000  0.02509
51 52	 0.06511  0.00245  0.00323  0.02851  0.00000
52 53	 0.00000  0.00891  0.04389  0.01026  0.03312
53 54	 0.00725  0.00000  0.15359  0.57607  0.83439
54 55	 0.03604  0.01860  0.01596  0.08717  0.19905
55 56	 0.02666  0.00000  0.00000  0.00239  0.04214
56 57	 0.00000  0.00000  0.00000  0.00000  0.00000
57 58	 0.02911  0.03920  0.00000  0.00613  0.00406
58 59	 0.00000  0.00507  0.00352  0.00000  0.00000
59 60	 0.00700  0.00578  0.00000  0.00719  0.02594
60 61	 0.00219  0.00000  0.00340  0.00460  0.00132
61 62	 0.02694  0.00389  0.01322  0.00675  0.00000
62 63	 0.03025  0.00252  0.00000  0.01810  0.02058
64 65	 0.00000  0.00000  0.00000  0.07636  0.11410
65 66	 0.00000  0.02408  0.00000  0.00000  0.00000
66 67	 0.00185  0.00772  0.02733  0.00545  0.02251
67 68	 0.00000  0.00000  0.00000  0.03272  0.00647
68 69	 0.00000  0.01654  0.04586  0.33060  0.55516
69 70	 0.03439  0.11703  0.61680  0.97952  0.99596
70 71	 0.00000  0.01281  0.00000  0.00000  0.04201
72 73	 0.02457  0.03099  0.12523  0.56166  0.85820
73 74	 0.02725  0.00000  0.00281  0.01059  0.01629
74 75	 0.01150  0.02088  0.00000  0.00000  0.02383
75 76	 0.00000  0.00000  0.01976  0.00000  0.05976
76 77	 0.01558  0.00000  0.22662  0.72359  0.93145
77 78	 0.00289  0.00000  0.09230  0.40376  0.59403
78 79	 0.00000  0.00000  0.00000  0.00000  0.02652
80 81	 0.04411  0.05734  0.48755  1.00000  0.99919
81 82	 0.02871  0.04408  0.42960  0.97863  0.97768
82 83	 0.00186  0.00000  0.06435  0.22096  0.46847
84 85	 0.04256  0.00000  0.04974  0.23916  0.41270
85 86	 0.00660  0.00000  0.09395  0.39242  0.62562
86 87	 0.00480  0.03614  0.25050  0.85623  0.99903
87 88	 0.15470  0.55026  0.96931  1.00000  0.97943
88 89	 0.00402  0.05005  0.03551  0.29371  0.48503
89 90	 0.01170  0.00444  0.02232  0.00000  0.01877
90 91	 0.01158  0.00000  0.00065  0.00643  0.00000
91 92	 0.00000  0.00746  0.00000  0.04316  0.09348
92 93	 0.01562  0.00404  0.00955  0.00000  0.00000
93 94	 0.02651  0.01407  0.00470  0.01335  0.08446
94 95	 0.01532  0.00943  0.03115  0.25832  0.39760
95 96	 0.01602  0.02219  0.01246  0.06699  0.16192
96 97	 0.00000  0.00000  0.00000  0.02931  0.00000
97 98	 0.00000  0.00755  0.00000  0.05065  0.11009
98 99	 0.00000  0.00000  0.00240  0.00000  0.00000
99 100	 0.00517  0.00000  0.01845  0.00000  0.00909
100 101	 0.00000  0.00000  0.01352  0.06499  0.14829
101 102	 0.00000  0.01893  0.04389  0.19075  0.32079
102 103	 0.01242  0.00000  0.02592  0.02563  0.09441
103 104	 0.00022  0.00000  0.00000  0.01551  0.03621
105 106	 0.02336  0.02160  0.19931  0.69391  0.89672
106 107	 0.01527  0.02100  0.02369  0.06524  0.11500
107 108	 0.00000  0.00000  0.01783  0.00077  0.01639
108 109	 0.01130  0.01922  0.00000  0.00900  0.00000
109 110	 0.00000  0.00000  0.07576  0.24551  0.45509
110 111	 0.00000  0.02556  0.25504  0.80790  0.96533
111 112	 0.00000  0.01498  0.05453  0.30272  0.53108
112 113	 0.04376  0.00000  0.00796  0.00000  0.00250
113 114	 0.00418  0.00344  0.00000  0.00000  0.00000
114 115	 0.00732  0.00000  0.00000  0.00000  0.01136
115 116	 0.00000  0.00986  0.03009  0.05934  0.09229
116 117	 0.01162  0.00000  0.05335  0.03836  0.11883
117 118	 0.00000  0.02617  0.07124  0.28917  0.49815
118 119	 0.01173  0.01977  0.02585  0.00000  0.01715
120 121	 0.00970  0.04105  0.01720  0.00000  0.00000
121 122	 0.01548  0.02441  0.00119  0.00000  0.00425
122 123	 0.00000  0.00589  0.00280  0.05219  0.04926
123 124	 0.00000  0.00222  0.00000  0.00710  0.01760
124 125	 0.01029  0.00000  0.00000  0.00000  0.00000
125 126	 0.03929  0.00731  0.00420  0.00000  0.00000
126 127	 0.00000  0.00000  0.00000  0.01155  0.00000
127 128	 0.01525  0.00000  0.00000  0.01714  0.00000
128 129	 0.00000  0.00000  0.01906  0.01094  0.06544
129 130	 0.00607  0.00000  0.01487  0.16436  0.29931
131 132	 0.00246  0.00175  0.03081  0.21201  0.35638
132 133	 0.01854  0.00297  0.02365  0.06921  0.11360
133 134	 0.01906  0.02566  0.00000  0.02300  0.02479
135 136	 0.03819  0.01920  0.11470  0.49608  0.75401
136 137	 0.00790  0.01004  0.04711  0.20322  0.38087
137 138	 0.01257  0.00470  0.00000  0.00000  0.00994
138 139	 0.02199  0.00000  0.00774  0.07240  0.18091
139 140	 0.01303  0.00645  0.14274  0.62107  0.86202
140 141	 0.00000  0.00467  0.00199  0.04673  0.14509
141 142	 0.00746  0.00000  0.00522  0.00000  0.05848
142 143	 0.04633  0.00585  0.00000  0.02230  0.05146
143 144	 0.00000  0.00756  0.00773  0.01609  0.02630
144 145	 0.00000  0.00000  0.00000  0.00000  0.00000
145 146	 0.00000  0.03401  0.35432  0.88961  0.96654
146 147	 0.02478  0.12334  0.68639  0.97013  0.99988
147 148	 0.01782  0.01820  0.03338  0.18525  0.38221
149 150	 0.00000  0.01994  0.03191  0.08252  0.14555
150 151	 0.00000  0.00000  0.00000  0.01617  0.00000
151 152	 0.00000  0.01967  0.01156  0.03606  0.01955
152 153	 0.00000  0.00000  0.00997  0.01800  0.00000
153 154	 0.00971  0.00000  0.00000  0.03891  0.02193
154 155	 0.00000  0.00000  0.02505  0.00088  0.00387
155 156	 0.00000  0.01962  0.01490  0.03049  0.03341
156 157	 0.00051  0.00688  0.01225  0.07958  0.10020
157 158	 0.01382  0.00000  0.00000  0.01477  0.01657
158 159	 0.00000  0.00000  0.00896  0.00448  0.00000
159 160	 0.00475  0.01588  0.00000  0.00000  0.00000
160 161	 0.00000  0.01210  0.00000  0.00000  0.01836
162 163	 0.01168  0.00000  0.02852  0.00000  0.01932
164 165	 0.00000  0.02323  0.07991  0.34188  0.55632
166 167	 0.03721  0.09230  0.56616  0.96140  1.00000
167 168	 0.29148  0.78276  1.00000  1.00000  0.97576
168 169	 0.00493  0.03711  0.04459  0.27609  0.46085
169 170	 0.00000  0.04654  0.02270  0.00000  0.00000
170 171	 0.02358  0.00000  0.02012  0.15388  0.28848
171 172	 0.00859  0.00000  0.18519  0.61610  0.84025
172 173	 0.00140  0.00878  0.00000  0.00882  0.00000
173 174	 0.00000  0.00615  0.01377  0.00669  0.00830
174 175	 0.00000  0.00000  0.00000  0.08554  0.14448
175 176	 0.02052  0.08746  0.37924  0.92886  1.00000
176 177	 0.01058  0.02909  0.24078  0.79738  0.95864
177 178	 0.01719  0.02892  0.04307  0.03627  0.16686
178 179	 0.00000  0.00000  0.00182  0.03008  0.00000
179 180	 0.01446  0.00000  0.00000  0.00607  0.00247
180 181	 0.01868  0.02563  0.02063  0.01363  0.00000
181 182	 0.01681  0.01782  0.00219  0.00000  0.00000
182 183	 0.00000  0.00531  0.00000  0.03292  0.04525
183 184	 0.00910  0.00489  0.00900  0.02421  0.01909
185 186	 0.00000  0.00000  0.02340  0.01107  0.00744
186 187	 0.03085  0.00697  0.00000  0.03641  0.08588
187 188	 0.00000  0.00077  0.03590  0.08031  0.20672
188 189	 0.00688  0.00000  0.00188  0.00000  0.00000
189 190	 0.00953  0.00699  0.01372  0.00000  0.00000
190 191	 0.00000  0.00000  0.07544  0.25789  0.50487
191 192	 0.00000  0.00361  0.01929  0.11070  0.21380
192 193	 0.00000  0.00000  0.03730  0.05576  0.14578
193 194	 0.00000  0.01455  0.00471  0.00000  0.02082
194 195	 0.00303  0.00000  0.00000  0.00843  0.00458
195 196	 0.00000  0.04963  0.19094  0.70112  0.92420
196 197	 0.01438  0.00093  0.00648  0.12575  0.17487
197 198	 0.00007  0.00000  0.00000  0.11566  0.23373
199 200	 0.00461  0.01807  0.00000  0.00074  0.00000
200 201	 0.00000  0.00000  0.00859  0.00000  0.01471
201 202	 0.00000  0.00000  0.00000  0.00000  0.00000
202 203	 0.00763  0.00839  0.00582  0.00000  0.00000
203 204	 0.01132  0.00000  0.05175  0.12460  0.22229
204 205	 0.02480  0.00155  0.04379  0.35319  0.60556
205 206	 0.01914  0.09398  0.67509  0.98057  1.00000
206 207	 0.00000  0.00780  0.03252  0.11162  0.23604
207 208	 0.00000  0.00000  0.00000  0.00000  0.02515
208 209	 0.00584  0.04223  0.00000  0.04278  0.00000
209 210	 0.00000  0.00000  0.02375  0.02389  0.11748
210 211	 0.01990  0.00000  0.00000  0.00000  0.00795
211 212	 0.02343  0.00000  0.00000  0.00000  0.01029
212 213	 0.00836  0.00000  0.00000  0.02375  0.00000
213 214	 0.00000  0.00000  0.00000  0.00000  0.00157
214 215	 0.00000  0.01509  0.00000  0.00363  0.00000
215 216	 0.00897  0.00000  0.01121  0.00000  0.00000
216 217	 0.00984  0.00520  0.02862  0.18221  0.25904
217 218	 0.06663  0.25270  0.94306  1.00000  0.99448
218 219	 0.01932  0.01781  0.09266  0.40005  0.66068
219 220	 0.00000  0.00065  0.00000  0.00728  0.01409
220 221	 0.00000  0.01349  0.03625  0.16995  0.32299
221 222	 0.00000  0.00000  0.01966  0.16652  0.36636
222 223	 0.00115  0.00027  0.03919  0.05468  0.05862
223 224	 0.00827  0.04481  0.35257  0.93335  1.00000
224 225	 0.12558  0.39471  1.00000  1.00000  0.98948
225 226	 0.04924  0.15874  0.80631  0.97754  1.00000
226 227	 0.02302  0.01311  0.04059  0.17655  0.35273
227 228	 0.00029  0.00506  0.00000  0.00000  0.01906
228 229	 0.00000  0.01353  0.00000  0.04306  0.08224
229 230	 0.00000  0.00000  0.00482  0.03759  0.09541
230 231	 0.05449  0.01407  0.00000  0.00896  0.00000
231 232	 0.00460  0.00000  0.02450  0.03157  0.03243
232 233	 0.00000  0.01765  0.00000  0.03409  0.07956
233 234	 0.00000  0.00000  0.01850  0.00000  0.00000
234 235	 0.00000  0.00000  0.00000  0.00000  0.02389
235 236	 0.02367  0.00000  0.00874  0.00000  0.00238
236 237	 0.00000  0.00000  0.00611  0.00000  0.00000
237 238	 0.00208  0.03229  0.00000  0.02097  0.00000
238 239	 0.00000  0.00644  0.00000  0.00000  0.01105
239 240	 0.01607  0.02437  0.04321  0.07613  0.17509
240 241	 0.00000  0.00552  0.05679  0.39763  0.57427
241 242	 0.01793  0.00000  0.03630  0.01492  0.01508
242 243	 0.00000  0.00000  0.00000  0.03539  0.01982
243 244	 0.00000  0.00809  0.04705  0.15413  0.26036
244 245	 0.00000  0.00000  0.04267  0.15258  0.31248
245 246	 0.01312  0.01458  0.00000  0.03833  0.00499
246 247	 0.00403  0.03264  0.01796  0.08983  0.24410
247 248	 0.02202  0.06508  0.38938  0.91695  1.00000
248 249	 0.00000  0.00000  0.00000  0.00000  0.02230
249 250	 0.00000  0.03452  0.00485  0.05927  0.20450
250 251	 0.02110  0.02469  0.19104  0.70985  0.93226
251 252	 0.00202  0.00000  0.04828  0.14999  0.23623
252 253	 0.02168  0.00000  0.00000  0.00000  0.04849
253 254	 0.00000  0.02741  0.00000  0.07300  0.01263
254 255	 0.03038  0.00000  0.00000  0.02987  0.05247
255 256	 0.00000  0.00000  0.01338  0.07006  0.15488
256 257	 0.02596  0.00552  0.00000  0.00438  0.00598
257 258	 0.01756  0.00000  0.00610  0.02337  0.03806
258 259	 0.00000  0.01731  0.09650  0.47998  0.69965
259 260	 0.02140  0.01029  0.06565  0.21950  0.34623
260 261	 0.04290  0.01762  0.06519  0.18162  0.28960
261 262	 0.48097  0.94828  1.00000  1.00000  0.95913
262 263	 0.06191  0.25311  0.88889  1.00000  1.00000
263 264	 0.00000  0.03284  0.01243  0.13185  0.23529
264 265	 0.00000  0.01076  0.03115  0.05313  0.07268
265 266	 0.00561  0.05984  0.28372  0.83542  0.95615
266 267	 0.01926  0.00000  0.00000  0.07657  0.11358
267 268	 0.02382  0.05348  0.41477  0.95960  0.98378
268 269	 0.00000  0.00000  0.02749  0.07185  0.18040
269 270	 0.04255  0.02866  0.24286  0.81295  0.97788
270 271	 0.19549  0.69277  0.98705  1.00000  1.00000
271 272	 0.14911  0.46722  0.98955  0.99696  0.97353
272 273	 0.02033  0.00490  0.09305  0.42278  0.61013
273 274	 0.00000  0.03392  0.00836  0.02653  0.00000
274 275	 0.04074  0.04044  0.00634  0.03204  0.11545
275 276	 0.05786  0.01174  0.09750  0.37732  0.66708
276 277	 0.00221  0.00000  0.00000  0.00212  0.01311
277 278	 0.00000  0.00303  0.00000  0.02525  0.00000
278 279	 0.00000  0.03778  0.02621  0.15755  0.29587
279 280	 0.00883  0.03081  0.05145  0.31344  0.49760
280 281	 0.03745  0.00000  0.00866  0.03062  0.05172
282 283	 0.00000  0.00792  0.18653  0.71616  0.94564
283 284	 0.00000  0.03775  0.00710  0.02199  0.08051
284 285	 0.00000  0.00000  0.04267  0.02089  0.00000
285 286	 0.01848  0.00000  0.04701  0.06493  0.11952
286 287	 0.00000  0.00000  0.00000  0.03117  0.10445
287 288	 0.02817  0.04183  0.00000  0.02415  0.00000
288 289	 0.00000  0.01094  0.02433  0.00000  0.00413
289 290	 0.00000  0.00000  0.00932  0.11464  0.23006
290 291	 0.00437  0.01884  0.11381  0.45059  0.65392
291 292	 0.01598  0.00287  0.00225  0.00000  0.00000
292 293	 0.02717  0.00000  0.01000  0.13827  0.21169
293 294	 0.06666  0.26802  0.92595  0.98386  0.97160
294 295	 0.03566  0.08235  0.52653  0.99815  0.94643
295 296	 0.03800  0.00349  0.02663  0.06690  0.10162
296 297	 0.00000  0.00000  0.00000  0.01308  0.00000
297 298	 0.00000  0.03062  0.07787  0.32548  0.59063
298 299	 0.01947  0.00000  0.01093  0.00830  0.07927
299 300	 0.01063  0.00587  0.02075  0.01315  0.00000
300 301	 0.00000  0.00000  0.01024  0.04495  0.06486
301 302	 0.01793  0.04444  0.01985  0.04639  0.10787
302 303	 0.01040  0.00000  0.00000  0.00165  0.01263
303 304	 0.00057  0.00000  0.04017  0.02127  0.02101
304 305	 0.02356  0.00333  0.00000  0.01224  0.00938
305 306	 0.00794  0.00512  0.00000  0.03730  0.05086
306 307	 0.00000  0.00000  0.00000  0.00000  0.01480
307 308	 0.00000  0.01412  0.12824  0.51665  0.74783
308 309	 0.02370  0.03073  0.27770  0.84452  0.98222
309 310	 0.02336  0.00502  0.00821  0.00000  0.07351
