# ResID Deuterated fraction, Times /
1 2	 0.90060  0.96485  1.00000  1.00000  1.00000
2 3	 0.00776  0.00000  0.00895  0.00000  0.01162
3 4	 0.02102  0.00000  0.02214  0.02925  0.02347
4 5	 0.00000  0.01749  0.00547  0.00000  0.03594
5 6	 0.02690  0.04506  0.00210  0.00000  0.00000
6 7	 0.01916  0.02885  0.00000  0.04460  0.04381
7 8	 0.00000  0.06218  0.01255  0.02375  0.01732
8 9	 0.02019  0.01820  0.00000  0.00426  0.00278
9 10	 0.00000  0.04812  0.00000  0.00067  0.01251
10 11	 0.00000  0.05640  0.33643  0.89599  0.96368
11 12	 0.00403  0.00000  0.07420  0.16569  0.34626
12 13	 0.01318  0.00600  0.03967  0.06203  0.12031
13 14	 0.00337  0.00000  0.00000  0.00000  0.03921
14 15	 0.00000  0.00000  0.00000  0.02677  0.00868
15 16	 0.00000  0.03299  0.03617  0.00000  0.00107
16 17	 0.01122  0.00899  0.00000  0.00000  0.01329
17 18	 0.02025  0.00000  0.02436  0.00201  0.00000
18 19	 0.00000  0.00000  0.04601  0.00000  0.00417
19 20	 0.00000  0.00000  0.02304  0.00000  0.04571
20 21	 0.00000  0.00205  0.00693  0.04927  0.15101
21 22	 0.01431  0.00000  0.00348  0.00000  0.00000
22 23	 0.00396  0.00000  0.02733  0.00000  0.00000
23 24	 0.00166  0.00545  0.04526  0.02802  0.04412
24 25	 0.00654  0.02137  0.01148  0.06053  0.11436
25 26	 0.01751  0.00000  0.00000  0.00000  0.00000
26 27	 0.00000  0.01117  0.01051  0.00000  0.00000
27 28	 0.00888  0.05330  0.39054  0.93283  0.97129
28 29	 0.00164  0.00000  0.13298  0.59556  0.86611
29 30	 0.00000  0.02575  0.09764  0.46130  0.73685
30 31	 0.46620  0.98174  1.00000  1.00000  1.00000
31 32	 0.06479  0.06064  0.35692  0.97751  1.00000
32 33	 0.00000  0.00331  0.01216  0.15569  0.31337
33 34	 0.00000  0.01776  0.01536  0.02356  0.00000
34 35	 0.02070  0.00000  0.00389  0.00930  0.00000
35 36	 0.00000  0.04612  0.12247  0.56751  0.78745
36 37	 0.00000  0.00997  0.00537  0.01856  0.04581
37 38	 0.00000  0.00000  0.03639  0.05156  0.15382
38 39	 0.00000  0.01143  0.00000  0.00000  0.00829
39 40	 0.00000  0.04802  0.47349  0.98522  1.00000
40 41	 0.03968  0.07818  0.55866  0.98466  1.00000
41 42	 0.02399  0.00000  0.17158  0.60538  0.85350
42 43	 0.00000  0.02989  0.02304  0.19023  0.31883
43 44	 0.00000  0.01858  0.03580  0.19282  0.35899
44 45	 0.02842  0.04007  0.33030  0.90871  0.99985
45 46	 0.01307  0.16636  0.81972  1.00000  1.00000
46 47	 0.01750  0.00000  0.04516  0.24540  0.42984
47 48	 0.00000  0.00000  0.00000  0.00000  0.00000
48 49	 0.02593  0.00000  0.00651  0.01979  0.00000
49 50	 0.00000  0.02431  0.02441  0.05991  0.11838
50 51	 0.00000  0.00000  0.00811  0.01835  0.02885
51 52	 0.00000  0.00000  0.00000  0.00000  0.00000
52 53	 0.00960  0.00563  0.00000  0.00509  0.03065
53 54	 0.00000  0.03610  0.11804  0.54346  0.81745
54 55	 0.03209  0.03708  0.00225  0.09409  0.19318
55 56	 0.00000  0.00000  0.02712  0.01702  0.02226
56 57	 0.03399  0.00000  0.00000  0.02219  0.00802
57 58	 0.00000  0.00000  0.02441  0.01978  0.01195
58 59	 0.04239  0.00000  0.00634  0.00000  0.03641
59 60	 0.00000  0.05834  0.01072  0.01705  0.00000
60 61	 0.01532  0.00000  0.00000  0.00000  0.00000
61 62	 0.02129  0.00091  0.00629  0.00000  0.02475
62 63	 0.00656  0.00000  0.01023  0.00000  0.01496
64 65	 0.00000  0.01544  0.00000  0.02797  0.10847
65 66	 0.00000  0.00000  0.02220  0.00000  0.01323
66 67	 0.01563  0.00421  0.00278  0.00613  0.00000
67 68	 0.03183  0.01312  0.02164  0.00000  0.00000
68 69	 0.00000  0.04061  0.08465  0.32972  0.57269
69 70	 0.01435  0.07293  0.61733  0.99122  1.00000
70 71	 0.02959  0.01699  0.00000  0.03045  0.03417
72 73	 0.01066  0.00000  0.17757  0.60590  0.79755
73 74	 0.00459  0.00000  0.00000  0.03626  0.00984
74 75	 0.00512  0.00000  0.01308  0.00955  0.00000
75 76	 0.03022  0.00833  0.00000  0.00731  0.04389
76 77	 0.00000  0.00000  0.16432  0.72542  0.95764
77 78	 0.00000  0.03158  0.06994  0.37101  0.61649
78 79	 0.00731  0.00000  0.00000  0.00940  0.06562
80 81	 0.02023  0.05792  0.50682  0.97648  1.00000
81 82	 0.00000  0.06181  0.40673  0.97440  0.97973
82 83	 0.00000  0.00000  0.09316  0.22599  0.43224
84 85	 0.01102  0.03809  0.07155  0.24995  0.43778
85 86	 0.02054  0.01984  0.06471  0.41154  0.62546
86 87	 0.00601  0.00862  0.25570  0.82357  0.91044
87 88	 0.15759  0.59466  1.00000  0.97525  0.98588
88 89	 0.02080  0.01822  0.05140  0.22645  0.49247
89 90	 0.00000  0.00000  0.00000  0.00000  0.00000
90 91	 0.00000  0.00000  0.00811  0.01843  0.00838
91 92	 0.00623  0.02660  0.02504  0.04572  0.09824
92 93	 0.00682  0.02614  0.03430  0.00000  0.01867
93 94	 0.00000  0.00000  0.04248  0.01463  0.01462
94 95	 0.01836  0.02702  0.01404  0.23917  0.39903
95 96	 0.00505  0.03048  0.00445  0.07004  0.13720
96 97	 0.00484  0.02962  0.00973  0.00423  0.00210
97 98	 0.00000  0.00000  0.00000  0.04573  0.10456
98 99	 0.02943  0.03770  0.00000  0.02296  0.01284
99 100	 0.00099  0.00869  0.00000  0.03864  0.00353
100 101	 0.00833  0.02083  0.00867  0.09545  0.11243
101 102	 0.00000  0.00000  0.03982  0.19004  0.33642
102 103	 0.00000  0.04255  0.00000  0.08497  0.09709
103 104	 0.00000  0.00000  0.00856  0.03611  0.05490
105 106	 0.00309  0.00730  0.21972  0.69562  0.91151
106 107	 0.00799  0.01736  0.02377  0.07516  0.11816
107 108	 0.00378  0.00000  0.00000  0.00164  0.03044
108 109	 0.00024  0.00000  0.00688  0.02368  0.00000
109 110	 0.00975  0.00000  0.08579  0.25220  0.45535
110 111	 0.00700  0.04391  0.24193  0.82057  0.97260
111 112	 0.00000  0.01653  0.02650  0.28737  0.48094
112 113	 0.00000  0.00000  0.00000  0.00209  0.00145
113 114	 0.00000  0.00000  0.01878  0.00000  0.00681
114 115	 0.02854  0.00000  0.02110  0.00457  0.05130
115 116	 0.00800  0.01684  0.02675  0.06603  0.11220
116 117	 0.00000  0.00000  0.02494  0.05451  0.11995
117 118	 0.00235  0.05060  0.04065  0.31762  0.45893
118 119	 0.04572  0.00000  0.00000  0.00222  0.00000
120 121	 0.00000  0.02956  0.00000  0.03258  0.00000
121 122	 0.00000  0.00405  0.00000  0.02062  0.00000
122 123	 0.00000  0.00000  0.00000  0.01669  0.03430
123 124	 0.02316  0.02113  0.00742  0.00000  0.01153
124 125	 0.00000  0.00000  0.00080  0.00000  0.00000
125 126	 0.03401  0.00000  0.03564  0.00000  0.00000
126 127	 0.00000  0.00000  0.00000  0.02435  0.00000
127 128	 0.00000  0.00822  0.00595  0.00000  0.00000
128 129	 0.00142  0.00000  0.01964  0.04152  0.03654
129 130	 0.02843  0.00000  0.04123  0.14445  0.32338
131 132	 0.03115  0.02132  0.04568  0.20159  0.33881
132 133	 0.00341  0.00683  0.02358  0.06554  0.14060
133 134	 0.03142  0.01761  0.01230  0.01148  0.01771
135 136	 0.00257  0.03467  0.13209  0.48895  0.79037
136 137	 0.00856  0.03045  0.06975  0.22542  0.37045
137 138	 0.00000  0.00000  0.03784  0.01848  0.01042
138 139	 0.00133  0.03193  0.03065  0.12140  0.17950
139 140	 0.00000  0.00000  0.10840  0.56572  0.83484
140 141	 0.04608  0.00000  0.00000  0.01980  0.12581
141 142	 0.02324  0.00000  0.01389  0.00473  0.02536
142 143	 0.02811  0.00549  0.00000  0.01019  0.00021
143 144	 0.02112  0.00000  0.00000  0.00000  0.00000
144 145	 0.00000  0.00000  0.01478  0.00000  0.03385
145 146	 0.02912  0.06301  0.28690  0.90831  0.97230
146 147	 0.02000  0.11037  0.65659  1.00000  0.99796
147 148	 0.01494  0.04586  0.05767  0.19149  0.37339
149 150	 0.02002  0.01689  0.01995  0.02434  0.13674
150 151	 0.00000  0.00000  0.00000  0.03993  0.00000
151 152	 0.03116  0.01286  0.00000  0.03860  0.00000
152 153	 0.03740  0.00000  0.00000  0.00151  0.02091
153 154	 0.00000  0.00000  0.00000  0.00000  0.01413
154 155	 0.00000  0.00773  0.01705  0.03263  0.02632
155 156	 0.00000  0.04304  0.00047  0.03779  0.00000
156 157	 0.03250  0.00912  0.00000  0.03202  0.12954
157 158	 0.03279  0.05405  0.00212  0.01317  0.03458
158 159	 0.04868  0.00000  0.00000  0.03583  0.00000
159 160	 0.00000  0.02647  0.00000  0.00000  0.01349
160 161	 0.00000  0.01821  0.00000  0.00000  0.00000
162 163	 0.00000  0.02688  0.00000  0.04288  0.04534
164 165	 0.00923  0.00000  0.09019  0.35801  0.52600
166 167	 0.01231  0.13673  0.53859  0.98989  0.97286
167 168	 0.31472  0.78205  0.99158  1.00000  1.00000
168 169	 0.00919  0.00000  0.08872  0.25157  0.48674
169 170	 0.00706  0.01616  0.00000  0.01447  0.00000
170 171	 0.00000  0.01833  0.01348  0.13894  0.28961
171 172	 0.00000  0.02517  0.15625  0.62729  0.88594
172 173	 0.00538  0.00763  0.01138  0.01334  0.02589
173 174	 0.00000  0.00000  0.01805  0.05909  0.02698
174 175	 0.00000  0.00000  0.00000  0.07492  0.17786
175 176	 0.04021  0.04038  0.37216  0.93209  1.00000
176 177	 0.01693  0.04793  0.25545  0.78648  0.92026
177 178	 0.00000  0.00608  0.00000  0.07152  0.13735
178 179	 0.00000  0.00000  0.00000  0.00000  0.04245
179 180	 0.01263  0.01135  0.00000  0.00000  0.00000
180 181	 0.00000  0.00291  0.01868  0.00000  0.01381
181 182	 0.00000  0.01340  0.01956  0.00780  0.02982
182 183	 0.00000  0.00529  0.00000  0.08033  0.12077
183 184	 0.00000  0.05019  0.00663  0.01199  0.05773
185 186	 0.01387  0.00000  0.00559  0.00851  0.02052
186 187	 0.00481  0.02504  0.05841  0.03495  0.06658
187 188	 0.00000  0.00000  0.02714  0.11043  0.22134
188 189	 0.00000  0.02249  0.01774  0.01794  0.00000
189 190	 0.00000  0.00000  0.00000  0.03007  0.00000
190 191	 0.00000  0.01388  0.00612  0.27613  0.50730
191 192	 0.00000  0.01580  0.00000  0.10160  0.24916
192 193	 0.00000  0.01631  0.00000  0.04925  0.11618
193 194	 0.00000  0.03338  0.00000  0.00179  0.00000
194 195	 0.00985  0.03475  0.01296  0.00253  0.00000
195 196	 0.00000  0.04944  0.17552  0.68218  0.93371
196 197	 0.00210  0.00000  0.01829  0.09509  0.26259
197 198	 0.00735  0.00017  0.01172  0.08723  0.20049
199 200	 0.02691  0.00000  0.00052  0.00000  0.00000
200 201	 0.00631  0.01147  0.00686  0.00000  0.00000
201 202	 0.01912  0.00000  0.01085  0.00000  0.00311
202 203	 0.00000  0.01604  0.00000  0.00000  0.00062
203 204	 0.00000  0.00894  0.06632  0.15192  0.30216
204 205	 0.00000  0.00000  0.04719  0.36769  0.60414
205 206	 0.03425  0.10272  0.65362  0.95755  0.95176
206 207	 0.00419  0.03173  0.03321  0.11868  0.21742
207 208	 0.00000  0.01139  0.02494  0.00000  0.00000
208 209	 0.00164  0.00793  0.00914  0.00000  0.00397
209 210	 0.00000  0.03131  0.02197  0.07124  0.08695
210 211	 0.01200  0.00000  0.00000  0.00000  0.00000
211 212	 0.01854  0.03293  0.02664  0.00000  0.02024
212 213	 0.00000  0.00657  0.00000  0.02528  0.00000
213 214	 0.00394  0.00000  0.00000  0.00000  0.01111
214 215	 0.00820  0.00000  0.00000  0.02766  0.00000
215 216	 0.00000  0.04498  0.00000  0.00956  0.00000
216 217	 0.01513  0.00665  0.03986  0.08944  0.23641
217 218	 0.02847  0.28645  0.95698  0.98741  0.98635
218 219	 0.00449  0.01938  0.07969  0.41801  0.65912
219 220	 0.01373  0.00821  0.00000  0.00000  0.05658
220 221	 0.00768  0.00000  0.00000  0.21348  0.30126
221 222	 0.00000  0.00119  0.04162  0.15890  0.32753
222 223	 0.00000  0.05932  0.02730  0.00425  0.01586
223 224	 0.01941  0.02661  0.35716  0.94012  1.00000
224 225	 0.11586  0.43064  1.00000  1.00000  1.00000
225 226	 0.03886  0.17932  0.82226  0.98143  1.00000
226 227	 0.00000  0.00287  0.03454  0.21484  0.36812
227 228	 0.01961  0.00000  0.00000  0.00000  0.01874
228 229	 0.02117  0.00000  0.03227  0.04575  0.09364
229 230	 0.00000  0.00655  0.00000  0.04548  0.09380
230 231	 0.04665  0.00000  0.00340  0.01254  0.01490
231 232	 0.00000  0.01828  0.00000  0.01269  0.05254
232 233	 0.00000  0.02420  0.00168  0.04000  0.07819
233 234	 0.00000  0.00000  0.00000  0.00000  0.00406
234 235	 0.00000  0.00000  0.00433  0.00669  0.00000
235 236	 0.01324  0.00000  0.01669  0.00917  0.00000
236 237	 0.03022  0.00657  0.00000  0.01316  0.00000
237 238	 0.03713  0.00517  0.00150  0.00000  0.00493
238 239	 0.04389  0.02185  0.00539  0.00000  0.03075
239 240	 0.01294  0.00000  0.00250  0.09136  0.15808
240 241	 0.00972  0.00052  0.04602  0.32828  0.61425
241 242	 0.01964  0.00000  0.00000  0.01062  0.00563
242 243	 0.03025  0.00000  0.03877  0.00000  0.01974
243 244	 0.01963  0.01916  0.00732  0.15072  0.21530
244 245	 0.00000  0.00000  0.03543  0.18253  0.32956
245 246	 0.00102  0.00000  0.01789  0.00000  0.01406
246 247	 0.02188  0.01489  0.02062  0.11222  0.24017
247 248	 0.00000  0.04436  0.38938  0.94668  1.00000
248 249	 0.01708  0.01924  0.02247  0.02903  0.03436
249 250	 0.01427  0.00193  0.00000  0.08874  0.16690
250 251	 0.00580  0.03396  0.17016  0.69532  0.93737
251 252	 0.00000  0.00000  0.03184  0.11677  0.31197
252 253	 0.00568  0.00068  0.02418  0.00000  0.00238
253 254	 0.00000  0.00436  0.00654  0.00000  0.00000
254 255	 0.00000  0.01176  0.00000  0.00000  0.05500
255 256	 0.02544  0.00000  0.04094  0.04746  0.14070
256 257	 0.00136  0.00000  0.00000  0.00000  0.01643
257 258	 0.00000  0.00000  0.00000  0.00913  0.05137
258 259	 0.00000  0.01951  0.09911  0.47932  0.75498
259 260	 0.00000  0.00000  0.04741  0.22790  0.33092
260 261	 0.00000  0.00000  0.06482  0.17070  0.33230
261 262	 0.46211  0.94828  1.00000  0.98183  0.99732
262 263	 0.10112  0.23120  0.89440  0.96343  1.00000
263 264	 0.00000  0.01741  0.02678  0.13054  0.27283
264 265	 0.00000  0.00000  0.01670  0.02196  0.09389
265 266	 0.01478  0.06473  0.26131  0.89489  0.95727
266 267	 0.00000  0.00000  0.00000  0.05135  0.08943
267 268	 0.01266  0.10078  0.37359  0.92822  0.96358
268 269	 0.00000  0.00000  0.03626  0.10225  0.17752
269 270	 0.00000  0.05443  0.22343  0.81827  0.94806
270 271	 0.20676  0.72642  1.00000  0.97716  1.00000
271 272	 0.19796  0.47742  1.00000  1.00000  1.00000
272 273	 0.00000  0.02593  0.08442  0.42085  0.67443
273 274	 0.00000  0.00592  0.00625  0.00000  0.00404
274 275	 0.00000  0.02893  0.07229  0.07160  0.10978
275 276	 0.01280  0.02487  0.09788  0.39373  0.68262
276 277	 0.00000  0.02575  0.00000  0.02158  0.01662
277 278	 0.00000  0.00000  0.01882  0.01941  0.02623
278 279	 0.00000  0.00575  0.01171  0.18756  0.29872
279 280	 0.00000  0.01926  0.05358  0.28905  0.54109
280 281	 0.00000  0.00000  0.03300  0.01859  0.04753
282 283	 0.00000  0.01115  0.20949  0.69840  0.91231
283 284	 0.03040  0.00307  0.01278  0.05620  0.05340
284 285	 0.00000  0.00000  0.00941  0.00000  0.01179
285 286	 0.00000  0.01438  0.01012  0.06087  0.10357
286 287	 0.00000  0.00000  0.01207  0.06892  0.06218
287 288	 0.00000  0.00000  0.00000  0.00000  0.00000
288 289	 0.02650  0.01572  0.00000  0.00000  0.03602
289 290	 0.00000  0.00075  0.02466  0.14107  0.20274
290 291	 0.00194  0.00000  0.13304  0.44161  0.63675
291 292	 0.00484  0.03116  0.00228  0.00075  0.02726
292 293	 0.03050  0.00142  0.03184  0.11784  0.18978
293 294	 0.03604  0.25440  0.95147  0.99609  1.00000
294 295	 0.05867  0.08324  0.54264  0.96229  1.00000
295 296	 0.00000  0.00806  0.04741  0.06090  0.11081
296 297	 0.00000  0.01420  0.00830  0.01520  0.04830
297 298	 0.00000  0.01830  0.08299  0.35585  0.58290
298 299	 0.00000  0.01230  0.04740  0.04938  0.07255
299 300	 0.01462  0.00000  0.00000  0.00000  0.01698
300 301	 0.00000  0.00654  0.01369  0.04724  0.07906
301 302	 0.00359  0.03453  0.00000  0.04435  0.05694
302 303	 0.00955  0.00000  0.00119  0.00000  0.00233
303 304	 0.03999  0.00584  0.00000  0.00000  0.03331
304 305	 0.02211  0.03018  0.00000  0.03425  0.04126
305 306	 0.02902  0.01090  0.01881  0.00000  0.00814
306 307	 0.01111  0.02597  0.01270  0.00650  0.03189
307 308	 0.00000  0.00000  0.12268  0.51443  0.74282
308 309	 0.01762  0.03908  0.25591  0.83233  1.00000
309 310	 0.06929  0.02711  0.03471  0.04559  0.02579
