 0.94121  1.00000  1.00000  1.00000  1.00000
 0.00003  0.00012  0.00109  0.00646  0.01286
 0.00000  0.00001  0.00008  0.00050  0.00101
 0.00000  0.00000  0.00000  0.00002  0.00004
 0.00000  0.00001  0.00006  0.00038  0.00076
 0.00001  0.00002  0.00019  0.00114  0.00227
 0.00004  0.00020  0.00184  0.01094  0.02175
 0.00001  0.00004  0.00039  0.00234  0.00466
 0.00003  0.00009  0.00072  0.00425  0.00847
 0.00952  0.03982  0.31359  0.89365  0.98865
 0.00101  0.00394  0.03513  0.19144  0.34595
 0.00020  0.00101  0.00972  0.05672  0.11018
 0.00028  0.00059  0.00391  0.02214  0.04358
 0.00003  0.00012  0.00110  0.00654  0.01304
 0.00001  0.00004  0.00040  0.00237  0.00473
 0.00001  0.00002  0.00012  0.00066  0.00131
 0.00001  0.00003  0.00027  0.00159  0.00318
 0.00000  0.00001  0.00010  0.00057  0.00115
 0.00002  0.00009  0.00080  0.00478  0.00954
 0.00028  0.00138  0.01311  0.07583  0.14586
 0.00000  0.00001  0.00007  0.00042  0.00085
 0.00002  0.00008  0.00073  0.00434  0.00867
 0.00011  0.00053  0.00499  0.02941  0.05793
 0.00020  0.00083  0.00763  0.04458  0.08710
 0.00000  0.00001  0.00008  0.00048  0.00095
 0.00001  0.00005  0.00042  0.00247  0.00494
 0.01138  0.04774  0.36473  0.93297  0.99549
 0.00329  0.01653  0.14887  0.61866  0.85449
 0.00202  0.01119  0.10497  0.48549  0.73523
 0.48258  0.96831  1.00000  1.00000  1.00000
 0.00883  0.04749  0.38031  0.94312  0.99676
 0.00057  0.00321  0.03122  0.17311  0.31622
 0.00001  0.00003  0.00025  0.00146  0.00291
 0.00002  0.00008  0.00077  0.00458  0.00913
 0.00534  0.01601  0.12425  0.54162  0.78922
 0.00010  0.00031  0.00266  0.01560  0.03091
 0.00026  0.00123  0.01167  0.06770  0.13076
 0.00001  0.00004  0.00037  0.00222  0.00444
 0.01665  0.07240  0.50622  0.98513  0.99978
 0.01933  0.08492  0.56686  0.99321  0.99995
 0.00932  0.02244  0.15355  0.61969  0.85440
 0.00099  0.00370  0.03253  0.17816  0.32428
 0.00085  0.00388  0.03595  0.19622  0.35378
 0.00885  0.04257  0.34130  0.91751  0.99318
 0.03424  0.16588  0.82876  0.99997  1.00000
 0.00114  0.00477  0.04313  0.23088  0.40821
 0.00001  0.00001  0.00009  0.00054  0.00108
 0.00003  0.00011  0.00102  0.00601  0.01197
 0.00022  0.00097  0.00908  0.05290  0.10294
 0.00002  0.00008  0.00070  0.00415  0.00827
 0.00000  0.00000  0.00004  0.00025  0.00050
 0.00004  0.00020  0.00195  0.01159  0.02305
 0.00255  0.01408  0.13046  0.56727  0.81271
 0.00034  0.00170  0.01625  0.09333  0.17790
 0.00010  0.00028  0.00227  0.01324  0.02624
 0.00001  0.00003  0.00023  0.00133  0.00266
 0.00001  0.00003  0.00025  0.00147  0.00293
 0.00000  0.00002  0.00015  0.00088  0.00176
 0.00000  0.00000  0.00000  0.00000  0.00001
 0.00000  0.00001  0.00008  0.00045  0.00090
 0.00000  0.00001  0.00013  0.00075  0.00150
 0.00001  0.00003  0.00031  0.00188  0.00376
 0.00033  0.00121  0.01063  0.06141  0.11891
 0.00001  0.00004  0.00040  0.00239  0.00477
 0.00001  0.00004  0.00034  0.00204  0.00407
 0.00000  0.00001  0.00010  0.00061  0.00121
 0.00134  0.00719  0.06829  0.34530  0.57130
 0.02939  0.10307  0.61775  0.99665  0.99999
 0.00027  0.00053  0.00334  0.01880  0.03705
 0.00311  0.01454  0.12998  0.56456  0.81024
 0.00003  0.00013  0.00128  0.00765  0.01524
 0.00002  0.00007  0.00066  0.00392  0.00782
 0.00012  0.00036  0.00288  0.01680  0.03325
 0.00879  0.02699  0.20352  0.73808  0.93105
 0.00226  0.00882  0.07703  0.37890  0.61387
 0.00008  0.00021  0.00162  0.00941  0.01867
 0.02784  0.08106  0.49988  0.98297  0.99971
 0.02215  0.06368  0.41418  0.95671  0.99810
 0.00144  0.00547  0.04803  0.25336  0.44218
 0.00150  0.00532  0.04570  0.24194  0.42492
 0.00166  0.00834  0.07776  0.38378  0.62015
 0.00785  0.03021  0.24197  0.80711  0.96267
 0.15238  0.55426  0.99957  1.00000  1.00000
 0.00165  0.00611  0.05311  0.27651  0.47617
 0.00000  0.00001  0.00011  0.00064  0.00127
 0.00004  0.00011  0.00081  0.00468  0.00931
 0.00028  0.00097  0.00848  0.04915  0.09576
 0.00002  0.00006  0.00050  0.00297  0.00591
 0.00010  0.00039  0.00352  0.02073  0.04100
 0.00100  0.00476  0.04451  0.23812  0.41940
 0.00047  0.00169  0.01479  0.08449  0.16165
 0.00000  0.00001  0.00011  0.00066  0.00132
 0.00020  0.00099  0.00945  0.05520  0.10731
 0.00000  0.00002  0.00017  0.00101  0.00201
 0.00002  0.00004  0.00027  0.00159  0.00316
 0.00025  0.00122  0.01167  0.06776  0.13088
 0.00076  0.00368  0.03471  0.19033  0.34432
 0.00021  0.00083  0.00748  0.04365  0.08531
 0.00003  0.00014  0.00129  0.00764  0.01521
 0.00661  0.02384  0.19200  0.71735  0.91986
 0.00042  0.00130  0.01081  0.06203  0.12000
 0.00003  0.00009  0.00071  0.00414  0.00825
 0.00001  0.00007  0.00063  0.00374  0.00746
 0.00138  0.00567  0.05085  0.26692  0.46232
 0.00509  0.02774  0.24192  0.80975  0.96379
 0.00109  0.00611  0.05881  0.30460  0.51639
 0.00000  0.00001  0.00007  0.00042  0.00084
 0.00000  0.00001  0.00007  0.00044  0.00087
 0.00006  0.00016  0.00114  0.00662  0.01314
 0.00070  0.00160  0.01127  0.06333  0.12218
 0.00029  0.00108  0.00954  0.05526  0.10735
 0.00126  0.00584  0.05406  0.28238  0.48484
 0.00001  0.00004  0.00036  0.00212  0.00424
 0.00001  0.00003  0.00026  0.00156  0.00312
 0.00002  0.00008  0.00081  0.00485  0.00967
 0.00005  0.00024  0.00228  0.01352  0.02684
 0.00001  0.00005  0.00044  0.00259  0.00518
 0.00000  0.00000  0.00001  0.00003  0.00006
 0.00000  0.00000  0.00002  0.00009  0.00019
 0.00000  0.00000  0.00003  0.00020  0.00041
 0.00000  0.00001  0.00011  0.00066  0.00132
 0.00008  0.00037  0.00346  0.02046  0.04048
 0.00088  0.00319  0.02775  0.15361  0.28332
 0.00323  0.00622  0.03799  0.19686  0.35327
 0.00041  0.00146  0.01275  0.07319  0.14085
 0.00003  0.00014  0.00141  0.00841  0.01674
 0.00412  0.01410  0.11569  0.51671  0.76594
 0.00109  0.00465  0.04228  0.22690  0.40209
 0.00003  0.00008  0.00069  0.00407  0.00812
 0.00036  0.00172  0.01625  0.09325  0.17772
 0.00311  0.01564  0.14137  0.59812  0.83840
 0.00018  0.00092  0.00881  0.05156  0.10043
 0.00003  0.00015  0.00146  0.00868  0.01728
 0.00000  0.00000  0.00000  0.00001  0.00002
 0.00000  0.00002  0.00016  0.00092  0.00184
 0.00004  0.00018  0.00173  0.01026  0.02041
 0.00818  0.03891  0.31593  0.89654  0.98928
 0.02576  0.11080  0.66855  0.99862  1.00000
 0.00072  0.00397  0.03849  0.20958  0.37520
 0.00079  0.00176  0.01214  0.06785  0.13058
 0.00001  0.00003  0.00021  0.00123  0.00244
 0.00002  0.00009  0.00083  0.00490  0.00976
 0.00007  0.00029  0.00267  0.01579  0.03130
 0.00004  0.00013  0.00120  0.00707  0.01408
 0.00002  0.00008  0.00076  0.00452  0.00901
 0.00002  0.00011  0.00102  0.00608  0.01212
 0.00024  0.00114  0.01080  0.06275  0.12151
 0.00005  0.00019  0.00173  0.01020  0.02027
 0.00000  0.00002  0.00018  0.00109  0.00217
 0.00000  0.00000  0.00001  0.00003  0.00006
 0.00001  0.00002  0.00022  0.00131  0.00262
 0.00007  0.00024  0.00213  0.01256  0.02493
 0.00458  0.01013  0.06823  0.33415  0.55510
 0.03647  0.09304  0.52828  0.98751  0.99984
 0.30159  0.77166  1.00000  1.00000  1.00000
 0.00124  0.00561  0.05162  0.27109  0.46849
 0.00001  0.00002  0.00012  0.00071  0.00141
 0.00108  0.00353  0.02956  0.16230  0.29784
 0.00389  0.01717  0.14987  0.62023  0.85560
 0.00001  0.00003  0.00031  0.00185  0.00369
 0.00000  0.00000  0.00003  0.00019  0.00038
 0.00035  0.00141  0.01276  0.07349  0.14146
 0.00999  0.04614  0.36184  0.93158  0.99531
 0.00577  0.02735  0.23264  0.79440  0.95767
 0.00060  0.00171  0.01365  0.07740  0.14849
 0.00001  0.00001  0.00008  0.00046  0.00092
 0.00001  0.00003  0.00023  0.00138  0.00275
 0.00000  0.00001  0.00006  0.00033  0.00066
 0.00000  0.00001  0.00005  0.00031  0.00061
 0.00016  0.00076  0.00716  0.04196  0.08212
 0.00003  0.00014  0.00133  0.00792  0.01577
 0.00008  0.00015  0.00092  0.00519  0.01030
 0.00031  0.00096  0.00794  0.04584  0.08942
 0.00070  0.00241  0.02066  0.11614  0.21850
 0.00000  0.00001  0.00004  0.00022  0.00044
 0.00000  0.00001  0.00008  0.00048  0.00095
 0.00126  0.00613  0.05725  0.29696  0.50560
 0.00046  0.00229  0.02185  0.12375  0.23212
 0.00026  0.00122  0.01158  0.06720  0.12982
 0.00002  0.00006  0.00049  0.00291  0.00580
 0.00006  0.00017  0.00143  0.00837  0.01663
 0.00505  0.02125  0.18037  0.69412  0.90627
 0.00146  0.00316  0.02125  0.11594  0.21757
 0.00038  0.00186  0.01775  0.10151  0.19265
 0.00001  0.00006  0.00059  0.00353  0.00704
 0.00000  0.00000  0.00003  0.00016  0.00032
 0.00000  0.00001  0.00005  0.00032  0.00063
 0.00001  0.00002  0.00021  0.00123  0.00246
 0.00058  0.00253  0.02333  0.13126  0.24515
 0.00144  0.00781  0.07405  0.36921  0.60204
 0.01991  0.11027  0.68712  0.99906  1.00000
 0.00035  0.00196  0.01917  0.10955  0.20708
 0.00004  0.00013  0.00118  0.00700  0.01393
 0.00001  0.00005  0.00043  0.00252  0.00503
 0.00028  0.00123  0.01140  0.06608  0.12772
 0.00000  0.00000  0.00000  0.00001  0.00003
 0.00000  0.00000  0.00000  0.00003  0.00005
 0.00000  0.00000  0.00001  0.00008  0.00015
 0.00000  0.00000  0.00002  0.00012  0.00024
 0.00000  0.00000  0.00002  0.00010  0.00020
 0.00000  0.00000  0.00001  0.00007  0.00014
 0.00046  0.00237  0.02282  0.12903  0.24135
 0.06267  0.27858  0.95737  1.00000  1.00000
 0.00318  0.01027  0.08367  0.40280  0.64272
 0.00009  0.00033  0.00301  0.01771  0.03507
 0.00088  0.00375  0.03416  0.18699  0.33880
 0.00101  0.00396  0.03525  0.19201  0.34688
 0.00020  0.00064  0.00541  0.03153  0.06197
 0.01012  0.04734  0.37033  0.93690  0.99601
 0.10919  0.42877  0.99530  1.00000  1.00000
 0.04936  0.17118  0.81162  0.99995  1.00000
 0.00093  0.00396  0.03611  0.19673  0.35455
 0.00001  0.00004  0.00040  0.00237  0.00472
 0.00017  0.00087  0.00830  0.04861  0.09483
 0.00020  0.00068  0.00582  0.03388  0.06650
 0.00003  0.00006  0.00040  0.00227  0.00452
 0.00011  0.00044  0.00406  0.02392  0.04724
 0.00013  0.00066  0.00632  0.03719  0.07297
 0.00000  0.00001  0.00005  0.00029  0.00058
 0.00000  0.00001  0.00006  0.00034  0.00068
 0.00004  0.00017  0.00157  0.00932  0.01855
 0.00002  0.00010  0.00088  0.00522  0.01040
 0.00000  0.00000  0.00001  0.00006  0.00012
 0.00000  0.00001  0.00006  0.00038  0.00076
 0.00035  0.00166  0.01566  0.08998  0.17178
 0.00131  0.00716  0.06823  0.34516  0.57113
 0.00004  0.00024  0.00232  0.01383  0.02746
 0.00003  0.00010  0.00078  0.00456  0.00908
 0.00073  0.00252  0.02170  0.12173  0.22836
 0.00090  0.00334  0.02933  0.16187  0.29725
 0.00006  0.00018  0.00140  0.00816  0.01621
 0.00066  0.00241  0.02114  0.11899  0.22358
 0.01131  0.05113  0.39145  0.94841  0.99733
 0.00010  0.00034  0.00290  0.01699  0.03363
 0.00034  0.00164  0.01552  0.08922  0.17042
 0.00434  0.02080  0.18218  0.69930  0.90949
 0.00071  0.00262  0.02301  0.12892  0.24097
 0.00002  0.00010  0.00093  0.00557  0.01110
 0.00001  0.00005  0.00046  0.00275  0.00548
 0.00015  0.00054  0.00472  0.02760  0.05437
 0.00036  0.00139  0.01246  0.07176  0.13825
 0.00001  0.00003  0.00023  0.00134  0.00266
 0.00010  0.00038  0.00336  0.01977  0.03910
 0.00245  0.01144  0.10348  0.47910  0.72849
 0.00095  0.00416  0.03826  0.20748  0.37173
 0.00066  0.00340  0.03249  0.17931  0.32639
 0.45038  0.95644  1.00000  1.00000  1.00000
 0.07054  0.23326  0.90415  1.00000  1.00000
 0.00186  0.00401  0.02694  0.14502  0.26797
 0.00018  0.00071  0.00635  0.03712  0.07278
 0.01304  0.03881  0.27782  0.85248  0.97807
 0.00030  0.00114  0.01016  0.05884  0.11411
 0.01037  0.05084  0.39547  0.95069  0.99756
 0.00062  0.00210  0.01801  0.10186  0.19308
 0.00584  0.02890  0.24641  0.81579  0.96603
 0.20480  0.69947  0.99999  1.00000  1.00000
 0.15774  0.46655  0.99616  1.00000  1.00000
 0.00226  0.00937  0.08308  0.40325  0.64360
 0.00001  0.00004  0.00030  0.00175  0.00348
 0.00025  0.00100  0.00899  0.05224  0.10165
 0.00186  0.00898  0.08272  0.40307  0.64352
 0.00005  0.00018  0.00157  0.00927  0.01843
 0.00003  0.00011  0.00107  0.00636  0.01268
 0.00070  0.00310  0.02868  0.15930  0.29306
 0.00160  0.00675  0.06066  0.31107  0.52510
 0.00009  0.00044  0.00421  0.02489  0.04915
 0.00569  0.02211  0.18319  0.69949  0.90948
 0.00024  0.00071  0.00585  0.03392  0.06656
 0.00003  0.00010  0.00088  0.00518  0.01032
 0.00029  0.00106  0.00934  0.05411  0.10518
 0.00022  0.00084  0.00757  0.04413  0.08623
 0.00002  0.00010  0.00088  0.00522  0.01041
 0.00006  0.00016  0.00122  0.00708  0.01406
 0.00068  0.00235  0.02020  0.11370  0.21421
 0.00266  0.01053  0.09171  0.43549  0.68098
 0.00005  0.00020  0.00192  0.01138  0.02261
 0.00048  0.00229  0.02162  0.12242  0.22976
 0.06232  0.25401  0.93695  1.00000  1.00000
 0.02033  0.08208  0.54576  0.99088  0.99992
 0.00020  0.00098  0.00932  0.05437  0.10575
 0.00002  0.00008  0.00077  0.00462  0.00922
 0.00168  0.00773  0.07082  0.35493  0.58369
 0.00036  0.00088  0.00645  0.03684  0.07209
 0.00002  0.00006  0.00040  0.00232  0.00462
 0.00019  0.00077  0.00700  0.04094  0.08015
 0.00021  0.00087  0.00793  0.04625  0.09028
 0.00001  0.00003  0.00032  0.00193  0.00386
 0.00005  0.00020  0.00190  0.01128  0.02241
 0.00009  0.00042  0.00400  0.02366  0.04673
 0.00005  0.00022  0.00209  0.01243  0.02470
 0.00001  0.00003  0.00021  0.00121  0.00242
 0.00354  0.01311  0.11086  0.50190  0.75150
 0.00678  0.03137  0.26115  0.83587  0.97301
 0.00052  0.00062  0.00157  0.00682  0.01309
