# ResID Deuterated fraction, Times /
1 2	 0.93080  0.99573  1.00000  0.97340  1.00000
2 3	 0.00000  0.00000  0.00000  0.01493  0.00862
3 4	 0.00000  0.06700  0.00918  0.00000  0.00000
4 5	 0.01924  0.00000  0.00292  0.00000  0.01230
5 6	 0.00000  0.01907  0.00000  0.00814  0.00000
6 7	 0.00466  0.02177  0.00000  0.00597  0.00542
7 8	 0.00000  0.01558  0.01411  0.01545  0.01156
8 9	 0.02784  0.03044  0.02887  0.00000  0.00000
9 10	 0.00000  0.00000  0.00000  0.00000  0.00000
10 11	 0.00000  0.03576  0.30129  0.89285  0.98890
11 12	 0.00000  0.04000  0.00835  0.18586  0.34768
12 13	 0.00000  0.00427  0.00872  0.09070  0.08321
13 14	 0.02241  0.00614  0.01975  0.02831  0.04403
14 15	 0.00000  0.02511  0.00671  0.00000  0.00191
15 16	 0.00000  0.00000  0.01469  0.00000  0.00000
16 17	 0.02564  0.01453  0.00000  0.00000  0.00000
17 18	 0.01712  0.00685  0.00000  0.00163  0.00000
18 19	 0.00036  0.02685  0.04283  0.00000  0.00000
19 20	 0.00000  0.00000  0.00000  0.00000  0.00000
20 21	 0.01552  0.00000  0.00439  0.07309  0.15701
21 22	 0.00578  0.01069  0.00000  0.00000  0.00000
22 23	 0.00176  0.01394  0.01344  0.00000  0.00000
23 24	 0.00000  0.02500  0.02424  0.01940  0.06289
24 25	 0.02658  0.00146  0.00000  0.06639  0.11011
25 26	 0.02490  0.00000  0.00000  0.02645  0.01207
26 27	 0.00000  0.00000  0.02068  0.00000  0.00838
27 28	 0.02956  0.04575  0.36490  0.93436  0.99514
28 29	 0.00000  0.00840  0.14572  0.61288  0.88068
29 30	 0.04758  0.02625  0.09582  0.51457  0.70413
30 31	 0.49710  0.98277  1.00000  0.98682  0.97418
31 32	 0.04095  0.04233  0.40233  0.93426  1.00000
32 33	 0.00000  0.00000  0.03379  0.16325  0.29916
33 34	 0.00000  0.01262  0.00428  0.02550  0.00237
34 35	 0.03055  0.00648  0.00000  0.00560  0.01857
35 36	 0.05061  0.01125  0.12382  0.54100  0.80592
36 37	 0.00000  0.02468  0.00409  0.00000  0.00000
37 38	 0.02215  0.00000  0.00000  0.07212  0.10409
38 39	 0.00000  0.02510  0.02110  0.00050  0.01792
39 40	 0.02170  0.06736  0.49331  0.94589  1.00000
40 41	 0.02394  0.08015  0.55023  0.98866  0.99482
41 42	 0.01952  0.02862  0.17908  0.62876  0.86093
42 43	 0.00000  0.00990  0.03879  0.20052  0.36149
43 44	 0.00000  0.04316  0.02557  0.19305  0.35931
44 45	 0.02029  0.06244  0.36515  0.88016  0.99413
45 46	 0.03631  0.16168  0.85908  1.00000  0.98295
46 47	 0.00000  0.04614  0.03103  0.22386  0.44198
47 48	 0.00000  0.00000  0.00000  0.00000  0.02975
48 49	 0.00000  0.03427  0.00000  0.00000  0.00000
49 50	 0.01096  0.00000  0.02162  0.05919  0.06616
50 51	 0.02252  0.00000  0.00744  0.01136  0.02173
51 52	 0.01202  0.00000  0.00000  0.00000  0.00000
52 53	 0.00000  0.00771  0.00000  0.01426  0.02112
53 54	 0.00000  0.03041  0.15671  0.57679  0.81216
54 55	 0.03229  0.02756  0.03161  0.09302  0.19705
55 56	 0.01662  0.00000  0.00052  0.00000  0.02083
56 57	 0.00000  0.00000  0.00000  0.02488  0.00000
57 58	 0.00977  0.00691  0.00000  0.02650  0.00000
58 59	 0.00000  0.00000  0.00377  0.00000  0.00372
59 60	 0.00000  0.00000  0.02575  0.00000  0.00000
60 61	 0.00000  0.00143  0.00386  0.00645  0.00000
61 62	 0.00000  0.00000  0.02190  0.00000  0.01067
62 63	 0.00000  0.01236  0.00102  0.00000  0.03771
64 65	 0.03855  0.00000  0.00772  0.06364  0.11450
65 66	 0.00000  0.00000  0.01037  0.00000  0.02473
66 67	 0.00000  0.00000  0.00000  0.00000  0.00000
67 68	 0.00000  0.00000  0.00023  0.02900  0.00535
68 69	 0.02716  0.00000  0.02550  0.34891  0.58237
69 70	 0.04196  0.12365  0.64977  0.96545  0.99595
70 71	 0.00000  0.00000  0.02760  0.00873  0.03694
72 73	 0.00000  0.01123  0.11930  0.56047  0.79642
73 74	 0.00000  0.02219  0.00000  0.00000  0.03685
74 75	 0.00000  0.00325  0.02088  0.00863  0.01446
75 76	 0.00071  0.02108  0.03266  0.01656  0.00626
76 77	 0.01549  0.01563  0.21269  0.73521  0.90386
77 78	 0.00000  0.02069  0.10313  0.39673  0.58453
78 79	 0.02542  0.02792  0.00000  0.01168  0.00000
80 81	 0.02662  0.06128  0.51423  0.98561  1.00000
81 82	 0.02670  0.07990  0.40957  0.92397  1.00000
82 83	 0.00000  0.04109  0.06249  0.26698  0.44301
84 85	 0.00853  0.04282  0.01917  0.27232  0.45142
85 86	 0.02634  0.01370  0.08769  0.36742  0.57582
86 87	 0.00000  0.00376  0.22724  0.81638  0.95774
87 88	 0.13868  0.55959  1.00000  0.98999  0.97062
88 89	 0.00000  0.01614  0.06054  0.29482  0.50761
89 90	 0.00431  0.00000  0.01008  0.00398  0.00000
90 91	 0.00000  0.01462  0.00588  0.00297  0.00307
91 92	 0.00000  0.02491  0.00899  0.06673  0.09927
92 93	 0.00000  0.00218  0.00000  0.01803  0.00320
93 94	 0.00000  0.02425  0.00558  0.00990  0.02711
94 95	 0.00127  0.00000  0.04336  0.24437  0.42670
95 96	 0.02274  0.00494  0.01535  0.09313  0.14032
96 97	 0.00000  0.00000  0.04454  0.03913  0.00000
97 98	 0.00697  0.01643  0.01888  0.04493  0.09373
98 99	 0.00000  0.04662  0.03665  0.00000  0.00478
99 100	 0.00000  0.00739  0.00000  0.01428  0.00000
100 101	 0.00000  0.00133  0.01632  0.07397  0.11677
101 102	 0.00000  0.00000  0.01172  0.15168  0.35090
102 103	 0.03339  0.00000  0.01233  0.06096  0.11764
103 104	 0.00000  0.00000  0.00000  0.00121  0.00000
105 106	 0.00000  0.03645  0.16710  0.70756  0.92932
106 107	 0.03159  0.00216  0.00770  0.06535  0.12025
107 108	 0.00000  0.00000  0.00206  0.01487  0.02652
108 109	 0.03168  0.01773  0.00000  0.00780  0.01236
109 110	 0.00000  0.00960  0.04365  0.26465  0.43151
110 111	 0.00000  0.02005  0.20369  0.79288  0.97175
111 112	 0.01954  0.00000  0.03551  0.30791  0.50228
112 113	 0.00000  0.01131  0.00000  0.01230  0.00000
113 114	 0.00000  0.00000  0.00830  0.01716  0.03025
114 115	 0.01112  0.00539  0.02962  0.00000  0.00000
115 116	 0.02106  0.00000  0.01356  0.06184  0.12864
116 117	 0.00536  0.00000  0.00000  0.07636  0.10805
117 118	 0.01522  0.00000  0.04639  0.28393  0.46284
118 119	 0.00000  0.00000  0.03525  0.02033  0.01051
120 121	 0.00000  0.03420  0.00082  0.00000  0.02107
121 122	 0.00000  0.00099  0.00103  0.03684  0.02407
122 123	 0.00000  0.00000  0.00000  0.00013  0.04134
123 124	 0.02308  0.01053  0.00000  0.02612  0.00612
124 125	 0.02262  0.00000  0.00665  0.00000  0.00447
125 126	 0.01055  0.00000  0.01358  0.00576  0.00000
126 127	 0.00000  0.00000  0.00000  0.00000  0.01367
127 128	 0.00000  0.02701  0.01370  0.00000  0.00000
128 129	 0.01464  0.01830  0.01507  0.02628  0.05962
129 130	 0.00000  0.00000  0.02579  0.13503  0.26029
131 132	 0.00000  0.02035  0.04809  0.20961  0.35341
132 133	 0.00969  0.01137  0.00000  0.05645  0.11819
133 134	 0.04350  0.03847  0.00508  0.01737  0.00000
135 136	 0.00864  0.02361  0.14722  0.56117  0.77547
136 137	 0.00993  0.00745  0.01989  0.22380  0.38242
137 138	 0.02060  0.04641  0.00088  0.00330  0.01020
138 139	 0.00000  0.00000  0.00000  0.10758  0.16954
139 140	 0.00000  0.00000  0.15277  0.59513  0.84711
140 141	 0.00319  0.00000  0.00721  0.02585  0.09976
141 142	 0.00000  0.00000  0.00000  0.04532  0.02094
142 143	 0.00000  0.00019  0.01035  0.00000  0.00000
143 144	 0.03964  0.02645  0.00000  0.02859  0.00532
144 145	 0.01005  0.00000  0.00713  0.03178  0.04710
145 146	 0.00000  0.03597  0.36886  0.90481  0.98591
146 147	 0.04476  0.12298  0.65995  1.00000  0.99902
147 148	 0.00000  0.03770  0.03071  0.20729  0.37944
149 150	 0.00294  0.04066  0.02772  0.07792  0.12813
150 151	 0.03264  0.00569  0.00000  0.02788  0.00221
151 152	 0.00000  0.00621  0.00000  0.01044  0.00000
152 153	 0.01298  0.00000  0.00000  0.01168  0.00000
153 154	 0.01552  0.01249  0.00000  0.02766  0.01360
154 155	 0.00000  0.01335  0.00000  0.00000  0.00000
155 156	 0.00576  0.03057  0.04012  0.01880  0.00806
156 157	 0.02327  0.01711  0.02386  0.03781  0.10922
157 158	 0.00000  0.00223  0.00525  0.03287  0.02844
158 159	 0.03613  0.00000  0.00246  0.02252  0.01147
159 160	 0.00000  0.00000  0.00000  0.00000  0.02996
160 161	 0.00146  0.00117  0.00000  0.04299  0.00000
162 163	 0.04297  0.03697  0.02487  0.00000  0.03465
164 165	 0.01168  0.00984  0.05259  0.33631  0.56857
166 167	 0.03364  0.09850  0.54049  0.98283  0.97149
167 168	 0.28657  0.73935  0.99436  0.98494  1.00000
168 169	 0.00000  0.00000  0.06708  0.30971  0.47635
169 170	 0.00000  0.00000  0.00000  0.00000  0.01328
170 171	 0.00000  0.00000  0.02581  0.15881  0.27683
171 172	 0.00000  0.03464  0.13224  0.60524  0.81002
172 173	 0.03137  0.00000  0.00000  0.01518  0.00576
173 174	 0.00000  0.06535  0.03021  0.00000  0.02276
174 175	 0.00000  0.00893  0.00842  0.10164  0.16554
175 176	 0.00000  0.03376  0.35163  0.95055  0.97396
176 177	 0.00000  0.03353  0.22367  0.78869  0.96886
177 178	 0.01634  0.00000  0.04697  0.13886  0.14977
178 179	 0.00000  0.00000  0.00579  0.02450  0.00519
179 180	 0.00000  0.02051  0.00000  0.00000  0.00000
180 181	 0.00000  0.02686  0.00000  0.00000  0.01292
181 182	 0.00000  0.00000  0.01491  0.00969  0.00000
182 183	 0.00000  0.00734  0.02032  0.06233  0.08693
183 184	 0.00000  0.00000  0.00000  0.04691  0.01359
185 186	 0.00000  0.01877  0.00003  0.00000  0.05722
186 187	 0.00000  0.00000  0.03188  0.01505  0.07398
187 188	 0.00395  0.03077  0.00000  0.15107  0.23000
188 189	 0.01008  0.00000  0.00133  0.00000  0.00000
189 190	 0.02126  0.00000  0.01355  0.00000  0.01823
190 191	 0.00000  0.00000  0.04839  0.29991  0.50298
191 192	 0.00944  0.03833  0.01752  0.10104  0.23831
192 193	 0.00000  0.00503  0.03416  0.07988  0.10929
193 194	 0.02230  0.00150  0.00000  0.03343  0.05222
194 195	 0.03483  0.00208  0.00000  0.00000  0.02579
195 196	 0.00000  0.01316  0.19333  0.72053  0.89408
196 197	 0.00000  0.03066  0.01397  0.10659  0.22726
197 198	 0.00262  0.00000  0.00232  0.08162  0.19788
199 200	 0.00000  0.00000  0.02123  0.00000  0.00000
200 201	 0.00000  0.00000  0.02161  0.02064  0.00754
201 202	 0.00254  0.01253  0.00000  0.00000  0.03135
202 203	 0.00000  0.01876  0.00000  0.00362  0.00000
203 204	 0.00000  0.04570  0.02868  0.09694  0.24599
204 205	 0.00000  0.02217  0.07188  0.33748  0.60081
205 206	 0.03758  0.11245  0.69057  1.00000  0.99158
206 207	 0.00000  0.00632  0.00000  0.12598  0.19941
207 208	 0.00000  0.00910  0.00000  0.00000  0.04113
208 209	 0.03190  0.03126  0.01972  0.00000  0.00000
209 210	 0.00000  0.03073  0.00092  0.06106  0.12161
210 211	 0.00000  0.00000  0.00000  0.00036  0.02075
211 212	 0.00000  0.02533  0.00000  0.00342  0.00666
212 213	 0.03607  0.01832  0.01144  0.00000  0.02865
213 214	 0.00478  0.01810  0.00000  0.00000  0.00000
214 215	 0.00000  0.00000  0.00000  0.03225  0.01377
215 216	 0.00000  0.00000  0.04821  0.00000  0.00378
216 217	 0.00000  0.00000  0.01676  0.11685  0.27448
217 218	 0.07304  0.27676  0.95096  0.99272  0.98269
218 219	 0.00181  0.01205  0.09702  0.35762  0.63746
219 220	 0.00000  0.02471  0.03302  0.04214  0.05884
220 221	 0.01435  0.00000  0.04051  0.15674  0.28674
221 222	 0.00000  0.00000  0.01339  0.22327  0.36365
222 223	 0.02139  0.00000  0.02654  0.03909  0.04550
223 224	 0.02603  0.03580  0.38142  0.91857  1.00000
224 225	 0.11666  0.43912  0.98645  0.95589  0.99532
225 226	 0.06098  0.16398  0.83427  0.99385  0.97013
226 227	 0.02827  0.00000  0.02413  0.23879  0.30090
227 228	 0.03363  0.00000  0.03647  0.02334  0.00000
228 229	 0.00186  0.00644  0.01383  0.05050  0.12087
229 230	 0.00000  0.00000  0.02750  0.05639  0.07406
230 231	 0.00000  0.00000  0.02649  0.00183  0.00817
231 232	 0.00000  0.00000  0.02727  0.02349  0.06561
232 233	 0.00021  0.00000  0.02328  0.06471  0.08401
233 234	 0.00381  0.00000  0.00000  0.00721  0.00000
234 235	 0.00000  0.02203  0.03627  0.00263  0.00000
235 236	 0.00000  0.00000  0.00000  0.00000  0.01210
236 237	 0.00000  0.01829  0.00776  0.02128  0.00492
237 238	 0.02965  0.00000  0.01217  0.02215  0.00098
238 239	 0.00215  0.00000  0.00000  0.01099  0.00000
239 240	 0.00000  0.00000  0.00989  0.06781  0.22379
240 241	 0.02182  0.03570  0.05614  0.31597  0.55612
241 242	 0.01187  0.00000  0.00000  0.01573  0.03168
242 243	 0.00000  0.00000  0.02671  0.00000  0.01476
243 244	 0.01022  0.01943  0.05664  0.12735  0.21566
244 245	 0.00000  0.00000  0.01792  0.18557  0.30348
245 246	 0.00000  0.04004  0.00275  0.01979  0.01669
246 247	 0.00000  0.03632  0.01471  0.13590  0.17689
247 248	 0.05363  0.01802  0.38384  0.93602  0.99773
248 249	 0.00019  0.00721  0.00000  0.00000  0.02561
249 250	 0.00046  0.01657  0.00000  0.11279  0.15849
250 251	 0.00000  0.00549  0.21029  0.67708  0.88410
251 252	 0.00000  0.05856  0.05344  0.12959  0.22728
252 253	 0.01106  0.02233  0.03101  0.00555  0.01358
253 254	 0.00000  0.00000  0.01676  0.00998  0.00000
254 255	 0.00232  0.01435  0.03535  0.01685  0.07000
255 256	 0.00541  0.00000  0.03342  0.06208  0.14316
256 257	 0.00262  0.00571  0.01061  0.00642  0.00000
257 258	 0.00000  0.01075  0.00024  0.00832  0.06975
258 259	 0.00000  0.01438  0.10249  0.44998  0.70135
259 260	 0.00000  0.00000  0.06515  0.22212  0.38039
260 261	 0.01112  0.00000  0.04178  0.18080  0.31197
261 262	 0.41464  0.98566  1.00000  0.98878  0.97906
262 263	 0.08704  0.23394  0.91737  0.98735  0.99987
263 264	 0.00373  0.00000  0.06508  0.15173  0.27099
264 265	 0.00000  0.00000  0.00000  0.04319  0.07730
265 266	 0.03593  0.04151  0.23063  0.85714  0.96879
266 267	 0.01175  0.00000  0.02477  0.05695  0.12144
267 268	 0.00000  0.05961  0.39730  0.91800  0.98383
268 269	 0.01148  0.00219  0.00685  0.12032  0.22901
269 270	 0.02073  0.03600  0.24790  0.80910  0.96340
270 271	 0.21854  0.70718  1.00000  1.00000  0.99359
271 272	 0.18774  0.44261  0.98414  0.99264  1.00000
272 273	 0.00000  0.03628  0.09584  0.43669  0.63037
273 274	 0.00000  0.00000  0.00000  0.00000  0.01687
274 275	 0.00077  0.01021  0.00802  0.03897  0.10411
275 276	 0.00000  0.00000  0.06571  0.35741  0.64898
276 277	 0.02395  0.01449  0.03800  0.00632  0.01982
277 278	 0.02440  0.00415  0.01209  0.04297  0.00262
278 279	 0.00000  0.00000  0.04594  0.16421  0.27813
279 280	 0.00000  0.01345  0.04830  0.28129  0.53692
280 281	 0.00000  0.00000  0.00782  0.00000  0.03693
282 283	 0.04694  0.02775  0.18321  0.73712  0.93189
283 284	 0.03269  0.03477  0.00070  0.01771  0.02757
284 285	 0.02141  0.00000  0.00000  0.00000  0.00000
285 286	 0.01379  0.00000  0.05107  0.05060  0.14899
286 287	 0.02738  0.03471  0.00638  0.03155  0.07623
287 288	 0.00000  0.00000  0.00957  0.02659  0.03333
288 289	 0.00667  0.00044  0.00506  0.00000  0.00000
289 290	 0.02940  0.00000  0.01416  0.14353  0.19886
290 291	 0.03161  0.02749  0.05439  0.44241  0.67411
291 292	 0.01954  0.01081  0.00378  0.00044  0.00000
292 293	 0.00945  0.00255  0.00000  0.09040  0.25360
293 294	 0.05957  0.25541  0.92307  0.99938  1.00000
294 295	 0.00000  0.13657  0.51969  0.98254  1.00000
295 296	 0.00000  0.00000  0.00000  0.02746  0.11250
296 297	 0.00000  0.00000  0.01150  0.02211  0.00692
297 298	 0.04808  0.00000  0.06102  0.33855  0.60950
298 299	 0.00392  0.00000  0.00552  0.03115  0.04373
299 300	 0.00747  0.00975  0.00000  0.00000  0.00784
300 301	 0.01209  0.04505  0.01235  0.03047  0.09900
301 302	 0.00396  0.04435  0.02276  0.03980  0.07778
302 303	 0.00000  0.03870  0.00771  0.02415  0.01044
303 304	 0.00000  0.02246  0.01532  0.02031  0.04613
304 305	 0.00000  0.00705  0.00616  0.01746  0.05518
305 306	 0.00000  0.02428  0.02258  0.02005  0.00661
306 307	 0.05299  0.00135  0.00000  0.00000  0.00000
307 308	 0.01416  0.00238  0.10714  0.46174  0.76637
308 309	 0.00000  0.01836  0.27919  0.84899  0.97696
309 310	 0.02766  0.00000  0.00000  0.00000  0.00000
