# ResID Deuterated fraction, Times /
1 5	 0.20964  0.21632  0.28642  0.33297  0.39015
1 6	 0.20794  0.18896  0.21997  0.25641  0.31249
1 8	 0.16427  0.12140  0.18755  0.28664  0.35781
3 17	 0.01345  0.09623  0.19328  0.34142  0.47004
6 10	 0.02756  0.04897  0.04014  0.17516  0.32422
6 17	 0.04779  0.12897  0.23254  0.48289  0.58599
6 19	 0.01581  0.14686  0.21378  0.39276  0.47199
7 14	 0.06498  0.17424  0.33803  0.62349  0.72950
9 17	 0.03543  0.18421  0.30362  0.52654  0.62906
11 16	 0.00000  0.06408  0.31563  0.60547  0.69259
15 20	 0.00330  0.00000  0.05563  0.06737  0.17322
16 25	 0.01558  0.02021  0.15525  0.36424  0.45340
18 24	 0.00586  0.00000  0.09698  0.33630  0.46024
19 25	 0.00149  0.01758  0.14330  0.53562  0.61584
19 29	 0.00000  0.19189  0.34861  0.51269  0.59522
21 25	 0.01403  0.02558  0.13309  0.46785  0.59651
25 35	 0.20937  0.38881  0.61094  0.64224  0.66991
27 38	 0.15617  0.39388  0.71968  0.79189  0.84855
37 41	 0.21732  0.49293  0.63822  0.75076  0.83622
42 49	 0.16156  0.34359  0.64979  0.72895  0.79200
43 48	 0.24141  0.43210  0.75040  0.80313  0.80587
45 49	 0.20650  0.26895  0.51253  0.55553  0.61390
49 56	 0.02105  0.09838  0.34923  0.57905  0.67091
50 56	 0.02783  0.12213  0.30319  0.53722  0.66012
50 58	 0.03367  0.04240  0.21890  0.37903  0.45872
57 66	 0.00000  0.01842  0.06985  0.15156  0.18398
60 68	 0.00000  0.01394  0.09445  0.19285  0.22562
67 76	 0.08905  0.20143  0.40279  0.56653  0.71083
67 77	 0.05693  0.29336  0.47594  0.61104  0.73425
69 74	 0.14980  0.39260  0.55336  0.73999  0.85907
78 90	 0.27473  0.47811  0.75806  0.87532  0.91056
82 92	 0.15034  0.31040  0.66115  0.77839  0.82285
94 107	 0.01210  0.12563  0.42307  0.70846  0.70723
95 107	 0.04241  0.07523  0.36649  0.66257  0.69407
97 108	 0.00449  0.13228  0.34846  0.66627  0.70891
108 114	 0.03373  0.21790  0.48896  0.53877  0.58143
108 115	 0.02748  0.17235  0.44922  0.48357  0.57810
109 115	 0.04861  0.22003  0.48023  0.52978  0.59894
110 115	 0.02808  0.18005  0.37009  0.46525  0.54524
115 124	 0.02863  0.03878  0.23425  0.48139  0.60529
116 123	 0.02412  0.02259  0.26754  0.45811  0.57739
116 124	 0.00000  0.07060  0.20746  0.43453  0.52313
151 157	 0.00000  0.02892  0.12166  0.41369  0.59272
152 157	 0.02233  0.01374  0.12710  0.44789  0.63364
152 158	 0.00000  0.01544  0.11979  0.45008  0.64763
158 170	 0.18979  0.26540  0.44905  0.52837  0.57934
160 169	 0.23307  0.39209  0.66496  0.73260  0.78848
174 187	 0.07176  0.13627  0.31548  0.54986  0.57599
175 187	 0.01761  0.18544  0.31047  0.50286  0.57659
179 187	 0.00054  0.00801  0.11482  0.36405  0.46743
188 194	 0.00386  0.06642  0.34460  0.50909  0.52996
189 194	 0.02495  0.08970  0.40856  0.61926  0.66760
190 194	 0.01289  0.12725  0.50911  0.75247  0.81802
195 200	 0.07830  0.23974  0.55224  0.78995  0.84028
195 203	 0.02265  0.09691  0.35046  0.46675  0.49089
195 207	 0.11665  0.21114  0.49636  0.67878  0.68392
195 208	 0.07405  0.16596  0.49355  0.64623  0.67329
196 201	 0.05058  0.02931  0.32277  0.53987  0.61361
201 208	 0.08547  0.27696  0.49163  0.64138  0.62173
202 208	 0.13600  0.24204  0.55292  0.70395  0.75688
204 208	 0.19737  0.35527  0.67113  0.79005  0.90002
209 213	 0.00895  0.00000  0.11945  0.19503  0.26391
209 219	 0.09883  0.16595  0.27324  0.36533  0.39354
209 220	 0.07553  0.11578  0.31760  0.40247  0.45162
209 223	 0.09371  0.13863  0.37009  0.53137  0.54525
214 218	 0.26890  0.29058  0.44369  0.47940  0.48004
214 219	 0.16136  0.32564  0.55143  0.58594  0.60480
220 229	 0.22505  0.35467  0.67700  0.86482  0.91505
220 230	 0.24588  0.36564  0.62324  0.87723  0.91062
221 225	 0.34368  0.49367  0.81481  0.99150  0.97738
224 231	 0.25903  0.30497  0.49425  0.73758  0.76292
225 229	 0.20199  0.24920  0.56328  0.76354  0.77678
226 231	 0.03867  0.05631  0.27408  0.58307  0.68629
230 244	 0.00000  0.00000  0.17040  0.41783  0.55125
231 238	 0.00000  0.03195  0.07599  0.30641  0.42842
232 238	 0.00847  0.00000  0.06263  0.24917  0.39156
245 251	 0.08082  0.26867  0.57349  0.81096  0.91963
263 275	 0.20521  0.42860  0.68912  0.91907  0.90933
267 274	 0.36566  0.57575  0.84449  0.84115  0.87023
270 276	 0.36571  0.49105  0.75106  0.84421  0.87231
274 287	 0.04670  0.14371  0.43484  0.79384  0.86887
274 288	 0.02389  0.10079  0.43048  0.74145  0.77645
277 285	 0.03962  0.19750  0.46841  0.69652  0.81056
278 288	 0.04746  0.14340  0.43612  0.71017  0.87116
289 294	 0.18260  0.31512  0.67686  0.87313  0.91268
289 298	 0.16962  0.29320  0.64898  0.85639  0.89403
290 299	 0.17866  0.34394  0.61740  0.82255  0.89486
291 298	 0.21705  0.37642  0.62615  0.76629  0.87771
295 302	 0.00000  0.05614  0.36771  0.69295  0.76384
300 306	 0.02061  0.04144  0.13848  0.58174  0.72346
300 310	 0.03843  0.16337  0.29695  0.56723  0.68054
301 310	 0.04180  0.17530  0.31814  0.55227  0.67463
303 307	 0.00000  0.00000  0.08547  0.40648  0.60320
303 310	 0.07596  0.21919  0.33128  0.58443  0.71025
