# ResID Deuterated fraction, Times /
1 5	 0.28480  0.27452  0.23739  0.36088  0.40220
1 6	 0.20456  0.23377  0.18715  0.27153  0.31360
1 8	 0.12062  0.12324  0.16395  0.32982  0.39805
3 17	 0.06542  0.05528  0.18516  0.33146  0.43848
6 10	 0.03229  0.00472  0.04246  0.19354  0.34996
6 17	 0.05523  0.10335  0.23454  0.44510  0.55122
6 19	 0.02745  0.04402  0.18960  0.39491  0.49789
7 14	 0.04071  0.15532  0.37341  0.61910  0.73466
9 17	 0.05747  0.13667  0.33657  0.54124  0.62858
11 16	 0.02141  0.05098  0.26760  0.63363  0.71577
15 20	 0.00118  0.00000  0.02319  0.09816  0.19423
16 25	 0.02190  0.00980  0.15010  0.35955  0.45701
18 24	 0.00829  0.00000  0.11784  0.38433  0.47051
19 25	 0.00319  0.00000  0.19672  0.51754  0.63783
19 29	 0.06257  0.13124  0.32383  0.53080  0.60830
21 25	 0.00871  0.02221  0.12583  0.51386  0.57323
25 35	 0.17552  0.38813  0.56495  0.64603  0.70204
27 38	 0.18895  0.40265  0.63776  0.81956  0.89486
37 41	 0.26138  0.49418  0.60839  0.79253  0.82339
42 49	 0.16064  0.32293  0.64895  0.75630  0.78617
43 48	 0.20059  0.45654  0.77362  0.78486  0.82487
45 49	 0.20339  0.27262  0.50083  0.56526  0.64773
49 56	 0.00627  0.10809  0.31513  0.58363  0.67882
50 56	 0.00000  0.07063  0.30743  0.53802  0.65146
50 58	 0.00122  0.07163  0.21300  0.35611  0.48394
57 66	 0.00000  0.00134  0.05863  0.18705  0.20475
60 68	 0.00557  0.00000  0.08929  0.19078  0.30470
67 76	 0.04403  0.23105  0.41052  0.58310  0.66627
67 77	 0.09716  0.26740  0.50522  0.64034  0.75197
69 74	 0.18186  0.39122  0.55164  0.73075  0.82458
78 90	 0.22886  0.46726  0.79642  0.79494  0.85245
82 92	 0.18654  0.30904  0.66260  0.81335  0.80275
94 107	 0.01483  0.09311  0.42566  0.69951  0.71795
95 107	 0.05942  0.07554  0.34912  0.65890  0.71435
97 108	 0.04107  0.10018  0.40242  0.67074  0.69256
108 114	 0.01398  0.22282  0.47905  0.52752  0.59439
108 115	 0.02309  0.16799  0.43093  0.50194  0.57332
109 115	 0.06971  0.21686  0.53790  0.54715  0.61114
110 115	 0.08166  0.18783  0.41921  0.43583  0.52281
115 124	 0.00000  0.02591  0.25351  0.49348  0.58889
116 123	 0.00000  0.06110  0.27338  0.45299  0.56645
116 124	 0.03445  0.07574  0.16791  0.40494  0.51456
151 157	 0.00000  0.00000  0.13736  0.42878  0.59579
152 157	 0.00477  0.05385  0.12059  0.43495  0.63925
152 158	 0.00000  0.01104  0.13305  0.47280  0.61900
158 170	 0.15477  0.31923  0.46218  0.49142  0.56485
160 169	 0.25592  0.43585  0.63059  0.79596  0.81345
174 187	 0.02307  0.17552  0.27942  0.53790  0.58207
175 187	 0.03966  0.19101  0.32663  0.51995  0.61130
179 187	 0.00000  0.00514  0.08754  0.34397  0.46367
188 194	 0.07794  0.07270  0.35185  0.55155  0.52389
189 194	 0.01280  0.09298  0.45996  0.62443  0.67007
190 194	 0.02392  0.08279  0.54466  0.78508  0.83496
195 200	 0.08225  0.22126  0.56595  0.78303  0.84615
195 203	 0.05320  0.11567  0.29741  0.45212  0.51077
195 207	 0.06442  0.17672  0.49940  0.63782  0.65594
195 208	 0.10497  0.23483  0.43652  0.63258  0.66540
196 201	 0.00000  0.05183  0.31995  0.53658  0.56368
201 208	 0.11045  0.22440  0.47922  0.63152  0.69098
202 208	 0.12287  0.24026  0.56394  0.72991  0.77109
204 208	 0.20302  0.35825  0.67806  0.82977  0.85100
209 213	 0.03264  0.01648  0.10462  0.25975  0.26953
209 219	 0.09248  0.12619  0.29706  0.41372  0.39917
209 220	 0.04395  0.16332  0.29336  0.41167  0.43757
209 223	 0.07993  0.14214  0.39464  0.53069  0.57808
214 218	 0.22615  0.26548  0.41757  0.53401  0.50953
214 219	 0.19523  0.30157  0.51264  0.58682  0.58727
220 229	 0.24509  0.39877  0.67647  0.85312  0.90331
220 230	 0.21042  0.36146  0.60266  0.83912  0.91846
221 225	 0.35759  0.53959  0.76247  0.94726  1.00000
224 231	 0.28169  0.30717  0.49772  0.71191  0.76937
225 229	 0.20837  0.32356  0.53060  0.71167  0.81747
226 231	 0.00000  0.02171  0.31155  0.56465  0.70216
230 244	 0.01414  0.00098  0.23270  0.41600  0.52506
231 238	 0.00218  0.00000  0.09835  0.33916  0.40596
232 238	 0.00000  0.00000  0.05932  0.23368  0.35246
245 251	 0.10470  0.26809  0.55422  0.84174  0.89661
263 275	 0.24911  0.41087  0.71199  0.92330  0.90728
267 274	 0.37631  0.57351  0.81568  0.83612  0.90646
270 276	 0.39725  0.44201  0.72925  0.83342  0.84723
274 287	 0.03276  0.11714  0.46408  0.77472  0.86903
274 288	 0.02268  0.12831  0.42528  0.77411  0.86504
277 285	 0.03673  0.15310  0.43559  0.72781  0.80411
278 288	 0.03068  0.17523  0.42023  0.77743  0.86372
289 294	 0.21462  0.32274  0.69959  0.85935  0.95444
289 298	 0.18554  0.31421  0.64152  0.84439  0.87883
290 299	 0.16854  0.32480  0.57799  0.81999  0.89010
291 298	 0.22585  0.35432  0.60140  0.77563  0.85283
295 302	 0.03876  0.08005  0.32993  0.69167  0.83368
300 306	 0.01757  0.02385  0.15559  0.60089  0.72203
300 310	 0.04940  0.15508  0.30496  0.56418  0.70526
301 310	 0.02840  0.10581  0.30373  0.57735  0.66698
303 307	 0.00043  0.01679  0.06089  0.41140  0.60873
303 310	 0.03127  0.14673  0.34970  0.55060  0.69183
