# ResID Deuterated fraction, Times /
1 5	 0.23984  0.24720  0.26877  0.29956  0.39625
1 6	 0.17796  0.17581  0.20264  0.27320  0.30949
1 8	 0.13335  0.21218  0.17459  0.24610  0.31731
3 17	 0.04176  0.07577  0.19073  0.33802  0.44640
6 10	 0.00000  0.02298  0.03379  0.20419  0.29342
6 17	 0.03329  0.12189  0.21241  0.44426  0.54760
6 19	 0.01247  0.10026  0.21534  0.38446  0.46623
7 14	 0.07263  0.18648  0.39039  0.61903  0.72133
9 17	 0.02069  0.11331  0.29614  0.51836  0.60944
11 16	 0.00000  0.04344  0.28049  0.60233  0.71781
15 20	 0.00000  0.03774  0.00000  0.08754  0.17464
16 25	 0.00000  0.01848  0.12430  0.39291  0.41630
18 24	 0.02490  0.02180  0.14761  0.37638  0.46506
19 25	 0.00000  0.04743  0.18963  0.49843  0.60907
19 29	 0.03443  0.15390  0.32713  0.51359  0.56697
21 25	 0.02845  0.03112  0.13248  0.46928  0.57489
25 35	 0.20624  0.40145  0.57463  0.64186  0.67325
27 38	 0.18282  0.43541  0.71650  0.79164  0.84161
37 41	 0.23513  0.49050  0.60759  0.75886  0.78215
42 49	 0.18147  0.33052  0.64725  0.75277  0.79800
43 48	 0.23288  0.45937  0.72369  0.80003  0.80032
45 49	 0.20430  0.31471  0.49864  0.56490  0.61557
49 56	 0.00000  0.11793  0.32821  0.57043  0.68968
50 56	 0.04787  0.10222  0.26442  0.54308  0.65587
50 58	 0.04106  0.04190  0.22349  0.43393  0.51862
57 66	 0.00000  0.00000  0.08002  0.16435  0.21926
60 68	 0.01961  0.00639  0.06881  0.19438  0.24947
67 76	 0.08732  0.22117  0.41553  0.58385  0.72540
67 77	 0.14528  0.29386  0.47412  0.66431  0.70153
69 74	 0.18070  0.39363  0.55204  0.72026  0.82148
78 90	 0.25089  0.45980  0.80347  0.83207  0.90112
82 92	 0.15259  0.29273  0.68278  0.78595  0.80864
94 107	 0.01315  0.12049  0.41199  0.71040  0.73527
95 107	 0.05226  0.10552  0.33632  0.65887  0.72123
97 108	 0.06799  0.09741  0.34981  0.63976  0.72738
108 114	 0.02588  0.23261  0.48768  0.51247  0.52681
108 115	 0.06506  0.16703  0.39209  0.50413  0.52837
109 115	 0.03089  0.23370  0.51081  0.55258  0.60857
110 115	 0.05683  0.19939  0.38991  0.42592  0.52068
115 124	 0.01289  0.04075  0.22582  0.48539  0.58220
116 123	 0.01965  0.05763  0.27504  0.48149  0.58482
116 124	 0.00000  0.05061  0.22321  0.44482  0.56579
151 157	 0.00000  0.05350  0.11143  0.41392  0.59304
152 157	 0.01420  0.03611  0.16195  0.41934  0.62792
152 158	 0.00461  0.01076  0.15915  0.46747  0.61275
158 170	 0.16077  0.32014  0.43492  0.50683  0.59148
160 169	 0.24116  0.39465  0.65049  0.74458  0.83600
174 187	 0.04126  0.18793  0.26501  0.52153  0.58199
175 187	 0.05980  0.15655  0.30768  0.50214  0.52437
179 187	 0.02461  0.01039  0.11415  0.35706  0.46031
188 194	 0.02485  0.07002  0.34370  0.51921  0.54850
189 194	 0.00000  0.09178  0.40349  0.62843  0.65807
190 194	 0.00868  0.12156  0.54778  0.78580  0.81273
195 200	 0.07850  0.23022  0.58160  0.78888  0.84415
195 203	 0.04316  0.10769  0.32386  0.43909  0.48946
195 207	 0.08183  0.21160  0.47074  0.68147  0.67463
195 208	 0.08563  0.20254  0.44661  0.65295  0.65035
196 201	 0.00000  0.02409  0.32020  0.50833  0.58092
201 208	 0.05752  0.20247  0.50666  0.61737  0.66194
202 208	 0.08808  0.25643  0.56440  0.73176  0.74725
204 208	 0.17131  0.34688  0.68674  0.79610  0.88594
209 213	 0.00000  0.02632  0.11024  0.22338  0.28666
209 219	 0.14101  0.12968  0.30853  0.40100  0.39957
209 220	 0.09352  0.11377  0.30577  0.38641  0.46312
209 223	 0.06670  0.12517  0.35597  0.51318  0.54849
214 218	 0.20903  0.27716  0.42228  0.53029  0.50841
214 219	 0.22949  0.26559  0.49228  0.60513  0.61448
220 229	 0.25266  0.40539  0.70944  0.83905  0.90330
220 230	 0.19627  0.32837  0.65905  0.85551  0.91339
221 225	 0.28215  0.51983  0.75654  0.94607  0.97625
224 231	 0.22885  0.34226  0.48339  0.67717  0.78993
225 229	 0.17999  0.30593  0.57108  0.76262  0.80810
226 231	 0.00916  0.06906  0.32445  0.59232  0.64866
230 244	 0.01405  0.02873  0.21877  0.42762  0.49747
231 238	 0.00000  0.02106  0.10918  0.33213  0.39646
232 238	 0.02658  0.03508  0.06247  0.25145  0.31201
245 251	 0.08721  0.27203  0.58090  0.82009  0.92107
263 275	 0.24710  0.44669  0.69196  0.86864  0.93614
267 274	 0.36616  0.62407  0.81382  0.88214  0.88100
270 276	 0.36322  0.49578  0.69868  0.86658  0.88595
274 287	 0.05250  0.13757  0.45782  0.74972  0.81923
274 288	 0.01578  0.09593  0.40202  0.73426  0.82375
277 285	 0.02071  0.16243  0.50609  0.71126  0.79530
278 288	 0.00646  0.14132  0.44526  0.77854  0.88630
289 294	 0.20723  0.31679  0.68735  0.89030  0.89552
289 298	 0.13664  0.34010  0.64675  0.84093  0.88872
290 299	 0.16660  0.34225  0.60135  0.84356  0.89589
291 298	 0.20772  0.35246  0.57207  0.81306  0.86224
295 302	 0.00000  0.09023  0.33081  0.68822  0.77633
300 306	 0.00352  0.00861  0.16780  0.58694  0.75113
300 310	 0.05612  0.13783  0.30785  0.59032  0.68366
301 310	 0.03520  0.13648  0.35295  0.58717  0.66471
303 307	 0.00849  0.02567  0.10523  0.40568  0.59237
303 310	 0.04007  0.22811  0.38395  0.53420  0.70219
