 0.25025  0.25147  0.26434  0.32616  0.38275
 0.20021  0.20124  0.21211  0.26473  0.31373
 0.14325  0.14519  0.16549  0.25789  0.33535
 0.02252  0.07874  0.18781  0.34849  0.43414
 0.00066  0.00392  0.03810  0.19643  0.33435
 0.02864  0.10014  0.23835  0.43943  0.54445
 0.02426  0.08488  0.20307  0.37995  0.47642
 0.04480  0.15608  0.36191  0.62157  0.73138
 0.03913  0.13618  0.31306  0.53012  0.62502
 0.00841  0.04750  0.29279  0.60313  0.71756
 0.00028  0.00168  0.01656  0.09312  0.17291
 0.00260  0.01522  0.12530  0.35893  0.44327
 0.00277  0.01625  0.13177  0.37021  0.46461
 0.00383  0.02244  0.18402  0.51539  0.62020
 0.04662  0.15894  0.31284  0.52333  0.59888
 0.00282  0.01661  0.14496  0.47406  0.58453
 0.18913  0.39463  0.58685  0.64182  0.67746
 0.18246  0.40857  0.67377  0.79955  0.84553
 0.24015  0.50371  0.61598  0.76926  0.80005
 0.16623  0.34292  0.65597  0.75551  0.78685
 0.22710  0.44869  0.74699  0.80533  0.81052
 0.20256  0.30085  0.48593  0.57217  0.62700
 0.01950  0.09346  0.30896  0.58044  0.68472
 0.02149  0.10159  0.29934  0.52127  0.63286
 0.01616  0.07648  0.22742  0.40796  0.50750
 0.00125  0.00730  0.05976  0.16726  0.21582
 0.00143  0.00838  0.06864  0.19299  0.24982
 0.09070  0.22930  0.41868  0.58963  0.69921
 0.09972  0.27880  0.48327  0.63523  0.73263
 0.16618  0.37917  0.55195  0.73344  0.84730
 0.21877  0.46496  0.78145  0.84093  0.86749
 0.15576  0.31030  0.68021  0.79581  0.82570
 0.02305  0.10790  0.40796  0.68636  0.73581
 0.02173  0.09912  0.36337  0.65785  0.71179
 0.02272  0.10217  0.35024  0.64038  0.71068
 0.05021  0.20824  0.48625  0.53581  0.56653
 0.04317  0.17928  0.42450  0.49971  0.55504
 0.05028  0.20864  0.49008  0.55430  0.59509
 0.05178  0.20443  0.40282  0.46516  0.51410
 0.00828  0.04552  0.24245  0.48994  0.58733
 0.00945  0.05145  0.24951  0.47242  0.57829
 0.00815  0.04441  0.21695  0.42246  0.52858
 0.00242  0.01422  0.12181  0.41709  0.58751
 0.00276  0.01624  0.13810  0.45669  0.62697
 0.00254  0.01496  0.12883  0.44779  0.62980
 0.17343  0.27877  0.44702  0.51385  0.55771
 0.26010  0.41790  0.66799  0.75582  0.80733
 0.04586  0.15377  0.30999  0.53608  0.59769
 0.04906  0.16210  0.29514  0.49585  0.56115
 0.00211  0.01239  0.10741  0.34985  0.44685
 0.01283  0.07025  0.34866  0.52329  0.55361
 0.01539  0.08427  0.41802  0.62576  0.66000
 0.01922  0.10523  0.52153  0.77628  0.81328
 0.04655  0.20436  0.56624  0.78919  0.82500
 0.02664  0.11698  0.32561  0.46297  0.49487
 0.08267  0.21291  0.50685  0.65792  0.67856
 0.07587  0.19566  0.46939  0.62792  0.66427
 0.00819  0.04678  0.31658  0.54118  0.57896
 0.10345  0.21862  0.48091  0.62433  0.66505
 0.12068  0.25501  0.56062  0.72576  0.77067
 0.17608  0.35437  0.66497  0.82377  0.87677
 0.00240  0.01399  0.10953  0.24353  0.25271
 0.10279  0.15172  0.31144  0.39877  0.40398
 0.09368  0.13928  0.29580  0.41649  0.44316
 0.07809  0.13446  0.36765  0.52728  0.55964
 0.23707  0.27747  0.42215  0.50190  0.50427
 0.20367  0.29222  0.53507  0.60152  0.60341
 0.24009  0.38481  0.67742  0.87025  0.90734
 0.21656  0.34918  0.63479  0.86558  0.91350
 0.33613  0.52314  0.76722  0.95016  0.99007
 0.25447  0.32020  0.49619  0.70897  0.76832
 0.19689  0.30275  0.55086  0.75791  0.80146
 0.00857  0.04834  0.29467  0.59256  0.67565
 0.00735  0.04009  0.20960  0.43049  0.52466
 0.00155  0.00919  0.08308  0.31430  0.42580
 0.00124  0.00737  0.06624  0.24918  0.34461
 0.08843  0.29181  0.56655  0.81745  0.89713
 0.24255  0.43047  0.69657  0.90138  0.92770
 0.37589  0.58845  0.79936  0.86852  0.88017
 0.35619  0.45828  0.72521  0.83620  0.85945
 0.02782  0.13221  0.44789  0.76608  0.86356
 0.02573  0.12238  0.41675  0.72499  0.82868
 0.03441  0.15710  0.46585  0.72127  0.82468
 0.02831  0.13129  0.43783  0.76023  0.85486
 0.20292  0.31831  0.67738  0.88696  0.93694
 0.17400  0.32559  0.64168  0.84264  0.89496
 0.17271  0.31831  0.60084  0.82598  0.89238
 0.21025  0.35034  0.59235  0.79800  0.86495
 0.01235  0.06637  0.32875  0.69905  0.79022
 0.00325  0.01918  0.16895  0.58069  0.74383
 0.03385  0.13458  0.30729  0.58168  0.70499
 0.03696  0.14569  0.30852  0.54870  0.67385
 0.00172  0.01023  0.09580  0.41595  0.60595
 0.04653  0.18151  0.34747  0.56248  0.69942
