1 5
1 6
1 8
3 17
6 10
6 17
6 19
7 14
9 17
11 16
15 20
16 25
18 24
19 25
19 29
21 25
25 35
27 38
37 41
42 49
43 48
45 49
49 56
50 56
50 58
57 66
60 68
67 76
67 77
69 74
78 90
82 92
94 107
95 107
97 108
108 114
108 115
109 115
110 115
115 124
116 123
116 124
151 157
152 157
152 158
158 170
160 169
174 187
175 187
179 187
188 194
189 194
190 194
195 200
195 203
195 207
195 208
196 201
201 208
202 208
204 208
209 213
209 219
209 220
209 223
214 218
214 219
220 229
220 230
221 225
224 231
225 229
226 231
230 244
231 238
232 238
245 251
263 275
267 274
270 276
274 287
274 288
277 285
278 288
289 294
289 298
290 299
291 298
295 302
300 306
300 310
301 310
303 307
303 310
