# Residue kint
1 8.484709887459713
2 8.117317935908478
3 3.4837112162238126
4 8.290469457194327
5 9.18607807825462
6 7.169383598654818
7 6.877543398469226
8 5.034699703822316
9 1.9048445917145806
10 6.45324753811766
11 8.756637636297466
12 1.4477794211193984
13 5.447900758416303
14 3.648178992035133
15 6.23946946313053
16 1.0335153546948395
17 0.7949718348360257
18 9.128044504268065
19 1.0816318398784164
20 1.0175240301360589
21 2.0765857198632656
22 2.7354145313402722
23 4.407494774456994
24 1.6021070840873475
25 4.751175552883838
26 9.832501024779805
27 8.476977536595724
28 9.592775287529394
29 1.084645514161694
30 7.852868612867347
31 1.9484842173761896
32 0.41207446591595365
33 1.5387579359484516
34 6.578978030128862
35 2.0423057650573826
36 7.087539210068722
37 2.1652807915309658
38 3.973227932111124
39 4.106737428558789
40 1.0745317846816127
41 3.617451894151663
42 5.07446534596842
43 3.348314680882348
44 0.43922037623884136
45 9.723882632013188
46 9.080360737578436
47 3.870359191119488
48 6.728800980173238
49 8.658102566613017
50 0.5116762170169475
51 4.138981038373054
52 8.84310859463974
53 2.6952947805612917
54 9.051045034280476
55 8.892060187384846
56 3.0744660107795454
57 1.9826927537687056
58 5.332409543742985
