9.770134546532402098e+00
7.721196941642125111e+00
1.504969794341450839e+00
7.107709432532463900e+00
4.162823544580192880e+00
9.158385223920125995e+00
9.796309297322451926e+00
1.615014031630638280e+00
4.087366304745692958e+00
3.558572012656107120e+00
3.007788925180753026e+00
1.806238930564175726e+00
9.993157192322229321e+00
7.240321640185250374e+00
1.357332660583978612e+00
8.380000357678582645e+00
6.336522995506710387e+00
1.236908390696145332e+00
3.400579882514032093e+00
3.205771674422386308e+00
9.210594145637138297e+00
3.785293086809971008e+00
8.344440246327810229e+00
3.599433119945951720e+00
1.448183556080860912e+00
6.124761202530656590e+00
8.418850471280350689e+00
2.582411689309174196e+00
7.248182206410521466e+00
6.868254550712649120e+00
8.397644896401452286e+00
9.066751108420206151e+00
9.130545936775551041e+00
1.813817911512357606e+00
8.679780964317355796e+00
6.973814602838618093e+00
5.262643774236697158e-01
9.279761711342469965e+00
6.123496350892954077e+00
6.976435544137221889e+00
4.480881317173119882e+00
4.800227426831229494e+00
3.642988498973011247e+00
9.061644552938119546e-01
8.055967536638561910e+00
4.733626265479125905e+00
4.320879894277539712e+00
5.106828790763735526e+00
2.349990090420470690e+00
9.098302222411582818e+00
1.112287473765750656e+00
9.181906687129149702e+00
3.692178421039471470e+00
2.323365835522395173e-02
1.677084900396672573e+00
3.960832007502568253e-01
7.884233374384042925e+00
2.393428331567250211e+00
5.484857592113917768e+00
9.310293006945137506e+00
6.347644573449072070e+00
3.243520658317051719e+00
8.572031618890251892e+00
3.870905533958627132e+00
8.388558010235216855e+00
8.174311473868622002e+00
6.172866473038913782e+00
2.480394878039575701e+00
8.095891484353767709e+00
4.441857402046513137e+00
3.004175373876063482e+00
9.564568875993140207e-01
1.046942948392570738e-01
2.498445901789727586e+00
6.472671263925374951e+00
8.535247586012484344e-01
5.148548598264567566e+00
7.232964805314607837e+00
8.163355268323901903e-01
8.163108157847574375e+00
7.013025818919543575e+00
9.522778502593071792e+00
8.673991074038095661e+00
7.951211242063760398e-01
7.946984597287353402e+00
9.512499837032112993e+00
6.519178705655716222e+00
8.808866602747023045e-01
8.988688692477005304e+00
5.229162601137049560e-01
1.250557024064936629e+00
7.563686051357412232e+00
6.564201489984037963e+00
5.456520401013574606e+00
1.105409667439650745e+00
3.262571639835524451e+00
3.480459228663008719e+00
6.152101781675566095e+00
9.078739336549390693e-01
5.346296069928052397e+00
6.280826540326485130e+00
9.120704485088715785e+00
2.323057225692626293e-01
8.344591611220568694e+00
3.303561459486641372e+00
5.374725439454925535e+00
4.671655142997055421e-01
7.361329223182658588e+00
9.167468069645112294e+00
1.033673401282034776e+00
5.037164084475795889e+00
9.530624706445534500e+00
6.818012286677355149e-01
2.020042104691214035e+00
5.759088997411965227e-01
4.560638436210348701e+00
8.490177523325517228e+00
9.098303867391820177e+00
2.719310643835519681e+00
1.168385994094101044e+00
6.468606749732030536e+00
8.416485286244801856e+00
5.394727904335908875e+00
4.275961542849828767e+00
8.438025181950958853e-01
6.465884246237721733e+00
3.483265077120045738e+00
5.954520419013493715e+00
2.101198546369515086e+00
6.557012705814059039e+00
1.761496038084915394e+00
8.256382406024775911e-02
2.851362835397289963e+00
4.074071017233087844e+00
2.347447908349826751e+00
9.286285144590696206e+00
8.126746238670527589e+00
4.394692218482262547e+00
6.328575207925259072e+00
6.613676874733435795e+00
9.134147173225914962e-01
3.829044906488034972e+00
9.177685297561691158e+00
2.181539882767369321e-02
5.318073001861327143e+00
1.313975675907641527e+00
9.162447785536869560e+00
9.818316249814717622e+00
7.108418286597466107e+00
3.733633791329419083e+00
1.083211708272874274e+00
7.689239847077006473e+00
7.893802368656107404e+00
9.633785329331043812e+00
9.320007887874835362e+00
1.977938376410431909e+00
6.383338790070900437e+00
8.035960345988430120e+00
6.328499255470840801e+00
1.903114833723351662e+00
2.718792585688979635e+00
1.727046034991125412e+00
6.732642151397028041e-01
4.124649992686293842e+00
6.672516565910151520e+00
1.490372152310159848e-01
5.005131631102548440e+00
8.386918044484557910e+00
4.316159647920771114e+00
5.119037096789956109e+00
5.818966090129354285e+00
8.057861754989218639e+00
1.022337290781494268e+00
8.395114205262260043e+00
9.625818289173901476e+00
4.635469382287203288e+00
3.631319713776426372e-01
8.182323253435585642e+00
8.008716533288334105e+00
3.380133236735124669e+00
8.741703396349642219e+00
1.526859279235139866e+00
9.436798916628797329e+00
8.516929821577594595e+00
8.843043630894101170e+00
5.183305179755948178e-01
8.816631684589754769e+00
6.926637457813650478e+00
8.678517048873823914e-01
3.430412507222567520e+00
5.497148623348786955e+00
5.141696087957576822e+00
9.320253384823010023e+00
2.481210944286188713e+00
6.381345323131286662e+00
9.951029941214326158e+00
5.321779961082398813e+00
6.398732174196764433e+00
2.065505799938255116e+00
8.119874085574535272e+00
6.261495631135178819e+00
6.923619800199941388e+00
1.702839718641923072e+00
2.480937949860957392e+00
5.867686967912213447e+00
6.629004502427891410e+00
1.581614510057205436e+00
5.072561962361095134e+00
8.208173964395017563e+00
7.344272335911089300e+00
8.726688241697580395e+00
2.308040328877795311e+00
9.597108836507427299e+00
8.950742395499666770e+00
8.550764668141914271e+00
4.588870059221439313e-01
4.713460944224991067e+00
7.783948362237297580e+00
3.708132678369568946e-01
9.453117726936440590e+00
1.340131224124063714e+00
9.884248134410565712e+00
4.041734929940806964e+00
2.314314033277141469e+00
6.619054957217732849e+00
8.518606452488981517e+00
5.736754907252950009e-01
7.857198584697695054e+00
4.880733707335506821e+00
5.522732113195662151e+00
4.954309695276029046e+00
8.364625405427473126e+00
8.374098339002761904e+00
8.744588450075978514e+00
6.319163251879134968e+00
8.233368323096899033e+00
8.431610074281351785e+00
5.744314564405902601e+00
5.031385467429706715e+00
6.272319945672535368e+00
5.524190265764497454e+00
2.356291030751822557e-01
7.607040152617451589e+00
6.677307440432839414e+00
9.957928169127955087e+00
1.529960874061508935e+00
1.750438304125161437e+00
2.567052608388973312e+00
8.565235155810295709e+00
6.747606303307583708e+00
3.000735644799049417e+00
9.878150873604985449e+00
7.851112749171614169e+00
4.993377255562314598e-01
4.536457332315507074e+00
5.688381445060000097e+00
5.549737191851605189e+00
9.534123377804977650e+00
4.137201098049497539e+00
6.922289131090195724e+00
3.592435510306692947e+00
5.796940736947695072e+00
4.886321444364839728e+00
1.218344969229616659e+00
8.194416083043932986e+00
1.032406988329979125e+00
5.409846848948584253e+00
1.535589749111887503e-01
2.618199896198913024e+00
2.736945825307852687e+00
2.522637117841326493e+00
9.446084454508548944e+00
3.558154825993717019e+00
3.475323104843752731e+00
2.843947093613614641e+00
5.760202873131871293e+00
4.177309647072600107e+00
1.562652647207747325e+00
2.596257566457649268e-02
6.972507479776584027e+00
5.248159837454703158e+00
7.233443815038667069e+00
6.523695089107994782e-01
9.172909445946975104e-01
6.470133756440406891e+00
7.494020516727505132e+00
2.536525233814002078e+00
6.187169437740003275e-02
7.822979978786448463e+00
2.279934187952472602e+00
9.248460356522567594e+00
7.114257370298294525e+00
3.639739572371895271e+00
1.031352115028433269e+00
3.996126106196792094e+00
3.857454110056125707e+00
1.677047666430075967e+00
4.784472567645915220e+00
3.494272058311919338e+00
6.559247305489720681e+00
7.494859995075538350e+00
9.388907659646200443e+00
4.249299851919126958e+00
1.077973629358142116e+00
1.157401487966448483e+00
8.536351529168076269e+00
7.060555918447465551e+00
5.810269846332326793e+00
2.075310890098255534e+00
4.166426090789306258e+00
5.586770883632842910e+00
1.048804814216456327e+00
7.591375846244421410e+00
8.855207947221567011e+00
7.189471224607927979e+00
8.156435858993347665e+00
5.201563273842381818e+00
5.181322718013455564e+00
3.573942357167787520e+00
1.189481647198774583e+00
3.649961932513222429e+00
7.277597554247419609e+00
4.998071115082187710e+00
1.979596556455820444e-01
1.141082664161260363e+00
6.947237262156678028e+00
9.871951066304644584e+00
9.145788827479011118e+00
6.625687110626205190e+00
6.947130572469124132e+00
5.345777909342075418e-01
7.537666701954882420e+00
1.421351468648064387e+00
1.385934100103034528e+00
4.546991423889532591e+00
8.142258250575114431e+00
5.370740386168996849e+00
1.615732065819920349e+00
3.152633043821432501e+00
5.731859532506627275e+00
5.774089374035363598e+00
6.222040758395177562e+00
1.564471784612175842e+00
7.451568382791061040e+00
1.036281699977933402e+00
9.668622607244053313e+00
5.710811098045828871e+00
7.671060644649941196e+00
6.697826012407866791e+00
4.990104380737372836e+00
2.612956181580827764e-01
9.442899740850936752e+00
3.668994313628330950e+00
4.185253035829381574e+00
6.014865520981636848e+00
3.568271096013513333e+00
8.627793111876407295e+00
2.635937665527032792e-01
6.561274165691111548e+00
1.800842217120429689e+00
4.988237108738340808e+00
2.528029649839949045e+00
9.968873480308994672e+00
8.264944942748398304e+00
3.946138536213184000e+00
4.822004274450122807e+00
3.860772468403833813e+00
9.339195215474298095e+00
1.530467310394769687e+00
5.360568784774091711e+00
8.430939057393583624e+00
1.703128340334829627e+00
9.500285638150364420e+00
5.252047118671754333e+00
7.209716949067398239e+00
2.247982088688101676e+00
2.546093170224104973e+00
2.033238361523914683e-01
1.311194929021953781e+00
5.084529108845462275e+00
7.991076931062232269e+00
2.921826328775649628e+00
5.074628143278425707e-01
7.989950379152467974e+00
2.402247358132041377e+00
5.359457641848873521e+00
2.949854713696871134e+00
4.257571814159141432e+00
3.245347160411390597e+00
4.165607654239593671e+00
3.893254042701679296e+00
8.390783264578068668e+00
7.142396920452613429e+00
2.347775509283586359e+00
4.323892249017703193e+00
6.047556315245694591e-01
2.214905208802830927e-01
6.874831933334024647e+00
1.091485052109009146e-01
6.429405788592756466e+00
4.496416870821163592e+00
6.906535068364166641e+00
2.915204863830908266e+00
9.532202524826971501e-01
8.339937884901502230e+00
4.378933787559657898e-01
2.491095901583380012e+00
6.377515293525345186e+00
9.951333405894445150e+00
7.397245355680974299e+00
8.626373854357435533e+00
5.356096186691351235e+00
7.479666640323612725e+00
9.371784596266984124e+00
4.762226824496293531e+00
8.336822510705813372e+00
4.083177173690012651e+00
9.442903464289978288e+00
6.743317948988196697e+00
3.397695935873005446e+00
4.962642158859610575e+00
2.387977377326025774e+00
8.931660628115020373e+00
1.680680390740421082e+00
6.338908889745140662e+00
6.151159314133981759e+00
4.609283692981436253e-01
1.914576531017530003e+00
6.814742529010477945e+00
6.531007224609954420e+00
8.095591437379136224e+00
3.209844905248253610e+00
6.754642584972528674e+00
4.084599265612609553e-01
4.735532156351924371e+00
1.506969187444566760e+00
4.678354176021606747e+00
6.108236610761475838e+00
4.257627098160062573e+00
2.692664361039447396e+00
5.503536547362102738e+00
1.240797519027482254e+00
4.541449025110302351e+00
8.697870640949588505e+00
8.263662022659561401e+00
1.814875933237390937e+00
7.109049694563111643e+00
6.273469498578641890e+00
6.247399368800833130e+00
4.297323073763728907e+00
9.216198893632620681e+00
5.300852250603660387e+00
7.702825488966961842e+00
3.227798112309856471e+00
3.607753197255053834e+00
9.153829858213152093e+00
1.918832629909692500e+00
7.764368683374187619e+00
7.937432061392780014e+00
3.104767526774814268e+00
2.633300134535892845e+00
8.651381681853401062e+00
4.619439453800466833e-01
6.008820310096534278e+00
2.513427186792107637e+00
5.215400979798889836e+00
2.392037612695983917e+00
7.304535250450979511e+00
9.915389288739017815e+00
8.643619284941268077e+00
7.502475655423634038e+00
2.257819076128130042e+00
9.586001280509311329e+00
1.684940768327884975e+00
4.588463414744559099e-01
7.173159701996888238e+00
9.322080856972403851e+00
1.969912259429373869e+00
9.762692201339755016e+00
2.505196304077049518e+00
7.996699558472260883e+00
8.832370657144791082e+00
3.229356487867485193e+00
9.039265121471744990e+00
5.167484034403658555e+00
1.169285707472638158e+00
4.347498428706266793e+00
6.043921484548782530e+00
5.333053334705561976e-01
5.410547922474917115e+00
1.517998778696487694e+00
1.474392168239112566e+00
3.359365942731877830e+00
3.725710797970890553e+00
2.495358802285144506e+00
5.408673134034888363e+00
5.638265486591183873e+00
9.936748202033585109e-01
4.701693409396003887e+00
3.921673184562694203e+00
