9.841967266101988798e+00
9.075814445762391713e+00
4.810138864717396601e+00
3.685897092364571748e+00
7.815132889042053499e-01
7.632937765178924749e+00
9.597343994992986183e+00
3.676766234342766282e+00
9.133558556799727057e+00
9.985206160668680386e-01
4.486131309444242987e+00
7.298321952467872187e+00
4.708146033076349823e+00
9.832134768554100290e+00
8.775016122296164234e-01
3.608980212214355277e+00
2.738238686982664483e+00
4.919583004605485144e+00
2.655513916356395665e+00
2.426052288370511789e+00
4.004526174823020312e+00
5.726389610442797817e+00
9.601194410472842833e+00
5.613916522266925391e+00
7.078800008928113563e+00
9.689598608793771106e+00
6.299378972259272125e+00
7.280127421649677188e+00
3.634962349730726849e+00
2.836433186563491748e+00
3.118654115285854900e+00
7.075214262349906136e+00
2.340353162165941470e+00
1.610614752208654465e+00
2.109088544122158737e+00
6.315499149108073418e+00
9.472775441857670842e+00
5.073177421446085411e+00
5.761712218232045046e+00
8.475952437706277820e+00
6.555293269467842521e+00
3.739881022511528652e+00
7.046399215969644914e+00
9.813169279797808287e+00
1.012994797483960374e+00
9.001079012963636217e+00
1.430636729914748217e+00
9.615032588618902309e+00
5.819999496004975903e+00
3.670299607472509162e+00
7.953534632537014204e+00
1.302204151471638705e+00
9.779765101113133241e+00
9.315892326258980560e+00
2.494111858223160283e+00
6.337136174643587694e+00
4.187790767306953654e+00
9.374463547212945613e+00
8.302776003059355148e+00
9.560428259448839228e+00
9.392920225103681631e+00
3.325561334355077392e+00
8.976692548869264598e+00
9.697038956967515944e+00
2.499122874271818340e+00
8.309950321004709650e+00
3.201966082321660245e+00
1.783808888820216376e+00
7.009831650686153992e+00
2.590450129833994364e+00
8.470171498176537472e-01
7.505360500043952499e+00
1.196792544901692512e+00
8.523064242701217097e-01
9.863447374326613115e+00
2.150614821586041003e+00
8.661184298288871375e+00
9.419252903686219369e+00
4.648040663528933969e+00
4.346370755835367028e+00
2.296827512152908923e+00
7.290460467770063957e+00
8.932482670559499738e+00
4.764410451253784373e+00
9.916582498560567061e+00
6.022370083526336515e+00
7.057929877523029027e+00
1.273657278111514080e+00
5.465557209341536549e+00
5.065037618325493263e+00
9.163717817272674537e+00
1.825734164542409665e+00
7.048326128568923821e+00
3.537850608485654469e+00
2.967803484291910987e+00
6.770594564049140729e+00
6.794620764503743970e+00
2.625891849877937112e+00
1.595565480564208327e+00
9.423378997360668308e+00
3.611208254804595619e+00
1.782773427759303253e+00
8.572325628388542285e+00
6.398679427704292877e+00
8.753021122647737684e+00
4.562894379648170684e+00
8.861180928745147511e+00
4.097455902289293128e+00
5.284620053823015695e+00
4.491024897482278178e+00
6.050968871710431074e+00
5.640126687091443713e+00
7.501956287368722442e+00
5.777730774741947073e+00
4.025295923482366867e+00
6.690087099584579811e+00
9.414175764639976407e+00
5.333122587071892795e+00
1.904725503346100801e+00
5.741336717701210013e+00
5.784924420669895540e+00
4.180720538254950824e+00
1.546720466776138059e+00
5.413547918602856779e-01
7.656434850382437318e+00
5.371237122352833460e+00
2.339041633943723664e+00
6.219437090064272589e-01
3.473381600638103528e-01
1.580210426240729049e+00
5.440800813937737068e+00
9.981661261168229160e+00
7.083433676571605275e+00
7.958737329647191938e-01
1.856582987175978694e+00
8.235741532062233361e+00
8.081804226852362660e-01
4.652502024844313411e+00
9.947747725642720695e+00
1.687674572606798762e+00
7.138928053277647123e+00
2.596242452872083106e+00
6.460318890427211080e+00
8.883980868713031498e+00
9.803468183793022206e+00
2.376996820469157168e-01
2.918520758789728831e+00
7.802436000810400785e+00
9.735161239425281110e+00
4.546587252569329607e+00
9.113326014290610289e+00
3.687503251683494021e+00
8.602242983180794056e+00
6.783330388066785233e+00
1.928856996747696506e+00
8.163222296746793560e+00
4.649812628703134720e+00
2.353287219949859121e+00
1.662916549737818439e+00
5.448420096359597231e+00
8.296173033387010953e-01
7.707175664059498388e+00
8.300209562504498706e+00
7.339807055985795969e+00
3.944405441275748103e+00
7.958089113174443341e+00
3.556713719159820819e-01
3.822575951766324032e+00
9.110195243970146350e+00
8.412480322884320572e+00
4.158818822869915444e+00
5.443931017878699485e+00
2.804592809406669662e+00
9.340439304431713552e-01
4.493822079995918095e+00
3.215621876354118669e+00
5.997427008452669739e+00
1.104471855683480941e+00
5.085988440589172654e+00
2.615543458671285570e+00
4.650243993442803259e+00
5.532236652053644121e+00
8.557656637538048727e+00
8.695142888393114777e-01
5.051991593907534384e-01
5.407782288702353668e+00
1.620266694337124669e-01
5.119375262603775845e+00
2.537463049978603280e+00
7.515282827749032890e+00
3.908064428829751691e+00
6.459356690926065792e-01
3.282477148234600683e+00
8.403802327491622037e+00
5.942171729736496211e+00
3.284865105786316519e+00
5.732865798547609693e+00
3.185678081533538375e-01
4.056623547182604206e+00
5.062276912127186890e+00
7.455488369728636044e+00
8.634060974557511869e+00
2.403802319997593528e+00
6.651672660585564500e+00
8.528805124594269316e+00
3.876164139938764741e-01
8.558484721583003108e+00
3.093709054774923750e+00
2.494495074168481263e+00
8.334926973314416010e-01
9.814041841542914923e+00
7.156547951259425666e+00
5.846251695677862514e+00
6.304454254990909945e+00
3.128036655514978559e+00
8.192490757763842169e+00
2.499634373729034742e+00
8.004592892520426162e+00
8.872602539062530269e+00
5.919077769799129030e+00
8.205148344720138098e+00
8.972743707314634776e+00
2.829600588340820622e+00
2.816463021246997656e+00
6.995171600842803095e+00
5.928343512072152599e+00
6.625904121044545292e+00
7.182449095481159063e+00
1.127659739087798485e+00
7.774525431079100102e+00
9.933201603771346200e+00
1.406269161600378625e+00
6.872038080775981328e+00
1.955262959098469366e-01
5.586122320868916802e+00
3.362976590381807629e+00
8.411955905857862348e+00
3.358252356850490727e+00
4.918492461430410856e+00
4.396017869166173320e+00
2.578620777469016190e+00
9.462753791189314256e+00
1.026678634748154906e+00
8.489068358953575810e+00
3.491096754322740914e+00
4.255286926974466422e-01
9.237373696401506962e+00
1.792466908485537136e+00
9.016933807844825566e+00
3.038460257635126283e+00
1.438154558035796837e+00
1.301622395981801850e+00
8.816791823597958100e+00
5.535879675204120609e+00
7.206152536841329059e+00
3.875389999091427562e+00
9.025047174762780955e+00
5.886821666424597588e+00
5.261968663652487166e+00
6.612003275560148552e+00
2.651140404673530959e+00
4.399703698093778925e+00
4.402666798050685060e+00
7.389015838758183463e+00
8.577604761048627680e+00
7.497925249012298288e+00
4.365905796361493785e+00
1.285601410820974566e+00
2.670249076496805429e+00
3.507923921985460769e+00
7.733544892489430111e+00
3.871648586469267350e-02
3.175886203279822961e+00
5.570125724239947118e+00
8.551773034548205032e+00
6.650298761498677713e+00
7.148701665801693306e-01
1.855983713510641619e+00
1.419010065093269102e+00
7.493527515615631351e+00
6.707127906707568421e+00
8.833950231996945845e+00
7.993076075648641421e+00
6.067552877291783275e+00
9.515139722582926396e+00
5.442011891988350669e+00
9.062335553633499075e+00
7.064853063359537444e+00
7.625614364246224852e-01
2.453641303895803816e-02
7.574772614287624606e+00
8.155782438389010736e+00
6.299808391587026435e+00
2.898473272194776129e+00
1.081105696347325340e+00
9.276696967570829955e+00
3.914907440010359174e+00
3.751253270790852135e+00
9.898926420294415607e+00
8.215628966814336742e-01
5.829080843905966702e+00
6.784217986383730192e+00
4.875035087114747867e+00
2.955543507542104376e+00
1.195638531869878118e+00
6.421687599629129828e+00
1.052030747306510472e+00
7.056711929564052355e+00
6.726203933210871178e+00
6.924841054337438351e-01
6.704310148098111100e+00
6.542455046179634692e+00
5.784932728727466333e+00
7.509159608359817994e+00
4.862801165332743203e+00
2.697717796346036145e+00
3.371238608950788418e+00
3.098549798480616513e+00
1.269300871650663742e+00
8.523659445221550612e+00
9.099125006236952196e-01
8.649310281210352613e+00
6.848562742914756640e+00
2.379327314375948355e+00
5.102990241216391887e+00
9.804572313081980184e+00
8.077125432815174477e+00
1.324878663482369490e+00
5.495264827270107677e-01
7.334304154544098786e+00
1.981557565756082440e+00
7.860334655881694665e+00
8.479307287155089412e+00
3.308990549396276570e+00
4.194863057504404580e+00
8.258127199195280710e+00
1.805522149060490023e-01
3.175458643240022027e+00
9.783613002893037702e+00
6.275253504135402061e+00
8.590547972545699906e+00
3.402127707092853726e+00
9.591500664607611526e+00
9.367330933123230174e-01
3.775249567940125672e+00
1.449550530758938471e+00
2.020969980472387739e+00
7.072033283958310435e+00
7.763221325807285744e+00
3.218701100098582124e+00
2.782733249063671366e+00
5.062484199623396464e+00
7.523167614070461084e+00
5.537424947607575199e+00
5.597412802144457800e+00
6.894847913676420248e+00
9.711409468920786381e+00
5.890144986392579440e+00
4.926067928940708107e+00
8.544803326451065217e+00
5.000441787883978861e+00
3.062220707170605571e+00
4.282769297249327423e+00
7.285041493925036526e+00
1.718763264656228973e+00
6.311679697302143843e+00
5.810383446374359551e+00
5.446628559232281397e+00
8.716725197532639413e+00
3.597346280403710406e+00
8.181117220383423927e+00
4.567800677054755454e+00
6.440688238077580507e+00
9.860743103343153848e+00
7.553940549167975860e+00
7.811718664801419187e+00
1.573006574024798931e+00
6.139854955983644835e+00
8.099664636128036221e+00
7.070070503488324221e+00
1.496976365532158848e+00
4.654087052889047449e+00
9.500516759462323435e+00
9.260957984780898045e+00
6.330696539913532206e+00
2.808044361001353018e+00
4.695563810415879225e+00
6.178606782194745684e+00
8.014745625402317941e+00
1.899390811316600258e+00
6.564200739179581134e+00
4.349911287459695686e+00
6.478550188700721080e+00
8.555665664559640504e+00
7.009483057352320579e+00
3.646023997790059035e+00
2.393043392127898183e+00
2.611387931892651615e+00
2.044715874979721182e+00
7.101835195631761799e+00
1.301697817861451334e+00
8.746010585430802564e+00
3.359630693999303475e+00
9.110554892644625369e+00
3.967637263876153675e+00
4.067557483266880602e+00
2.786157323797636920e+00
3.049285358446484295e+00
8.171283249432859108e-01
2.303144150825074732e+00
9.734968901042795331e-01
4.505651221558286679e+00
9.286491219295150756e+00
6.593334476818002443e-01
9.867637310621695690e+00
5.025658308826631782e+00
5.536131255975388576e+00
2.222267367633323776e-01
5.609275181293042145e+00
9.012788387618964947e+00
7.627376039499122129e+00
9.912647364429155061e+00
4.946881477185219644e+00
5.550124091640936896e+00
5.801632244236298863e-01
2.156824576553667328e+00
2.575824143297572810e+00
4.813493568972917913e+00
7.202560503259985758e+00
1.539134653358664728e-01
8.083352463127246867e-01
5.976595401042484212e+00
8.711825927159196681e+00
9.560226932615963236e+00
7.181242744382676513e-01
8.987150969435646175e+00
7.578055359189976414e+00
1.948771293484069522e+00
5.448285936538975527e+00
5.850723560894347308e+00
3.959474351265934722e-01
5.100866968058110018e+00
8.712340124082624371e+00
6.210908812742777840e+00
4.513925504676400635e+00
2.326522820128151814e+00
7.481063366160921824e+00
8.400768686563808707e-01
6.031479722431902779e+00
7.403427949329434377e+00
7.788401985174919773e-01
3.195208569569834012e+00
2.766900524686688456e+00
3.498112114157888364e+00
9.449445638817961068e+00
8.627284956124597670e+00
5.610257830440927407e+00
7.445041706223654021e-01
2.668951873189561397e+00
8.150258555393460114e+00
1.999393233555725180e+00
9.388297333396855571e-01
5.623343270143557504e+00
1.058838341917411885e+00
7.458395475382491036e+00
2.833993264969062231e+00
5.235283125238998636e-01
1.739538399688023151e-01
7.220158453067250903e+00
6.417787976720228826e+00
2.180463558236362953e+00
2.725196024343048418e+00
3.982922609635839439e+00
3.649183501649688743e+00
1.859903894746296471e+00
5.954296744753314385e+00
2.136418687709169539e+00
6.424996576760161560e+00
4.996251223964130794e+00
2.503151859301475657e+00
8.497409133509371770e+00
8.418427918856698611e+00
8.736598296496602245e+00
5.080893140985220935e-01
7.794342223279743465e+00
4.401241394225424486e+00
5.607950000065336837e+00
5.784883395162918163e+00
9.340641172630805400e+00
3.486376301271999267e+00
7.294786387727947297e-01
2.129007429602162382e+00
2.074435763805038135e-01
8.576749377503745109e-02
8.162630267336890455e+00
6.785904886002191994e+00
6.216713147365671155e-01
4.384575980671009177e+00
6.284141722160273780e+00
7.522608776378176820e+00
