4.536759784772963044e+00
2.607604482406189472e-01
9.319186875128631087e+00
8.965215277801943827e+00
4.966023934059884404e+00
6.796804947414003095e+00
8.543663748217785070e+00
2.233761210220661653e+00
8.960066651977275143e+00
5.780792026724920873e+00
6.191415295828651466e+00
4.306686038076322554e+00
5.258661188746894588e+00
5.620138984487709877e+00
6.097749958288522620e+00
7.607852185568754422e+00
5.834056744395078375e+00
3.792915541698310911e+00
6.585314755687746491e+00
8.833892341655669167e-01
9.992103720822994362e+00
6.546525441428353354e+00
3.739530968780889530e+00
9.026898003317263885e+00
5.480190940001929967e+00
9.977016264040734939e+00
4.426417985122366616e+00
1.197780887281896245e-01
6.624582329701759420e+00
3.173907662043349287e+00
8.585166454021063487e+00
9.954716231731836729e+00
8.807738437934256481e+00
7.147909211547143205e-01
5.864417609115470498e+00
6.826219945303272141e+00
7.716163864262586713e+00
5.237178116541840733e-01
4.699631623216276033e+00
6.185791323346746751e+00
1.450760115813272133e+00
3.213584657148324197e+00
1.869913498086062109e+00
9.592201213923209124e+00
1.271480017963779741e+00
7.121816241188144048e+00
2.979093974560101721e+00
9.912647883080229150e+00
1.051832907272451934e+00
3.088519629309530501e+00
5.460739970665952292e+00
8.549805024517594276e+00
3.404683862784546378e+00
6.278229303980853437e+00
5.860770978525565056e+00
3.438423923330566900e+00
6.283840623862186447e+00
4.723257997646080675e+00
5.021305667697808062e+00
2.307392786698903020e-01
1.378333996923883920e+00
1.887608106778642103e+00
5.570388615672849042e+00
3.580609890064381240e+00
5.907280992985353141e-01
2.066586302247521711e+00
1.067960826740891322e+00
9.172311404192887707e+00
3.433249153414685839e-01
1.879422293176302716e-01
4.797991467256698783e+00
6.704474600886428881e+00
5.902034642849519841e+00
8.920072810879741354e+00
9.937546316403200741e-02
8.663477456873258653e-01
4.116982298353228487e+00
7.087745207800871583e+00
8.952370363671369180e-01
7.896014116130674942e+00
7.991946519422643558e-01
4.717276194938740730e+00
8.822964722846798225e+00
2.353329450433893300e+00
3.981031456946707792e+00
5.997241962329132647e+00
5.743179665277634349e+00
9.097792715900258287e+00
7.232870054875632171e+00
9.674701548391356098e+00
6.107478187056686991e+00
9.231317595473058191e+00
9.906778584438615809e+00
7.453336701006508136e+00
9.327646044282275284e+00
8.544893726921062083e+00
7.742636840807781695e-02
2.473571294418318800e+00
6.494359680152266279e+00
3.513169535949163258e+00
8.710172476076046166e+00
6.500441583462192696e+00
3.959089591238320605e+00
6.513564701051145711e+00
2.766873494621457930e-02
6.662036466154797942e+00
5.938238343701207622e-01
8.308896374836626464e+00
6.235129488357282312e+00
6.318595336232083248e+00
5.441114259961617350e+00
4.365182524455034851e+00
9.739260811201766899e+00
6.729344967377888231e+00
8.480983765511803441e+00
8.216236909228424867e-01
4.015312519046966955e+00
5.079009252696832455e+00
7.978289933045293658e+00
9.765216224389895672e+00
3.677829739825945410e+00
8.687901694484995829e+00
8.586642901291807739e-01
2.855375661540554333e+00
1.748488877477507586e+00
6.031462595262951254e+00
3.047965878799019368e-01
3.143273312723549928e+00
6.898760416238803650e+00
7.778767963940806496e+00
6.737341483159708488e+00
6.891189158495362399e+00
3.671561455286898035e+00
2.909923953151081211e+00
9.264701422514484364e+00
2.123460503551171996e+00
9.834354300465941279e+00
7.199902676283207015e+00
3.352291186159452874e+00
6.462643554933491075e+00
9.644290889825363422e+00
3.099548641709696462e+00
7.519491107827986021e+00
5.991051910493339960e+00
4.781535441810755849e+00
8.356804334800553846e+00
8.562248531694146791e+00
4.549061802490795614e+00
1.891549360355909704e+00
9.560198590055351886e+00
9.738856250256793246e+00
7.359272453463439945e+00
8.557048968428138114e-01
6.066469970364289033e+00
3.725822279506742163e+00
5.747772833322755126e+00
5.786908072822666504e+00
9.694814559316089486e-02
4.221824739282032724e+00
9.456472013723640657e+00
7.832896228968478702e+00
6.465812794812302755e+00
4.559557472612044471e+00
5.385226883937760611e+00
2.286171645408872077e+00
7.232172877378969744e+00
4.572188807775823705e+00
7.702747593480280486e+00
6.570509514948556173e+00
7.513149279588500207e+00
9.912874990070717374e+00
4.473836549687120190e+00
1.971734032478705823e+00
4.420242063831092416e-01
4.934925324425099902e+00
5.663237891383300138e+00
2.656373432146714730e+00
4.476937670801496516e+00
9.530103613282838282e+00
1.880665512168916420e+00
9.566213061338714851e+00
4.190828149237306732e+00
7.400038166749922652e+00
9.941899572113605643e+00
4.507308161167818739e+00
1.414638235503512531e+00
6.059483927433095829e-01
2.243209163915246052e+00
7.368542605165059101e+00
2.605280521429010676e+00
3.411223897773364655e+00
7.814748810471536800e+00
5.353345167805069416e+00
7.439501104838887713e+00
1.046502482012368063e-01
6.687987180687763100e+00
5.857319038984071469e+00
5.166619708926884158e+00
2.701057760285187292e+00
2.798750513141764706e+00
3.591070570233332315e+00
1.725393059132765972e+00
8.258469009926162840e+00
3.549718411535987883e+00
1.422030323449484657e+00
6.173030369751359103e+00
1.646825601543311368e+00
8.215792689044345565e+00
5.463186132272458195e+00
4.279037543882235894e-01
2.196081399292620695e+00
1.839935934131352591e+00
4.754368385978834155e+00
6.395186095371490964e+00
8.162965061192785754e+00
6.598728257311483603e+00
5.180134539618643785e+00
5.019587473258751764e+00
4.154696075157405133e+00
6.940242132479678361e+00
1.172969065320678128e+00
7.276723140993096806e+00
1.837485744395125353e+00
9.058600767093350825e+00
2.022979050973130466e+00
5.641831960094240372e+00
6.656948008089321078e+00
3.824000613036084850e+00
9.933946409056417792e+00
1.943288738465701604e+00
7.260500559756899452e-01
9.179621033081273751e+00
6.154243739574344119e+00
1.123987026036745718e+00
1.800638981483052570e+00
1.125924288530616435e+00
4.463139623729786010e+00
8.802900920268420748e+00
2.824316355802817036e+00
8.054532890340109219e+00
4.779623081717364386e+00
9.021265131240266300e+00
7.066627860774000069e+00
3.660416054832559496e+00
4.311694754132672003e+00
2.597795293954068274e+00
6.781711184330402986e+00
8.364598779674723872e+00
8.805536530088888370e+00
7.096954274524219564e+00
6.721980050862427447e+00
7.153286177028375548e+00
7.175892624971870859e+00
3.371810672424260247e+00
2.423365693868599902e+00
8.572251070144806917e+00
2.163499331423034633e+00
8.781454182549801146e+00
3.892238153847582538e-01
7.130250520261501634e+00
6.141351908660441783e-01
2.516043760691120124e+00
2.337468392136866413e+00
3.727437704873969082e+00
2.378224700219211396e+00
9.404592697702012671e+00
2.075823171348565310e+00
9.823508780470257662e+00
2.731428195973998108e+00
1.367213624498520019e-01
2.482290450409287974e+00
1.798738699549493614e+00
4.868952586625725942e+00
4.230184790152575758e+00
5.026692572352187582e+00
7.606213149687147457e+00
5.739576715176700539e+00
7.174117255579089303e+00
1.546235254564234385e+00
8.578750247046899702e+00
7.909220372307013136e+00
9.580439480586779410e+00
6.290268508508428447e+00
9.559249850863340114e+00
6.972310600240260392e+00
7.962821893448710497e+00
9.969198311690107062e+00
9.486993900499701482e+00
6.392754922942510909e+00
1.810049430370577195e+00
3.050785457624700658e+00
5.768430743736130850e+00
4.369610223939370819e+00
6.999853445227762094e+00
6.567961338327027221e+00
1.447043723436928220e+00
9.515157864746132788e+00
5.549321461763686791e+00
4.373002887984110743e+00
9.705078343153658693e+00
1.774667115773310710e+00
9.119336960228007882e+00
8.041541400601614598e+00
2.027068636547096681e+00
4.618364589560490785e+00
4.711307128731242244e+00
6.178295963415014747e-01
9.791236671953011950e+00
9.167427265534411340e-01
5.146593560384792099e+00
3.939105822003066137e+00
5.680427069758342551e-01
4.829747453828426629e+00
3.155686499161899583e+00
9.481476025956536713e-01
7.964293624827146090e+00
2.310422488545660347e+00
8.548862606528537356e+00
8.609092259319535145e+00
5.805665500796520107e+00
2.473076006956397066e+00
8.105798839578085335e+00
8.642633821565553376e+00
6.761252144576200607e+00
2.173029811666176148e+00
4.720099255822915119e+00
4.086009516176202006e+00
9.649534806028313483e+00
3.206265776580023985e+00
7.285405583396197926e+00
2.506404535739876760e+00
7.540758131226939831e+00
3.699978560639225478e+00
9.799008877171583975e+00
2.095586494009382683e+00
1.966521061390015257e+00
3.950542109552205083e+00
6.573914897827313197e+00
8.234591157125896288e+00
6.859150115479611287e+00
2.628429978274189338e+00
3.547971380071961445e+00
3.087600272455762962e+00
1.948124631662435657e+00
3.521884905420974654e+00
4.756537961194881703e+00
2.861023964647394280e+00
5.003640000162794976e+00
4.869909173591532081e+00
3.862526245285394566e+00
5.693454592744825682e+00
8.405103437985783188e+00
9.235570181726194150e+00
7.440302688679071963e+00
3.906308001964510446e+00
1.400928471203116699e+00
1.247323084797541393e+00
8.192814130230178904e+00
5.195352135501307700e-01
6.655359068608865947e+00
5.549793491569615433e+00
2.195251431208703252e+00
8.144210557002640627e+00
7.336764042751444670e+00
5.164863693933876121e+00
9.832885250746363326e+00
3.379043117838253174e+00
1.296619644013414785e+00
8.590795874837008128e+00
6.352189711297563157e+00
4.838999798286578446e+00
9.508024515577206959e-01
1.756701383180172549e+00
7.407116659310468698e+00
4.842321405954941316e-01
9.531610307641738444e+00
2.443844916106892029e+00
4.812245445644269815e+00
6.214208854093107526e+00
1.581275953427981884e+00
8.536532254954869003e+00
9.354413134438988031e-01
6.519340566249493207e+00
9.100387982252925667e+00
9.780905489003394848e+00
9.220507558368764123e+00
2.338388236526667274e-01
3.450022166154356196e+00
6.123923326327023631e+00
6.505843537672625132e+00
1.563029237088844337e+00
5.623317836223193034e+00
6.370212642357100385e+00
6.537725895802781739e-01
1.502612189455239111e+00
7.036008190474873025e+00
8.511557035551213346e+00
3.945982956888627324e+00
3.004037693281405907e+00
6.405657549152445007e+00
6.526552049334560124e+00
8.781114180587301643e-01
6.471861384086290414e+00
5.843683024801804571e+00
1.590137232808742640e+00
9.343907115586832290e+00
7.431190390154814196e+00
4.424142154577049624e+00
6.673453486881730790e+00
6.096483587822235428e+00
2.157295259415925592e+00
6.259259272408251640e+00
9.942660498317666296e+00
8.211902718919576571e+00
9.109544509742939500e-01
5.547314373863503789e+00
5.063915841684125674e+00
8.209471654835109433e+00
4.163310869033916894e+00
4.305105794560695642e+00
3.364853803462054316e+00
9.305917909519134668e-01
8.752299963991298171e+00
1.907371672896310821e+00
7.863504222961116952e+00
5.249247160289764125e+00
9.989733647766807501e-01
8.514107826169570181e-02
2.996948811415473202e+00
7.166714639338308324e+00
7.730145875603322558e+00
3.389424324587452020e+00
9.877617779484591409e+00
9.526787618326723717e+00
2.897478410936623838e+00
6.625054564930145773e+00
6.431800944108845286e-01
8.210582929086630344e+00
4.117146814147395695e+00
2.187087136161831591e+00
1.487045712067036618e-02
5.902580934518447897e+00
8.867290253189882065e+00
1.014284760083539183e-01
2.525823150221031543e+00
3.873157440704648735e+00
6.210079704600511619e+00
8.643572663434451187e+00
1.737187493992704557e+00
7.772488601253471963e+00
4.165935282868892031e+00
6.192130406756657379e+00
9.374875099580911808e+00
4.941012421184630909e+00
1.398659514918494384e+00
9.205773322181987073e-01
5.988589001415530966e+00
1.342763152317021369e+00
5.247782515000615433e+00
6.678672729498595473e+00
2.038112669058667947e+00
9.826366733515500940e+00
6.244139393573697738e+00
1.083821083430915877e+00
8.497322600268885751e+00
3.469381780435484508e+00
9.878193377978188749e+00
9.813485021716974899e+00
5.310832172458290756e+00
8.141455713146363848e+00
1.147002039046843835e+00
4.651984810687395999e+00
4.189136116860481707e+00
8.602451293648660791e-01
6.469139656744560263e-01
9.607698239206929003e+00
7.332258811232376772e+00
8.284157680334939045e+00
7.654950249081138303e+00
6.126563652327991605e+00
8.200214322921185683e+00
7.185630618671279279e-03
2.037934810017852705e+00
2.936174970288669694e+00
2.100736885477231475e+00
4.299388386257663175e-01
6.811348105302458933e+00
9.268865939382042285e+00
1.503266187037487489e+00
2.098344290367348819e-01
7.860378061876077460e+00
1.039685245459024410e+00
5.219659790124850929e+00
8.789775471204016810e+00
8.892565747365708262e+00
6.808152899446061390e+00
4.823332846814151864e+00
3.015392717190878979e-01
8.625050458840847867e+00
4.627519786003694513e+00
