1.810113531759793837e+00
9.669441762378921723e+00
6.725594671569238514e+00
6.494053779862550613e+00
1.496735660867212214e+00
1.005188769871563359e+00
8.390890910781809708e+00
3.848111545116083221e+00
9.777333802170140586e-01
6.752953717106572107e+00
2.947659879575946995e+00
7.965559109896083179e+00
3.351660821840868110e+00
9.958338741305681197e+00
8.570036652583151948e+00
4.607257329424174763e-01
8.977887378898387283e+00
5.684810291484247990e+00
1.952200519846588600e+00
6.617406296786389142e+00
9.040796186716843152e+00
8.009236825564081119e-01
1.196313146610210598e+00
1.148213933415900279e+00
2.667966744242602495e+00
1.234887350882170054e+00
6.576961465108452032e+00
2.500792926278385675e+00
7.122222890032121612e+00
5.817603366126398612e+00
3.034961809807755984e+00
4.598997272059590635e+00
1.591202491837249156e+00
7.397097392625811452e+00
1.784010640449408269e+00
3.149046281128375036e+00
8.626965594514551583e+00
2.084685002745857219e+00
3.630817165391949430e+00
2.577606101110187176e+00
6.838544868904192775e+00
9.542770804639857829e+00
8.536497093311627538e+00
5.030606859578632850e+00
7.269800247471169818e-01
6.910948187746415172e+00
8.128434433149362093e+00
3.474744626047333362e+00
3.274824201943232538e+00
9.409788062630845218e+00
8.711808325381220186e+00
4.350931613308317125e+00
2.895339473383362616e-01
4.222625963387360848e+00
9.591353419205409736e+00
1.155885504488500803e+00
8.186758190773102406e-01
3.807132689851956187e+00
2.838330762855974854e+00
8.592096532465250291e+00
5.206809598540152351e+00
1.924933998793488810e+00
5.363731197719603827e+00
4.944794859740157200e+00
7.671114821020674768e-03
3.368084488030688384e+00
4.838265443558595003e+00
6.730250529654401959e+00
6.043934874547040259e+00
4.821738666473255108e+00
5.831119820550592969e+00
5.389901962152265469e+00
7.911631269935666566e+00
9.673290175553615811e+00
7.641169133236460631e+00
7.907892359316105235e+00
9.005608054263840145e+00
4.950592399028463930e-01
6.074017171644696234e+00
9.395196424554594472e+00
6.351509759819574441e+00
8.173486122204890236e+00
4.841585494230295161e+00
9.626542327883939265e+00
4.059578575486987084e+00
6.894267868959776280e+00
4.994353639381384546e+00
6.902629640224268393e+00
5.997832327937095087e+00
5.397744378485301198e+00
1.827886862674154012e+00
4.178476980269727470e+00
7.769105095880318501e+00
1.483960969416705522e+00
2.731439747018660213e+00
7.066347854956913643e+00
4.070018301339572986e+00
2.127102169005960164e+00
8.866802173678324905e+00
3.988141329930762424e+00
1.338311214795178117e+00
4.031865484415488865e+00
8.259967077755389298e+00
6.941767963259428242e+00
8.650783364805093356e+00
8.569970791156045209e-01
7.989052300673354701e+00
9.832755201698747172e+00
7.020140784106522425e+00
1.492692841022676964e+00
6.192518495882504581e+00
1.914185799883283412e-01
4.299593027658321631e+00
8.366383566198787314e-02
9.469846538334286024e+00
6.643378988878647640e+00
3.720091848445821192e+00
2.036527722034247034e+00
9.271163535646770981e+00
8.503133367041204593e-01
5.997808019250117972e+00
9.838563273550075650e+00
8.136312003693323192e+00
4.492210501199481953e+00
8.528816032452976259e+00
7.220018575161582852e+00
8.047202575090807386e+00
2.135892615377137371e+00
5.732678252449248113e+00
2.789739442158841953e+00
9.535448521924646315e+00
4.146037077098548629e+00
4.354926664428512950e+00
5.807738309093287477e+00
2.987372778906513204e+00
8.618034433876420763e+00
7.984303140057092740e+00
4.237828586616093851e+00
4.146307313345737100e+00
2.715559940908951475e+00
9.500447637787642563e+00
1.016854275318314071e+00
1.042083389375559888e+00
8.241326488497768832e-01
7.116351849520915707e+00
4.450058720749636265e+00
1.459784597613198454e+00
7.856210471524453176e+00
4.684447129591306158e+00
7.062610415879452042e+00
5.911503671248152791e+00
8.951058864894768874e+00
6.460415973451225646e+00
7.542611477344264514e+00
6.533732002039453590e+00
7.978856104011073036e+00
2.144463527442578510e+00
9.547759173166763702e+00
6.210583434621748999e+00
1.998690833916807463e+00
6.870131716925810039e+00
2.404398545326535963e-01
4.416391305130948908e+00
1.681079484681266001e+00
2.045026490550844400e+00
9.463647954697867348e+00
6.683537625611036148e+00
5.767528781886584355e+00
3.384333132563947188e+00
6.024069797125481074e+00
9.975165523989704131e-01
2.092631425575914861e+00
1.065948027998065983e+00
8.119154571769316320e+00
8.025563742894870067e-02
2.708530676572177498e+00
7.080378370589945014e+00
7.539818759548102989e+00
6.663372143953374405e+00
1.139221590861452249e+00
2.924131974533784373e+00
1.599084274026951746e+00
6.999261468701996947e+00
2.100802069807535588e+00
6.701403181454637981e+00
2.090546269208881647e+00
6.302107816485978731e+00
8.520642750372591223e+00
7.400646067982280307e+00
4.063839917693333526e+00
8.154207247397193825e-01
7.945605120084992201e+00
1.186384844085403012e+00
1.239330210760269946e+00
7.689538948992713507e-02
3.636269703319046087e+00
8.159639525800454152e+00
9.758928548827794369e-01
3.506127741914636609e+00
1.054700662214390627e+00
3.543244057313539308e+00
4.498743263275541970e+00
6.621602011473802563e+00
9.416737000484332043e+00
4.189885911182703815e+00
5.207003844164461270e+00
5.782262147239861427e+00
4.168441260349753819e+00
6.459451857708220501e+00
4.525377461760787590e+00
4.672299291115436404e+00
4.046585696505667684e+00
7.207603930203325682e+00
4.237170547447259850e+00
1.772493495235233363e+00
4.773894642225783969e+00
1.683176435615376665e+00
3.980732795186296968e+00
6.859797503105795613e+00
3.585832740572079125e+00
7.797555117872984276e+00
2.070057819522569176e+00
5.224250983662626080e-01
1.330812128060488986e+00
6.639201231714839224e+00
2.746195840500054164e+00
3.087853818149617346e+00
1.504137335772683937e+00
1.897620809090698746e+00
3.028222951532407947e+00
4.505642279039723253e-01
8.164384436330406558e+00
1.780650628516259326e+00
9.782748554361557325e+00
3.706835316431803307e+00
9.474562978483872300e+00
9.225606939072161783e-01
7.768370027467172534e+00
9.186277734175000376e+00
7.051702781228672556e+00
9.919005058582575085e-01
7.139540593760026255e+00
9.135241121054894720e+00
6.901290717515413675e+00
8.021657385553346842e+00
9.141171900465536737e+00
8.123749625718284406e+00
7.213282077244249635e+00
2.556873773149084261e+00
2.740376384234527229e+00
5.778263198255901401e+00
2.938946020498518497e+00
2.753066739284346642e+00
1.287770259606826340e+00
3.228338625135298567e+00
7.371957217317573807e+00
7.241233852188463160e+00
6.214468594458764983e+00
4.123353905646967910e+00
6.466084566307856107e+00
8.123859511688150903e+00
9.404417763559173693e+00
8.960245479345454456e+00
9.921740111633858827e-01
7.633430944992475986e+00
5.839254539963145696e-02
2.968057083635484705e+00
5.007342818350038804e+00
2.380560137859700554e+00
5.688489170775645754e-01
3.392269937746015263e+00
3.452363273038661085e-01
3.756499199791515586e+00
4.131858780166282052e+00
7.495788966597098479e+00
2.166991630374260680e+00
6.816128517416394139e+00
8.626125887080473120e+00
5.879854416665482475e+00
6.577948575782484042e+00
6.012846453898898602e+00
6.356856444974415155e+00
6.661907014247359093e-01
9.664317374370170910e+00
9.911873208161281923e+00
4.476300695086506742e+00
9.150808585637189907e+00
9.516013828700708999e-02
2.443974384399437483e+00
1.132943551024486739e+00
1.550853577547088857e+00
2.704525249936462483e+00
3.498895761904811330e+00
9.681924679167486225e-01
2.240671004394546806e+00
7.281830261328718024e+00
1.418430663978597073e+00
1.086802566142962556e+00
6.571319035810732068e+00
1.324533423675318122e+00
7.905622785110873352e+00
9.735318911939010889e+00
3.872024648572647276e-01
1.328899500465848815e+00
4.983639263647634543e+00
8.986376563614497215e+00
9.583708987792295630e+00
4.462756998074825177e+00
8.021165101564218247e+00
9.497347284355722508e+00
5.352338839968662221e-01
2.594751710450728055e+00
5.526896290863410499e+00
5.945338029649360756e-01
9.764998550540234135e+00
5.960444858034026794e+00
6.721465294501314247e+00
8.371576663494117554e+00
7.991898355898411133e+00
5.243525343329924482e-01
7.309601532649780076e+00
4.531756810275040515e+00
2.086363209890559567e+00
2.376504985909576817e+00
2.782102418607847127e+00
7.052213589645961456e-01
2.359136606117346879e+00
3.503123988023962632e+00
3.156573080005254717e+00
1.771864673419085712e+00
8.023024491679143111e+00
8.579410834438028211e-01
9.834201265190346319e+00
1.052665933089433903e+00
9.385556725100137498e+00
3.867866500808846197e+00
7.049568393922652554e+00
4.934956000778267793e+00
5.021813185970554372e+00
9.332979959806086967e+00
3.638423755785256120e+00
1.786543188077787114e+00
5.062471862076098894e+00
9.700531157564268980e+00
3.533336686834378515e+00
3.893817646376809272e+00
2.916902847132124776e+00
3.830732455321950169e+00
5.447451604467844710e+00
5.924480109673257999e-01
4.221140400187639585e+00
7.620308438733730760e+00
1.394756557401007901e+00
5.978266097743595964e+00
4.246063107268204462e+00
6.711661301997486007e+00
5.753369436412305582e+00
1.891525673407924435e+00
2.222647951395742005e+00
5.521138094282410869e+00
3.442056631353237250e+00
8.212529305878192076e+00
4.041886986173782503e+00
9.508514494997434952e+00
7.235558917489312236e+00
7.065767843304454843e+00
5.735360983809742130e+00
4.949509576869176364e+00
5.166679140335150855e-01
9.080766320941448200e+00
6.115311274161201460e+00
6.107291369151964133e+00
7.224453780355650778e+00
8.839262725404573029e-01
5.332207748055037833e+00
1.388121794442676027e-01
4.232179207869368742e-01
4.552075788436265924e+00
4.048839149094716205e+00
8.012456436900567525e+00
8.549227055214490889e+00
1.715630840067862151e+00
3.843517123761660770e+00
9.274676575491509922e+00
3.405607850432041062e+00
3.093097605659703930e+00
9.650925431034602653e+00
9.416445184136605917e+00
1.167374773654858977e+00
7.309697312706636474e+00
5.075746208291620487e-01
4.525804028568036763e+00
3.035577435548086900e-01
6.724190568689779823e+00
9.500140841747596099e+00
9.724067211377395381e+00
8.199607587975975775e+00
1.517702308830772839e+00
2.492155336866985760e-01
7.798193778211429006e+00
5.004307914609739782e+00
4.212627622700598096e+00
2.534240971457069058e+00
3.737123628389377394e+00
1.866660932793366978e+00
3.416961615512378536e+00
3.044455346962824382e+00
4.195647562639056360e+00
6.048262109597994929e+00
7.831494168928743171e-01
2.425400562263333448e+00
9.192010098104002935e+00
1.981629197460808012e+00
4.864428353071881261e-02
4.853141840314600941e+00
7.634789253625934080e+00
1.897524939851858994e+00
3.476122336700857574e+00
8.346501538383430230e+00
5.105611946591123385e+00
3.747166845196903129e+00
3.094341283721492530e+00
6.763295866490761199e+00
5.181305472498276998e+00
4.447312665199797621e+00
1.692645644883470357e+00
5.592132915429255391e+00
3.358590753686839570e+00
8.449908927671655690e+00
8.047489889423411924e+00
3.773785792082535728e+00
7.011644117742602766e+00
7.818582669834114540e+00
4.824324115855706196e+00
4.951668322131151712e+00
2.199330206352899886e+00
6.495300281221218164e+00
9.480415724376502595e+00
3.628131631632771636e+00
2.216429994087839361e+00
5.727090494813180666e-01
9.363817813674685908e+00
9.827874048875207436e+00
2.729931782815933072e+00
3.717203490834911861e+00
7.414118063639651091e+00
9.941282607643568525e+00
1.852579193780377054e+00
9.133120976338966912e+00
5.981594934205453740e+00
2.570592961583548774e+00
8.900978142432813822e-01
7.809431143138337639e+00
3.172960048943880285e+00
6.742948194858870536e+00
4.895359589732444228e+00
1.682811046977291669e+00
8.197903123066357267e+00
8.157472934319368818e+00
3.099395725388776057e+00
6.957336348514956192e+00
2.342541087133857225e+00
9.223379488826052963e+00
4.650955993255823095e-02
8.634844698538930885e+00
3.450833158392316857e+00
7.422368725784926013e+00
5.389053429044798893e-01
2.653196240734485567e+00
5.984217692268517297e+00
6.907508174658605782e+00
6.694161127348863261e+00
4.287708575305448910e+00
7.125969257995176775e+00
2.278170024768122470e-01
5.266107732052375034e+00
8.864927629618359006e+00
2.405648592852184464e+00
5.721578029830753920e+00
2.075819601649287804e+00
1.031348629636162917e+00
8.318618071330348585e+00
2.410845992733578136e+00
3.765699338905894589e+00
3.137478962540901861e+00
3.421255376600918829e+00
5.648055855763511879e+00
7.883011434964931397e+00
3.318692473362986561e+00
7.919664481358497099e+00
1.954834388667719969e+00
5.765078696234415823e+00
9.324067429577786115e+00
7.914729622168625855e-01
2.459893450791839076e+00
9.766662766393199746e+00
7.930985506879471458e+00
7.781080173462648020e+00
2.178119004277704107e+00
1.281451206853140290e+00
