2.872245521828813430e+00
7.142796070884380732e+00
9.589377713613261633e+00
4.476923623808028552e+00
8.606579004591388582e+00
2.001706981598935009e+00
3.580336677365155928e+00
1.743674353455985093e+00
6.673505088580028222e+00
7.294055843478943757e+00
7.632034464879996705e+00
9.606444928308480513e+00
7.706592558056746256e+00
3.914784927191861996e+00
6.684279631892758644e+00
2.596787211751812041e+00
9.734245999693170504e+00
1.480234738295883590e+00
1.437573727231845622e+00
4.656534519807850714e+00
4.088506059327742470e+00
2.142697766683168137e+00
4.208511775745460426e-01
9.994921655195607713e+00
4.165512038977579934e+00
5.318496014032861652e+00
4.681060169545250282e+00
5.892989715315806620e+00
4.090602931446913892e+00
2.226267333205286469e+00
8.752624368815776990e+00
7.539378829668534010e+00
6.486743035142009006e+00
7.749325423158063053e+00
3.236766799469712463e+00
6.914721636477696443e+00
3.004627492261768840e-01
1.372178885084082145e+00
7.636300911308530281e+00
2.155902994635472414e-01
4.492068308662189313e-01
8.486849064883626781e+00
3.989478112514927233e+00
2.636290273909069892e+00
7.944994108793164145e+00
8.781747261875844757e+00
5.839832037506889506e+00
7.088947298364844940e-03
6.488366381151589479e+00
3.080619516126566815e+00
6.045182963903577900e+00
5.573622783564962546e+00
2.208075142336292096e+00
1.762982512722071071e+00
9.537916148240860537e+00
9.534207079631954684e+00
9.134045809405408889e+00
3.591733027210476159e+00
4.733582338075570384e+00
5.231789717623303027e-01
2.710215086877787449e-01
9.286018910367955570e+00
7.605643541997716639e+00
1.301076000015463086e+00
3.884827002849528199e+00
3.065288490892066342e+00
4.000652733238432290e+00
7.140461222629520321e+00
4.214047728280015725e+00
8.990250015479595902e+00
2.274811895813166895e-01
9.392341135343562186e+00
8.338758364964188985e+00
4.493923491174546037e+00
6.160065327538470470e+00
9.051799334398632269e+00
2.590399277659737542e+00
2.582507099549327112e+00
1.516922668920536177e+00
1.856281077779565747e+00
1.293488195518748274e+00
3.756218605905912167e+00
4.753929468151656401e+00
8.332996727542685278e-01
2.152473690054974576e+00
3.505741755987736852e+00
4.337634038933399161e+00
4.765475303488213576e+00
5.255413671691855360e-01
7.426808695292827167e+00
2.774727406376085170e+00
3.007637995807455056e-01
1.578103214072359428e+00
4.232927636010415995e+00
6.674256438525182134e+00
4.927891942311330098e+00
8.468136904293041667e+00
7.344656999365089867e+00
1.908030960617331795e+00
2.286648384169370551e+00
5.779550335014792317e+00
3.047065842687564974e+00
7.313016116804494260e+00
2.444159957084824697e+00
7.367325068368901775e-02
6.939638556204293707e+00
3.841467607312790911e+00
2.610315891645468511e+00
2.307559959463984178e+00
9.591231676594638600e+00
2.110164737442954408e-01
3.213650049793193020e+00
2.297996433274001937e+00
9.324420755161422214e-01
5.835189540372041073e+00
9.904216038027449542e+00
7.424377449375587190e+00
8.510000219062144211e+00
2.097615578442433293e+00
8.909179392551477505e+00
4.711317904798908884e+00
3.992840754406283832e+00
6.377526734369157069e+00
7.725601055213489943e+00
2.457506108901227115e+00
2.128694920588548811e+00
2.744098873134318772e+00
7.076625565987307631e+00
6.743467204479928867e+00
3.597609832258217288e+00
2.070992473692314650e+00
1.599641080343859878e+00
8.191961752288593246e+00
3.006377062137376655e+00
7.465312539337970676e+00
5.057280088473266488e+00
3.956896053077474384e-01
6.118430292241634483e+00
7.903342356394549295e-01
8.398578914250137473e+00
8.945277020862770101e+00
8.868590864078386815e+00
8.022542974741156740e+00
9.615024859284062586e+00
5.995240399672070453e+00
7.605310115340248700e+00
6.830026980151161276e+00
3.792751265554538342e+00
8.244799624706095287e+00
1.876246474906246853e+00
7.177374940199115372e+00
5.016929518742330174e+00
9.160324292515504396e+00
1.699945557685955677e+00
5.039887957874902291e+00
2.554884476915542102e-01
3.447595506846049318e+00
1.218771057512277878e+00
3.921572759514011519e+00
9.116431839653495572e+00
3.960350121279391011e+00
9.887902605313488635e+00
8.143994422404560396e+00
5.134408533589999379e+00
8.427548223955794171e-01
7.277958015834063765e+00
7.706287956015794194e+00
7.888007876164939702e+00
7.956684271002089304e+00
8.321734905158217899e+00
5.502009402494797641e+00
1.078146055369316736e+00
2.535243126764044064e+00
7.296810820627140259e+00
6.826487955074059144e+00
4.187775033785008816e+00
3.071715360708595632e+00
6.864750558402077374e+00
7.911226282769474594e+00
2.418534811187793565e+00
2.081620072760026474e-02
9.036401973505231666e+00
1.274149572787216522e+00
5.825533888900528368e+00
9.542175679583719372e+00
1.934637900293528778e+00
8.319376150848023954e+00
1.306610487410981847e+00
9.687096791528048811e+00
7.390627514069278092e+00
2.000556241147433134e+00
4.969923587261815712e+00
1.022989864040277919e+00
3.621800788612792310e+00
9.542749355993212390e+00
4.428286728315465659e+00
9.592904027532056510e-01
7.669565150624979566e-01
9.608267756102812029e+00
4.489925599832337078e+00
9.278264230298393755e+00
5.457320299595490809e+00
5.680240903579543144e+00
1.109653456132587701e+00
5.772756357721521070e+00
2.214724534002816547e+00
6.573531241348301357e+00
9.739663867589625212e+00
2.010997837120300780e+00
9.997726541841261749e+00
4.052873353939251189e+00
5.259319571039808849e+00
4.258566463443548500e+00
1.077483066225504160e+00
2.997120750984010318e+00
5.912329051251813183e+00
3.677349072477840153e+00
8.120270907782513703e+00
2.202148139540052174e+00
2.422858245655467258e+00
7.999805131965675109e+00
6.421345875348315246e+00
4.240937334941046188e+00
7.679200730863435354e+00
2.044341691273453776e+00
3.410870448374647701e-01
3.764641470422879443e+00
7.138068656986733984e+00
4.403430189265456818e+00
1.466835423075487643e+00
9.371006110549517487e+00
9.176649416948388094e+00
3.701274784935554507e+00
9.808070359257952120e+00
4.466128360959463528e+00
1.898410656904975236e+00
1.184019836553028560e+00
8.036508777860065678e+00
6.074567311491251509e+00
1.511126057785074916e+00
4.594261183413546945e+00
1.054199496767109778e+00
5.315975295564872916e+00
1.107470830221558566e+00
8.376429888888976549e+00
4.129812627329976227e-01
5.431428528581617954e+00
5.207312198726608443e+00
6.675654625432507316e+00
7.771146315584301689e+00
7.982631641077886364e-01
4.214254150717372305e+00
4.668705066830013628e+00
9.332512058620759277e+00
6.517635276150156365e+00
1.109014503385654660e+00
9.204231851984761903e+00
7.909186623092866242e+00
7.577060171712113323e+00
7.520345962320976518e+00
4.628611983793091689e+00
3.819235369342827369e+00
8.065215563003111043e+00
5.419242535376605829e+00
5.824757758916309314e+00
8.872301610001692040e+00
7.333683518042388272e+00
8.886284536441535487e-01
3.799895935032264749e+00
2.351417389745988018e+00
1.829882420199006043e+00
9.854168700925987068e+00
7.584355043205723845e+00
5.222877410067246373e+00
2.209655404152485403e+00
6.763885960943751385e+00
7.030242373555436686e+00
1.628736157222754333e-01
5.288956515470615294e+00
7.584313715930468547e-01
3.978367633929743796e+00
8.153425370783493165e+00
8.247839137835555334e-02
5.380899404213554504e+00
5.865440000869113213e+00
9.342244720092958588e+00
7.512540267477864298e+00
5.895479844020043103e+00
3.469782133408927383e+00
5.149295811357326613e+00
6.992510495100572321e+00
3.514362355570364027e+00
7.399064423358003850e-01
5.313040143630480827e+00
4.834424586170228189e+00
7.477078295261837759e+00
4.855655105659473225e-01
6.264201498397711454e+00
6.193435435883224649e+00
1.206373188749715331e+00
5.574546069089709732e+00
4.211473798790214218e+00
4.955248529851175032e-01
4.603810509056060596e+00
5.495332852592428097e+00
7.155373264751727191e+00
7.038021022799200388e+00
6.432990725526941844e+00
1.348875999339516074e+00
9.931181318461124174e-01
9.484189646011737196e+00
9.392742900020744301e+00
7.362635482640589757e+00
3.092722589818142076e-01
1.093973988085584770e+00
4.923624421825152808e+00
5.809039484111574225e+00
2.882702732794427902e+00
1.381118492121993224e+00
8.659504868311815429e+00
6.067174435278873901e+00
1.978043557657449547e-01
6.545671344690590310e+00
6.427852618579964705e+00
9.512560318436269480e-01
2.917364881323172288e+00
8.206101593307193909e+00
2.301094366447439477e+00
6.512386488798669326e+00
3.032507177417730126e+00
1.311136311924621101e-01
2.812417897433591385e+00
8.169488988310225963e+00
1.040740560154301830e+00
5.669896009615646548e+00
7.446615116869796935e+00
1.312986338063405478e+00
4.511166813857718338e+00
2.246780209864007727e+00
7.337186932242244275e+00
3.695737281932701457e+00
8.907407446659121319e-01
3.191169457609120741e+00
2.032596608429975138e+00
3.730664781292550636e+00
4.159297842769676734e+00
4.283173694912764340e+00
8.089591977649096322e+00
3.598786757528449343e+00
7.478426113880267678e+00
2.659593182081707585e+00
1.208915911088673800e+00
5.334106534130018673e+00
9.016740908707905788e+00
8.438340117352328917e+00
7.274109497600223406e+00
1.693872851658091427e+00
6.925936061132200727e+00
8.775509261934358207e+00
2.464626141643171398e+00
5.715456648566252795e-01
9.180150564235800559e+00
4.748138634835807004e+00
4.428587812803320034e+00
9.419106175181118701e+00
3.649611198438895698e+00
9.167700653537309563e+00
4.561506017463327289e+00
5.799839212731983107e-01
4.834794089964930208e+00
6.859732617984501069e+00
6.655960363874147134e+00
1.868188875409515504e-01
6.624496833185151701e+00
8.779580802023115638e+00
9.299322531252251167e+00
6.104634012225862438e-01
9.342654722016231261e+00
5.562190330628981272e+00
2.010163224280829830e+00
3.381804528856378944e+00
7.202777132770345148e+00
4.258866113316744695e+00
4.687455182079145466e+00
4.493594480448959150e-01
5.774853752991733202e+00
7.808320822068175460e+00
4.966915780383084567e+00
1.023058431968772997e+00
8.951000780899814657e+00
7.275337473371897623e+00
6.787326318298761763e+00
9.461877669478338859e+00
8.485194836927256290e+00
2.718398367780214819e+00
4.099892984554998066e-01
3.196547716407628137e+00
8.942091713268251141e+00
7.603368489003725639e-01
6.404139788343732320e+00
2.790341641697950958e+00
5.698967210537243311e+00
4.115735107851476116e+00
5.150005807379857359e+00
4.162480103331370529e+00
8.135889722985834016e-01
7.662914174012787960e+00
7.629682526193642289e+00
7.083274619762987889e+00
5.350791121796775407e+00
7.810925251141823900e+00
5.405635531909488201e+00
5.299565113187140852e+00
8.836009420042996609e+00
7.393845973296717666e+00
5.554175999843097067e+00
5.325336017859942039e+00
5.936649089111359245e+00
2.800247922355416641e+00
7.175751440570673267e+00
3.115373911719086841e+00
3.101993884025882053e+00
2.317329303568912202e+00
5.917133251936979033e-01
8.371995667624339887e+00
5.649458100814004347e+00
8.610753894939524145e+00
7.899736700685649815e+00
5.875160651992854532e+00
9.889208033549822474e+00
4.101913587646865089e+00
5.763598053248064623e-01
4.204345837574345879e+00
3.239201593426286330e+00
4.732716639129423974e+00
6.907873936690430483e+00
4.157316588219720721e+00
8.337087817626638753e+00
7.754226203050597732e+00
7.959132801951350089e+00
7.572111221749160848e+00
1.922941425470042764e+00
7.871281195276020881e+00
9.659337540925116983e+00
9.678766083264807918e+00
5.984042171322245807e-01
8.113932299482053523e+00
6.097865039797989439e-01
9.354310202515254247e+00
2.972128012289360299e+00
9.180636711165778507e+00
4.051094075268224515e-01
4.541248239741518589e+00
3.484655117477832853e+00
3.478966004263942757e+00
4.595100926198586677e+00
6.675065785215838154e+00
2.049522638694791787e+00
1.535231113691376548e+00
9.294636223810689657e+00
7.386219074125486728e+00
7.015457627137879904e+00
2.709203649401993097e+00
6.604992808744363231e+00
5.427005322853649893e+00
7.947939351910020989e+00
1.464930750576783902e+00
7.972414883676100850e+00
4.810705814353599674e-01
1.520425874515646258e+00
4.969311924957722226e+00
6.236319376986264373e+00
8.254134427841503197e+00
2.116651493140826457e+00
6.258849857008060624e+00
6.453848730432224734e+00
7.915404092165168493e+00
2.721248605326972658e+00
9.028539916890276906e-01
7.204541611549139191e+00
1.147025592529857807e+00
3.448971413361734406e-01
3.611489683667451267e+00
5.983500362666882566e-01
6.988176907677958738e+00
4.137276544571266257e+00
5.905111605560225740e+00
7.156659810817023626e+00
4.045218259638869718e+00
5.192876036243708526e+00
3.284452702949364422e+00
3.545835496633096273e+00
2.959071295823378023e+00
2.563698653646906411e+00
5.358674015629633303e+00
4.612959983094824246e+00
8.277491235199299524e+00
5.379555964185759542e+00
3.182623140754048396e+00
1.182993089336403791e+00
