3.750750522600754255e-01
2.972589455640139988e-01
9.458445654811697967e-01
7.053437519588120708e+00
1.505896165433059375e+00
7.550207735583152058e+00
2.189479544594653326e+00
6.111064785264158417e+00
1.610415187191481801e+00
1.891340020120282350e+00
2.575475344095650154e+00
7.539898211518632820e+00
4.188812504305262863e+00
3.583373524301895152e+00
2.024967554312610218e+00
4.450282806288900161e+00
4.071778589597042419e+00
5.787490386058713909e+00
2.179550199844193514e+00
9.620640958354766070e+00
8.043929804401845018e+00
9.135264636604361499e+00
5.385566938983617824e+00
8.082218671246414132e+00
1.820097671369526049e+00
6.246500134715144092e+00
5.965738801280724424e+00
7.317807440700149435e+00
2.009639117265998642e+00
7.298639590464295335e-01
7.700681073306015811e+00
5.281462637958832751e+00
4.204240293310470555e+00
3.948637198729528563e+00
9.567845543115371498e+00
3.118775973729803752e-01
7.609613938887040518e+00
8.614187634652211045e+00
5.990483900052034905e-01
1.164518046147189345e+00
6.406145277252612402e+00
7.439198976005589881e-01
3.102040418749961503e+00
7.645185127452988283e+00
4.799481031807384390e-01
8.327516151085719187e+00
2.329180243554258567e+00
9.762105952187930313e+00
3.468372600067484157e+00
7.245743621413572200e+00
2.668509390966930184e+00
5.210246445985965202e+00
2.489444794549997564e+00
8.606745568301189309e+00
7.589963125318738513e+00
2.484647053435404818e+00
9.861833003514261620e+00
9.406818399020872690e+00
9.203691240832069909e+00
4.807740595285930674e+00
8.868700346793065847e+00
8.154831298864195777e-01
2.299799780172677721e+00
9.280912733049062169e+00
6.198665083475352056e-01
9.464012306257426843e+00
5.838299827172274803e+00
5.983616725495666255e-01
1.372003114702835536e-01
1.882742310326841473e+00
1.912278887806965200e+00
3.565932685085644316e+00
3.815136658288611482e+00
6.958190370082655285e+00
8.417788915850921150e-01
2.150699925737731277e-01
4.567138930464107460e+00
1.215621991811327574e+00
9.220536702246866056e+00
5.838235103278335281e+00
5.462750089576723589e+00
3.264561579772620181e+00
5.392937560143971965e+00
1.187718440515225238e+00
6.275830012860607710e+00
6.636493703862350380e+00
7.093846290797081622e+00
3.388233194420847916e+00
4.488254552021436972e+00
7.706877423674271199e+00
9.881010878050354052e+00
1.156453766934720795e+00
9.021857490938646862e+00
1.341704803090496556e+00
6.855145474702312391e+00
2.560254565863289145e+00
2.707186300195363327e-01
8.332473718634159088e-01
8.352973096504939576e+00
2.936256565426903720e+00
8.585934589322480548e+00
7.380784109366345547e+00
3.752811025290841762e+00
3.849157037678023752e+00
6.384503781859142357e+00
1.686799262756414342e+00
9.962885052293067645e+00
3.515177579199425750e+00
4.877503434321849518e+00
7.706722245598563781e+00
4.057058511016467861e+00
3.114841364030763948e+00
8.910488599311898739e+00
8.887391532831093954e+00
3.472238029281382587e-01
8.167648262468396592e-01
8.774423123738735342e+00
5.851566387707077155e+00
2.812665797534934509e+00
1.158789257625122415e+00
7.774205892716236299e+00
8.323559225993250266e+00
3.110159198575245476e+00
3.679292056178997683e+00
6.934893856556090252e-01
5.624111600826364743e-01
8.590297332224340110e+00
6.449778787276128078e-01
4.073003484213920444e+00
2.894445739728137568e+00
6.955966928095222990e+00
8.470945686218362525e+00
2.895649497243779624e-01
4.103348284854835271e+00
3.888869570577335733e-01
6.432891866529237390e+00
2.822269377943020796e+00
3.106074347083985998e+00
3.708980328988195296e+00
9.469324185736363475e+00
9.257661913727398328e+00
2.843659445658389906e+00
7.355856463318840355e+00
9.853037688624603163e+00
6.368861038103346139e+00
3.470864262394501853e-01
7.429220461383948759e+00
7.990491516433357866e+00
8.986977650175898447e+00
2.126500211237654092e+00
4.592055989088300372e+00
9.578877942471367035e+00
3.541747036402377091e+00
5.900445050516243128e+00
9.640199812476300423e+00
9.423874158575992865e+00
9.648986946942997633e+00
7.169789401970803056e+00
6.296179631857651060e+00
5.884626943155798706e+00
4.912586159775884198e+00
6.070671532137583704e-01
9.091429831016309748e+00
4.424693862725945337e+00
8.246676519670039340e+00
1.752361452115749341e+00
2.439683791308497884e+00
1.470612512119707782e+00
5.258562365092700475e-02
5.344120853409871863e+00
6.949685323013020444e+00
2.129648332923711251e+00
5.511727261431403235e+00
3.889132361408705663e+00
4.875813009382951257e+00
3.315596102010947011e+00
8.311107019963735354e+00
9.618485742319276000e+00
9.331904078711710682e+00
6.840970259576017121e+00
7.107645240491622829e+00
9.303680102635003557e-01
6.388619672138323935e+00
7.949211737233385922e-01
9.409057867094176686e+00
5.875709837387971035e+00
3.458479306843892154e+00
3.312388347284316303e+00
3.851921018729322022e+00
3.237273145037687705e+00
1.647897635056774224e+00
8.148941890117146869e+00
6.416228010298985485e-01
4.780072652732987315e+00
5.032853185927044226e-01
2.333692064650771947e+00
5.956299345840520232e+00
5.902960247997882881e+00
9.342638275938130121e+00
2.888293334158368530e+00
6.224123032581772463e+00
7.889599757875497943e+00
4.376796143987858656e+00
3.711131485574969968e-01
5.485335646322019088e+00
6.433242599184182176e+00
4.021381937960935460e+00
1.315689236959294295e-01
7.685959196793650250e+00
5.143113635319491728e+00
2.239419266418457788e+00
2.145087592314470548e+00
9.478628947904743640e-02
1.336662807215101001e+00
3.718427756682138874e+00
5.597568968700636027e+00
8.881348877245256901e+00
9.732390579084768234e+00
4.848873115283709012e+00
7.114095767670622905e+00
3.658445590484660226e-01
9.907992688508297618e+00
3.708609842132895018e+00
6.781093524348813517e-01
1.029970339841210780e+00
4.503444831573317764e+00
8.099516025893722215e+00
7.754647885228457938e+00
7.165885191632664686e+00
8.368120287847334637e+00
5.907307382332583678e+00
5.935308579710096843e+00
9.114113424517366724e+00
3.416611359002383885e+00
6.707675489396407897e+00
7.812049607617501223e+00
8.047971337163078331e+00
9.369528747638764088e+00
1.560632147185648799e+00
1.742314814169763082e+00
6.459809387912383905e+00
6.132580883130146709e+00
4.548641105517980954e-01
2.164389736162926958e+00
6.467422454860100700e+00
1.062850958728027706e+00
6.489435673975202157e+00
8.172703934959146821e-01
9.753096918788306979e+00
9.455314423130745105e-01
8.229590596308322681e-01
9.399615766536904005e+00
2.554187438504951224e-01
5.339670639732432278e+00
7.426364277680464809e+00
6.130825558609602766e+00
4.651927658093812923e-01
9.065562469396210687e+00
8.327694001665925327e+00
2.229893424097861843e+00
9.558800727541395759e+00
6.075673577591056418e-01
6.818918970518290656e+00
6.240778971851455914e+00
7.504766261012099093e+00
9.622961113535215105e+00
7.277108829307039173e+00
4.199343973804378294e+00
8.898371555362760699e-01
6.984003400922603966e+00
8.629414281643146722e+00
7.067651482678182440e+00
9.789632764792024489e+00
3.008903876209492179e+00
7.293241166724393487e+00
6.718151658153476369e+00
3.372436623857285376e+00
5.432720035341255027e+00
1.044594057902636930e+00
9.938559519459195357e+00
5.416908372086748358e+00
4.301040404057209443e+00
8.933543610618215780e+00
4.587473916601064516e+00
9.867394006191078759e+00
7.745930702594306716e+00
5.790824079816116132e+00
9.781874838302703878e+00
9.680712951621772699e-01
4.571908572029057538e+00
9.349672959930334315e+00
3.034717036489330333e+00
6.858792280739774760e+00
1.054969604066329225e+00
1.593664878086868963e+00
5.445905239853143343e+00
3.163407467900387626e+00
1.231703936284601619e+00
2.479886970197853202e-02
6.642485076753978035e+00
6.218551384469539478e+00
3.982409345159509950e-01
7.033954956559660410e+00
5.514182740950392514e+00
9.689599885894464748e+00
2.879450320366640170e+00
8.073742822140561604e-01
9.149451712249834223e-01
1.782033372352165301e-01
6.523102916494478265e+00
7.153998767943535952e+00
2.625532043474156918e+00
7.137418484822566356e+00
3.130111565613757918e-01
2.264529863436322898e+00
9.520206593195501554e-01
2.702254796540253245e+00
7.334244816617545126e+00
6.659759592396814476e+00
3.175462338912540261e+00
6.742923306343640011e-01
2.993564952090876918e-01
6.680877095900860319e+00
5.967257702102475747e+00
4.729560707118464435e+00
1.578658149214663409e+00
5.994192623270155895e-01
8.896116231255398077e+00
7.754612695435132430e+00
4.592482839691821361e+00
7.054345001917877056e+00
4.077767042117985241e+00
8.836186388942318004e+00
1.085671729796622298e+00
3.688721254548397166e+00
1.198090972846592717e+00
1.962942593767352806e+00
4.421592392662470949e+00
9.426437673044411270e+00
9.249729874547918840e+00
3.465749900732940425e+00
3.066638179113495788e+00
8.934173539470126713e+00
9.027258483075606410e-01
9.726490908624970899e+00
6.198039472686419415e+00
8.388852540653891410e+00
8.613482498486495942e+00
4.027167573259930577e+00
7.168630731748200091e+00
8.151948532615824305e+00
2.701544510538622657e-01
6.140224587641133880e+00
2.582141546783660591e+00
9.772232562476983020e+00
8.588974944291772218e+00
7.742875063170451266e-01
1.604663851425821575e+00
1.655251917749124280e+00
5.855878050766057719e+00
2.972394591258220586e-01
3.382211794571349017e+00
9.372985986905574052e+00
7.783746661082079576e+00
1.044075027000977984e+00
2.993150163440185807e+00
6.027588997116079206e+00
7.206113727522010848e+00
1.221934851119698129e+00
5.092408534964121269e-01
7.310208246167228197e+00
1.515147325299796011e+00
5.917070927489317178e+00
6.470137912374500644e+00
1.919501682547598564e+00
6.502886543109261730e+00
6.849510876105854074e+00
3.829185410469293505e+00
5.292420383858662092e+00
4.820711793368346321e+00
8.006929620162503980e+00
5.390465631663613699e+00
4.537138747033861996e+00
3.779609323491576411e+00
3.333050991704333832e-02
8.002056797645705544e+00
7.039870666441871982e-01
7.004364538142360264e-01
4.085090364085668391e+00
1.825323964310129332e+00
9.895632580781448695e+00
3.318053216921483806e+00
2.210426765636496427e+00
4.151462104400413189e+00
4.803301093423960388e+00
7.160934517240499453e+00
6.856497541242717375e+00
2.192008079326561720e+00
2.660360734285287521e+00
4.504712155496552128e+00
9.531430073576361295e+00
9.973814709510925525e+00
3.314190964201990663e+00
4.060930190430446451e+00
1.290575181214494993e+00
1.780742477590319117e+00
1.682011361976119002e+00
7.568818986211752531e+00
3.116853612779367566e+00
4.958005072000359448e+00
8.654567246816164072e+00
2.552189266406736934e+00
4.049740072657633583e+00
8.718937687200231323e+00
8.018029927503336651e+00
3.141307903686784364e+00
8.401770848826817684e+00
8.854672335083620283e+00
3.401107293381722130e-01
9.457270237736661755e+00
6.104727454916137219e+00
6.629543874215010568e+00
5.162920445473154984e+00
2.465007964860598477e+00
9.008265888596101334e+00
7.347096670153067777e+00
5.549919752505577897e+00
2.371086461489568809e-01
2.481610729985934682e+00
5.524876051038148717e+00
7.154082903989896991e+00
1.255870619645427233e+00
7.408079498228746118e+00
3.442256438302921939e+00
6.494080358903993044e+00
9.224381024573025556e+00
2.522722447671261747e+00
4.720340813179820572e+00
7.791536366902396260e-01
3.878344484074063292e+00
4.916288530294893100e+00
7.703604751832904274e-01
4.134053840978229921e+00
5.721322018868500336e+00
3.706128478171533125e+00
5.232255050263389329e+00
9.706049817200145924e+00
8.342312675037735659e+00
9.874511279462641511e+00
4.815818964514930300e+00
4.939250201668798468e+00
9.024216843002207611e+00
2.927448578228404319e+00
3.880648167107226598e+00
8.856237590560580131e+00
4.588257915408781251e+00
2.600060497800668280e+00
8.168464739059498214e+00
7.494495935648918028e+00
5.626452307203527958e+00
7.359727845114658606e+00
5.200314232040760487e+00
8.678406556938293548e+00
9.591064112518774110e+00
1.858257486193557462e+00
3.564168840452625275e+00
9.017158739581862648e+00
3.501487247497945265e+00
3.730018252135684165e+00
7.109321347189600182e+00
4.846567358546199245e+00
6.361925067033389780e+00
2.000848212347072774e-01
7.570881060643383620e+00
5.328091387216032260e+00
1.172453770002230833e+00
4.716530375468641623e+00
1.507899375579463408e+00
5.346417067767489151e+00
6.714392206941904639e+00
1.568019189347364950e+00
7.988428271844927320e-01
1.495851376128236598e+00
5.727158817358978027e+00
8.893271259520131977e+00
9.716529998682370106e+00
1.898667785586558576e+00
4.800128297141077027e+00
9.089596549297677797e+00
8.779834143169898297e+00
8.837102695665949526e+00
7.090829173050852141e+00
1.472751487318605390e+00
3.606752825174210031e+00
1.280569339280002161e+00
8.179001478534452474e+00
8.102735200978562702e+00
3.977560298178046683e+00
7.222797946349962750e+00
3.423847198137948133e+00
