3.675698100513036248e-01
9.061013214671547189e+00
9.218288652201056532e-01
2.958856266634430021e+00
9.788514513814897455e+00
3.892181675747377945e+00
7.791104332062270821e-01
6.615998982731134070e+00
3.520685243679906318e+00
4.761857430755834564e+00
9.856074838745200850e+00
4.195893027276678566e+00
8.601249534822594356e+00
6.243485287392683603e+00
6.540754817977678659e-01
2.962403636988313327e+00
8.029385471370409366e-01
1.464181730142094517e+00
4.331774933671516337e+00
6.096451802547941945e-01
7.799224843439548138e+00
1.458173100345039330e-01
6.909748887263233996e+00
4.608367685546745918e+00
5.183341410950007777e+00
9.845161215962278334e+00
2.573562330300448231e+00
9.766146640676161894e+00
8.177524081403934275e+00
2.287422999612348740e+00
9.444646670654643472e+00
3.228703497966742830e+00
8.614203842311638937e+00
1.787452231582390416e+00
2.688521968006819307e+00
4.741919223311985565e-01
6.014530661862002248e+00
3.014993972556815116e+00
4.427594376044318381e+00
3.622232347802500918e-01
6.624618661234192629e+00
2.342986347821203186e+00
2.021614944501250122e+00
8.713990142001518890e+00
8.941685810341546414e+00
9.441971744322261273e+00
2.963197377132669175e+00
2.491468247200228081e+00
8.865946073559369367e+00
1.606518703717519925e+00
7.519318609485940108e+00
3.016305074897419836e+00
6.728778760624911648e+00
4.954944175343136692e+00
2.094924865807405112e+00
4.776507446592414219e+00
8.366252677987716879e+00
3.122528741242263983e+00
9.801502495646177593e+00
4.968401691395550657e+00
6.925739330098378943e+00
5.339894971983127903e-01
8.768609295211099663e+00
4.729437355627497119e+00
8.638045784383328041e+00
8.734551612373765650e+00
1.988375043641680273e+00
9.240093905903268290e-01
7.338005024772160212e+00
6.074007387431636928e+00
9.418460996532644458e+00
5.845357395528127942e-01
7.277462519893036941e+00
8.515567547644636193e+00
1.527976155925518942e+00
7.326509223244609181e+00
9.305329179393634575e+00
2.643533457353277605e+00
7.266713077307185742e+00
1.029376383330506961e+00
8.265124770776070662e+00
2.352139459330615523e-01
3.847299683125879000e+00
3.565261358911120393e-01
7.514479768380973645e+00
5.206359968649113767e+00
7.617206855636510454e+00
3.783711792849619115e+00
7.161805552190191548e+00
7.587977331452131935e+00
7.947029431256202869e-01
4.231962812236684357e+00
8.239944026703323487e+00
6.355795693546843594e+00
4.427403043689945861e+00
3.353964539523215382e+00
9.638070450785374277e-01
9.003717759591083336e+00
3.325464973744959529e+00
8.457787253525854254e+00
5.569345811530132195e+00
1.513327983417637190e+00
6.414882603659910476e-01
8.845271824492241919e+00
4.380784758201745177e+00
7.589980158276535605e+00
5.338301408376267432e+00
3.947343675353235604e+00
1.557115310803675046e+00
5.637087184547338481e+00
6.313578064738871731e+00
5.026196351832624920e+00
8.344061523626471910e+00
9.793505400121500060e+00
9.823321820780058999e+00
6.556319832169749340e+00
2.089687039236198807e+00
9.769957171917067029e+00
2.162921491635668936e+00
2.058534027887178652e+00
4.358077213209586631e+00
5.966224715087307118e+00
4.317616461164100805e+00
6.115220103321983292e-01
3.582924255246899836e-01
5.054822505395998533e+00
5.789135754588810023e+00
5.438737157945618961e+00
8.932820733206137120e-01
9.080436562637375530e+00
5.395460569717885235e+00
4.994505892376038148e+00
1.578637364087098760e+00
6.653085875235376090e-01
6.762877991850341886e+00
5.831785773430295805e+00
5.346983730993541961e+00
2.105784321283864280e+00
7.759689953849745692e+00
3.930621509794821833e+00
4.298544341215194464e+00
9.844077924972980398e+00
9.267812154740036945e+00
1.510943897986264384e+00
8.170725858837709410e+00
5.811569105185077078e-01
3.183131587931034012e+00
2.233858479666688268e+00
8.086385541994232540e+00
7.715899903452370978e+00
5.984495556507275715e+00
3.593726478638369137e+00
1.573294570733171360e+00
1.096037065808915800e+00
4.026392014197050173e+00
2.085259712213858307e+00
8.979115270070634480e+00
9.226758746721741566e-01
8.906945580911527216e+00
2.891413865777507919e+00
3.706492234004628017e+00
7.219027747754962476e+00
3.220525961154736549e+00
9.570442238897790332e+00
6.835844003359209609e+00
7.363800016890095002e+00
1.511732287851556000e+00
1.188622135462650276e+00
1.146470968114522426e+00
2.797372281822003703e+00
9.137532631614011081e+00
3.871410173328570181e+00
5.937511267774697732e-01
7.359075737701300746e+00
4.475288210677908829e+00
6.665722357081955707e+00
6.727290526297866613e+00
4.309580882215749753e+00
7.010937963990818922e+00
1.155976858126150919e-01
8.462419221930904456e+00
8.926705535416258996e+00
7.067074014940134319e+00
3.710378945400139017e-01
4.790544236060956251e+00
5.718395395109339141e+00
6.156561477261392135e+00
4.526732862555728154e+00
6.112948070208047646e+00
5.187530775612341216e+00
3.608239204816548806e+00
2.012433720009871863e+00
8.028662653026470863e+00
7.266530889819215133e+00
9.508978555063231752e+00
7.951789958654972068e+00
1.346655056968396602e+00
6.598104161866986672e+00
3.640801718755826144e-01
9.518731132512760595e+00
3.944390458008124600e+00
7.253720865585285615e+00
8.772451032028250051e-01
7.302509633240205744e+00
2.243835938781662875e+00
8.538713209466678222e+00
7.453619467689400757e+00
9.644938755518966289e+00
8.453975072444702477e+00
8.668138672392663224e+00
4.845461226398949606e+00
8.626717076378616511e+00
1.393867781360107472e+00
5.216552860690617521e+00
7.536473563813422594e+00
1.910575465957518038e+00
5.353420611257046602e+00
8.267328663725121984e+00
1.053802477022052209e+00
9.593448502475659723e+00
6.666071014489626023e+00
8.594850164123293723e+00
4.847041623389557685e+00
3.333556383623569097e+00
1.876139732318593545e-01
4.629547870229577811e-01
6.776485088091694919e+00
1.194483895703062348e+00
1.345332385007305120e+00
5.380279476303398312e+00
9.389401452518777447e+00
3.725461487209491551e-01
9.695600218069619913e+00
3.342234199448110843e+00
4.534468497353383309e-01
1.124123649620668575e+00
3.418111626034764150e+00
5.285433902249952354e+00
3.574722386940893948e+00
4.811457503708542305e+00
6.455252037057461756e+00
5.685269944587814983e+00
7.104242208450866514e+00
3.213816260891306786e+00
4.299662982106164932e+00
7.273462620889201702e+00
4.037158919492277676e+00
6.220151022748520830e+00
5.758744644047787631e+00
7.171088456035896286e+00
6.890519335351097396e+00
1.289445453932558383e-01
8.405404996313363242e+00
1.331169235554999775e+00
1.351386702773345050e+00
9.002613756874451312e+00
4.981357944446128450e+00
9.491177378761662453e+00
5.906718313203496606e+00
7.744670952073247072e+00
7.475944248536716685e+00
7.136043042321647434e+00
4.426254557496215547e+00
8.652703520973592077e+00
2.916137312294381445e+00
9.708383020083530823e+00
8.122241279981545770e-01
8.328693249446315505e+00
2.257869527980764790e+00
9.452772505920048474e-01
4.997581374779547225e-01
2.081750975604439446e+00
5.000126474277678312e+00
8.158110752355868911e+00
8.243888200880334693e+00
3.139243839428674576e+00
3.489876466318583503e+00
7.054014197243000162e+00
7.824987835125563063e-01
7.211946308921823867e-01
2.884074482178087262e+00
3.489028863822857041e+00
9.605310807559304109e+00
9.874329272162544413e+00
4.247680986479633880e+00
7.003709442049695255e+00
1.473951090526535168e+00
9.720581355163053772e+00
8.846068139859388779e+00
6.658792826963364497e+00
8.222803751504830672e+00
8.443400702285391191e+00
7.475906771872706358e+00
6.089701445930748136e+00
8.639693311525656227e+00
9.450496542178834503e+00
8.512697185192630300e-01
6.033656037846046871e-01
1.574454594957297449e+00
6.062379161466481037e+00
9.636270639264610693e+00
8.205097930429207764e+00
4.219748678764975836e+00
5.788013865804668256e+00
4.623368631060504441e+00
9.360256665293844591e+00
2.152087772732460547e+00
4.053643577950736265e+00
9.274108252556123588e+00
2.304433132127485795e+00
9.824258938260960861e+00
9.201407399196805059e+00
8.950584251146082693e+00
8.999599108668817848e+00
6.432120439955308910e+00
9.694393944678390440e+00
3.636216807352654623e-01
2.579075986235457307e+00
8.033651832969114892e+00
9.584485908295860668e+00
9.840879246147421711e+00
4.664142068434318222e-01
7.947237666292330971e+00
1.968930081443308611e+00
8.499132913927653910e-01
1.488678332392545656e-01
6.611850781269568156e-01
5.660811900929511253e+00
2.710457834370846086e+00
1.667586218434493617e+00
2.792728310201917363e+00
5.182206065815542217e+00
5.028188360266463874e+00
5.323279722890150722e-02
5.458101350566395560e+00
1.844808230269284754e+00
2.604625111123709758e+00
5.142884337901523217e+00
2.524428046209825638e+00
4.957000536508238131e-01
4.391450948575776003e+00
2.489314462573703146e+00
4.282383420217660941e+00
5.923774816089522055e+00
9.319471702312535299e+00
5.569910543424583249e-01
1.474463361493015823e+00
4.951529316693767946e+00
5.146328022377946176e+00
4.072470770752852687e+00
9.656203518014939036e+00
9.493457858890895551e+00
9.515336857363145384e+00
7.740400584857654032e+00
4.214874905195726384e+00
8.146038513648063528e+00
2.445756230682579968e+00
8.944807238946919981e+00
2.669766839315928841e+00
4.745001731479772111e+00
5.257676317910521036e+00
4.688922580385921357e+00
6.694593748897100127e+00
5.306254458846135336e+00
1.680390427968638800e+00
8.308851459256116900e-01
6.276561355815671206e+00
5.303373965378609611e+00
6.900159791755793748e+00
2.007611174880502780e+00
9.360685600764684366e-01
7.825812895667790592e+00
5.253121918811380020e+00
3.237372129047828562e+00
8.059729321473941610e+00
2.527966766058170833e+00
1.208328486817494829e+00
3.615912913765192194e+00
8.266064645717195347e+00
9.582687380649865361e+00
6.659201771261412439e+00
2.609707879646748552e+00
8.494806135068760256e+00
5.717514297695228009e+00
6.314578968515992763e+00
9.787571202859235431e-01
4.775581303132048205e-01
2.772007378401331046e+00
7.101094480121593833e+00
9.861632064395696062e+00
7.768853707592649371e+00
1.930870362258418904e+00
9.429396730308203800e-01
7.030906271792853879e+00
9.264786120700511773e+00
8.431098532576404736e+00
5.401432141720385882e-01
9.281596514287414834e+00
9.138756288387440918e+00
8.095604023438223606e+00
6.444449832757478625e+00
5.658298331136613513e+00
6.901395058509416813e+00
9.809048650000226743e+00
9.325559273989377118e+00
3.000278898735868616e+00
6.619042577272782335e-01
4.288802235394398643e+00
4.331037438801659256e+00
4.337306176132960545e+00
6.377793589139874264e+00
2.894926258399033170e-01
7.586754716291578049e+00
8.160747364576677043e+00
2.020711691583820802e+00
4.469856968899025063e+00
3.557541725517614495e+00
5.963042214038180688e+00
8.272325688415250511e+00
3.434217105844443729e+00
9.646137106272409056e+00
8.409863302395487850e+00
2.057903931662716790e+00
7.613755465844267434e+00
9.602615854724527722e+00
5.623593183022622455e+00
3.821759811077404478e+00
1.082016044088298656e+00
8.310465906112089129e+00
7.877521598032839023e+00
8.453305005214966528e+00
7.697722655216857390e+00
3.599010696513180729e+00
3.164069901095389881e+00
2.259319409741231688e+00
3.365919580568437208e+00
1.740340615762951959e+00
6.712612307130417122e+00
3.760614122894735623e+00
8.371566266016829516e+00
4.521222759728127372e+00
1.561274903011239390e+00
5.493445141868257053e+00
2.356637376067810763e+00
8.596184636065665075e+00
8.951405823526602745e+00
8.418381201776108824e+00
4.043288738159564133e+00
4.892924589717138062e+00
5.671331440427922033e+00
8.335543394470157352e-01
8.791812941492679556e+00
8.101255981791853245e+00
5.561293819070689537e+00
9.070294965291752831e+00
6.374768566170513573e+00
8.975178801474228862e+00
8.161043587157884360e+00
3.617077723199022543e+00
7.452135112127141525e+00
5.180675264794071033e+00
1.248808930623068747e+00
9.915826622747923480e+00
4.073185997879428477e+00
5.895192891301683780e+00
1.854440248806977776e+00
8.852885266295986710e+00
7.338973646708934595e+00
7.727414977942359542e+00
8.469491040040754370e+00
2.475669107519189449e+00
4.204130870047865898e+00
7.201774708091268629e+00
5.725324651471180637e+00
8.427253218124123535e+00
1.102487525535940094e+00
3.351993273628158576e+00
9.153781635190805233e+00
1.240182589017716497e+00
3.101133371439014574e+00
8.870418616173436632e+00
8.230027453103833324e+00
3.622436362830953271e+00
3.818886375390778909e+00
2.683088964903874718e+00
3.386703009739702175e+00
4.044403586175749687e+00
5.933025666768681816e+00
1.298040665508759517e+00
5.059640827247778638e+00
7.799324004689603740e+00
6.392580443688937741e+00
5.582514815387962237e+00
3.597826366962797451e-01
8.232337897729651743e+00
4.393390578186011197e+00
5.182721240594450940e+00
3.006819505465686326e+00
1.290360708709489268e+00
7.860484761185826397e-01
