7.321661319699923620e-01
4.366419095645911241e+00
3.251394617886652405e+00
6.464770821468093231e+00
7.695470797720516121e-01
2.091931382600289435e+00
8.274097231435103339e+00
9.786805876950118943e+00
5.562898710429552196e+00
8.974250581146206329e+00
5.610726161384272714e+00
9.390384190464637015e+00
1.059254825741492434e+00
1.149463682995888192e+00
8.945151455319596323e+00
7.414274287037980748e-01
2.626512356656556246e+00
5.951075966990914345e+00
8.931223021417810770e+00
6.208463864551170275e+00
9.453993372364875469e+00
6.943149987706554782e+00
9.471888036501852071e-01
2.040080603712457474e+00
2.134378314425280365e+00
6.979793175896013224e+00
5.328642355135960962e+00
7.227307151793935347e+00
8.334384720250117340e+00
7.120025415506928468e+00
2.791073603108050527e+00
2.779986300882444361e+00
8.318487221117351282e+00
1.754228258695873510e+00
8.354361540587024848e+00
2.978679401721373576e-01
1.478334997723270705e+00
4.708770853854805871e+00
8.500313671760753920e+00
5.178666432642571316e+00
3.729356908946601656e+00
8.299946907958388742e-01
2.979421611894461641e-02
4.286372493760999269e+00
1.857819705836687429e+00
5.331138284698588858e-01
8.366178509701838184e-01
2.682079422722684292e+00
9.296081633893060747e-02
2.989461486721771699e+00
9.068493900796348317e-01
2.292006882605676310e+00
6.556492365416614732e+00
4.499320024488015157e+00
5.108353882183727990e+00
6.144430230185892405e+00
4.371102630169733771e+00
4.985960511285192354e-01
1.095483788129096858e+00
1.784572176575150992e+00
3.729206372906324063e+00
2.773944701947522518e+00
2.905618802646459997e+00
4.800841942546655972e+00
1.632374255810664643e-01
3.502807483125753851e+00
5.688730996314609101e+00
9.804824997604690395e+00
3.809474890094708410e+00
2.766580052692517722e+00
8.389282080349632409e+00
2.434775296917096377e+00
8.955386959111550027e+00
2.426247840365813868e-01
9.847804138810744234e+00
6.569960984586117547e+00
1.011988799106064985e+00
1.918578085002137223e+00
2.436145084209560885e+00
7.853113719083403055e+00
7.050483275855366827e+00
8.690292245202726917e+00
6.853226315330906981e-01
7.570576741555702149e+00
1.353097522314311574e+00
7.892972383462948383e-01
1.687710287222422556e+00
7.674429729088844354e+00
2.336480176513382467e+00
8.238140368463790608e+00
9.266470181420311647e+00
9.737361623447890580e+00
4.864466830049493318e+00
8.075731649122092293e+00
3.065037446144243116e+00
5.359255681046830588e+00
6.891327919117625100e+00
1.074125765158984169e-01
6.678526372476146555e+00
2.441287098831409708e+00
6.325705303977271043e+00
5.957575324103014935e-02
3.694207701736451632e-01
8.514639133990993258e+00
4.982794838989076602e+00
3.535457499801503367e+00
8.461100562663348423e-01
6.642316586489892316e+00
6.897615184924990928e+00
9.637146960473130797e-02
3.083265168805959799e-01
6.198995088106369344e+00
7.525459733323356382e+00
6.691309682444206430e+00
4.891553537391280848e+00
1.438548264771943863e+00
3.495007138513709144e+00
9.183445551444686217e+00
1.766741559423219421e+00
3.763851760324220308e+00
6.323593391258583551e+00
4.737705766246540051e+00
4.661851192808623701e+00
5.897400343462921413e+00
1.484716955103243530e+00
4.397186423173469194e+00
8.174411133899090132e+00
9.823083396066689676e-01
4.965831934794806557e+00
6.247818878520550179e-01
2.606751758501746341e+00
8.366657857707139101e+00
1.972824389291469860e+00
9.915308297896936907e+00
9.511531375927070542e+00
5.890320121001736631e+00
5.114553056716331092e+00
3.331177816405765935e+00
6.147355208808802374e+00
7.698453531841497721e+00
2.678411346544270266e+00
8.939692551664057518e+00
4.466202310454225000e+00
1.672960845360584869e+00
7.771567966267581618e+00
4.335812712267910207e+00
5.177846373832286631e+00
2.184261099375045312e+00
8.689962379358850963e-01
8.497519085696371377e+00
9.090972262953577854e+00
5.706853090104255344e+00
9.524887478526244955e-01
2.466815743515355930e+00
5.101877352432847346e+00
9.679990233835091828e+00
1.623545652031749276e+00
8.276028159484539515e+00
3.009473452035566154e+00
2.378848855753041835e+00
4.334808227479469700e-01
9.472064356711687338e+00
7.225082514357294095e+00
5.325278950747525109e+00
5.661442096136411806e+00
1.293448781374320067e+00
4.245856196290271001e+00
3.950483023850258846e+00
3.056791074149733944e+00
2.955873297755470475e+00
1.321284134563891488e+00
4.497618346339785411e+00
4.589176657547561433e+00
8.069701018160067463e+00
3.518051158184727356e+00
5.312452283864434577e+00
6.461907186634427092e+00
2.539870950062992350e+00
1.332008894972154245e+00
3.750267376126936725e+00
3.397888523612367706e+00
6.182627453635970660e+00
8.876917158710487143e+00
4.743744662901000275e+00
5.275723668189074900e+00
9.499709571786352669e+00
7.398879503693041926e+00
3.011037170612053337e+00
9.497946459945949549e-01
3.350581064106740392e+00
9.003081764263479059e+00
3.470826777705349198e-01
4.599294206630557547e+00
6.717709378697574785e+00
3.330284434667776239e+00
9.095808427173787791e+00
9.991097452003316448e+00
8.519418519673665813e+00
1.855261275529928033e+00
5.963683036774361845e+00
8.885730780183795474e+00
3.763915646968486683e+00
2.150245908066833245e+00
4.225144411248854759e+00
3.654208840371673261e+00
2.388778302726954017e+00
2.566700465088778138e+00
1.641218409136809830e+00
6.514094660331744890e+00
4.367210633730960190e+00
8.081138156893763025e+00
7.864925706922170967e+00
2.500428918534658429e+00
5.297848311982452429e+00
6.271166248315525493e+00
8.629200247779034161e-01
1.876945086738435187e+00
9.417318412194836341e+00
1.433762788349137729e+00
6.999067015538093628e+00
3.668841143666528026e+00
6.038076637767304078e+00
6.510635996643033607e+00
1.423640433125908933e+00
6.627832799559298493e+00
6.919222220492448727e+00
4.438895984002722006e-01
1.453875535726800727e+00
3.596796753710449490e+00
4.285798113767185669e+00
8.119507321592603688e+00
2.078751873206978740e+00
7.605339710849856161e+00
7.227606822387752317e+00
2.151796131395249390e+00
6.095539906714829925e+00
5.257390847407870993e+00
1.189975836372714202e-01
1.218527521736978425e+00
8.876427949615739443e-01
5.150373797005918242e+00
1.201440005822745904e+00
2.754551736901436065e+00
1.428835603197541326e+00
8.412385913814890870e+00
8.007964461844785831e+00
8.671772319811784868e+00
9.665324881600254159e+00
7.041677946463855697e+00
7.507246059945394734e+00
4.870532743740221271e+00
7.687809765301590659e+00
6.051735678829598619e+00
1.845957072680288746e+00
1.722851726116509941e+00
5.863225229715512299e+00
9.452956568052549358e+00
5.872360139594575479e+00
7.960982065873654534e+00
8.146276384170880291e+00
8.849468911536604310e+00
2.352091445417111792e+00
1.514927899917187792e+00
4.580856503311780958e-01
6.443892631157543960e+00
3.801219437865999140e-01
7.066859264848250000e+00
3.222766026492509539e+00
3.155019915856869250e+00
6.734920219764815030e+00
4.714563815992411921e-01
8.452807279578017585e+00
1.635808750117886401e+00
7.133876388996974072e+00
1.055342619102495050e-01
6.640686546780145250e+00
6.720187284399673722e+00
6.617783053555189809e+00
6.814970170976523356e+00
4.262994067080104976e+00
1.425746175103399516e+00
6.740757839192590417e+00
6.465441516028761271e+00
3.324178937119226518e-02
1.639599802111442184e+00
4.967978680388394075e+00
4.898067995803941699e+00
9.089801454190750363e+00
5.052246737047445535e+00
3.485115701083124407e+00
7.741723993544812110e+00
9.231851609942742787e-01
8.064552277183178575e+00
7.595545006634316643e+00
2.387359579349945804e+00
5.254802053575335918e+00
6.006020969399637366e+00
7.105346903094813982e+00
4.620440833849825957e+00
5.651511692010279475e+00
1.353883462568367113e+00
2.207708270245400950e-01
3.064451779230064066e+00
4.963533939766520575e+00
8.082340914278573152e+00
5.876800059565245871e-01
2.396548229534020358e+00
8.110316580389911323e+00
2.462909089139468932e+00
2.903167963176419342e+00
5.522683027559539326e+00
7.353803607321211189e+00
2.937265996716339700e+00
8.035649387513196018e+00
4.166014292172838474e+00
1.163225811061722181e+00
1.872974996088395683e+00
1.230991369135399083e+00
6.436290293239740556e+00
3.491611331902015003e+00
6.745283308969960423e+00
5.449973625330484239e+00
6.263429676911896671e+00
9.215294244601446305e-01
8.036426103639799479e+00
9.834667636716231343e+00
1.323905531042712802e-01
6.713226664077370565e+00
7.425930871789931942e-01
8.433595942364886966e+00
8.586898838496409780e+00
2.873817744486514059e+00
2.769088741084107852e+00
4.322444174970310193e+00
5.461667764975334016e+00
3.310551180417896866e+00
6.745274753277518798e+00
2.496906873179571829e-01
8.276826080199299440e+00
1.898535094793769584e+00
8.600093830570429532e+00
2.614650439934065318e+00
9.132803415162500826e+00
4.296464349325542997e+00
6.876790950717136752e+00
4.723589324683343804e+00
3.468974935795777981e+00
8.984602527220260981e+00
6.866543194816062012e+00
3.020849628403110554e+00
6.470515548724061539e+00
1.788411454825141744e+00
7.180844408494126974e+00
5.691505208153553319e+00
3.102647363262399871e+00
1.828120421267784845e+00
8.477101794008678581e+00
5.490683171430195131e+00
2.927037146124630063e+00
9.390754894098796157e+00
6.097145824991326180e+00
8.217755400565241786e+00
7.182178234360576674e+00
2.735835381212576856e+00
2.785994477409894365e+00
4.365055586838744617e+00
2.827423366607551891e+00
2.629949019992825487e+00
8.194511901634781381e+00
6.478740503176844356e+00
2.490291608443587990e+00
5.206836181812786180e+00
8.211804106563789674e+00
2.757095078516900166e+00
1.582730566662944316e+00
7.811361025982704653e+00
1.338344250510107303e+00
7.568214087943148982e+00
4.377690155917361992e+00
7.695098737470394745e+00
7.044338046923628305e+00
1.385845731888961652e+00
9.662134259012262305e+00
7.883765302164112754e+00
5.937469449698948409e+00
5.392604746358253820e+00
5.623422220033131858e+00
5.863773324456439617e+00
6.757537850678785318e+00
4.300840213010724611e+00
7.162198840265428856e+00
6.828203737481080893e+00
2.937586753849084964e+00
7.612349160192789732e+00
9.791086027277430048e+00
6.012946687608153873e+00
3.567594847180882489e+00
7.896626098442006914e+00
7.232598401576307623e+00
7.849592981700111771e+00
5.423701429894461690e+00
4.393626863359028967e+00
4.341322155828448714e+00
5.593864179208111409e+00
9.661594712015917352e+00
1.802440919877388303e+00
9.077023117693519438e+00
7.449141085745482727e+00
1.200680249033002633e+00
5.036944457208028858e+00
6.670806816519679217e+00
9.669136178766436274e+00
1.078950051030219681e+00
9.623959781416967729e+00
3.302582875277587426e+00
8.828626622197578655e+00
1.382502322041360143e+00
1.107083983064381938e+00
1.623807327994016836e+00
9.742025314449856310e+00
7.232257387002976934e+00
8.359684823126528386e+00
2.087488848916161377e+00
8.613801151388022603e+00
2.559242740831080276e-02
8.612163668288925322e+00
7.225618190387191220e+00
5.422993628125423626e+00
3.391537437920569609e+00
6.596313892376459709e-01
1.634680181409280397e+00
3.525450336513076266e+00
3.983274108254875046e+00
6.437220933087683949e-01
6.581113779015057563e-01
3.290881831803572410e+00
2.680587350830400339e+00
9.211231962099953208e+00
7.330186643407622604e+00
3.529972298289876242e+00
3.366453794362898932e+00
9.604670206869183602e+00
8.045169010382387853e+00
3.786257417159061056e+00
7.665587922364268891e+00
3.639534499780796573e+00
1.273321978981154512e+00
8.328085444421875039e+00
6.841493038255138437e+00
8.051976121410127973e+00
4.021088836430866564e+00
6.918992125303979890e+00
2.353760534645640057e+00
6.288401963553765128e+00
2.936540614411653483e-01
8.184545281971720598e+00
6.260967619694602249e+00
8.858746342259550488e+00
9.281881088040396577e+00
4.993788496370553887e+00
4.646513608051373367e+00
5.794284006582351765e+00
1.294727562813665633e+00
1.157289848550957512e+00
6.158501863183708736e+00
1.131703491446427456e+00
2.150954748853158627e+00
9.418544554824935133e+00
5.643065792153825200e+00
7.230869450092277440e+00
2.972551312696158021e+00
7.745921073489867581e+00
4.985241733241555728e+00
2.991050768041918495e+00
7.862745202360730268e+00
6.460180281320507589e+00
3.071169483172100367e+00
7.025644460102537181e+00
5.759223270625007274e+00
1.432863345873591765e-01
1.410620301932521414e+00
6.205440569061572376e+00
5.693362199704845139e+00
5.105476299639568616e+00
5.612226748965638556e+00
4.708693439135773318e+00
6.959744084025514255e+00
7.420225902761674597e+00
5.796346846969052891e+00
7.383555455280298219e+00
6.294113784671226064e+00
3.782100209541416902e+00
9.108472482146636295e+00
5.310442704396169056e+00
8.400054825141541670e+00
5.958248892635077176e+00
6.516677703862016280e+00
3.191503503367950856e+00
6.276860463557465408e-02
9.481936640151996443e+00
