9.689065112544891889e+00
4.420821962243541847e+00
8.583419125362244273e+00
2.386603316610600434e+00
3.300748529012607069e+00
9.836475966871136123e+00
7.109268248318483252e+00
1.329022652605437171e+00
2.601065589915764420e+00
2.829434581533512905e+00
1.416926808972092111e+00
8.969913018262653637e+00
6.754628925307254228e+00
6.881586597282909779e+00
4.471193593224623619e+00
8.086727049844466553e-01
3.063140588644883699e+00
4.715118054811985537e+00
5.731352267432473724e+00
4.155105611868890492e+00
3.525110115623986129e-01
1.642131702912705826e+00
1.872714003541453565e+00
3.434850822361814604e+00
8.082193413504391799e+00
9.066523410837461938e+00
9.242237786897556262e+00
9.370656700163706887e+00
1.833100558143252456e-01
4.395274127926942498e+00
6.831492750000733860e-01
4.506362901681154831e+00
9.079494072684621386e+00
2.781591644207690450e+00
6.046021914556590993e+00
4.224497084134447356e+00
1.516948869082324070e+00
4.014970521616806565e+00
7.722906515197164090e+00
5.402357528730935776e+00
5.410417738292252920e+00
8.024077947344306239e+00
3.017010453827326799e+00
4.794851766468618770e+00
7.277863110435224492e+00
6.408763186945156676e+00
6.767612596005308845e+00
2.861384853262870287e+00
9.741080978901205611e+00
9.032846239453366621e+00
8.855252220762263704e+00
1.510668604920754055e+00
2.577093325987767081e-01
4.684837001818675795e+00
3.291496413817566413e+00
4.252908496076914346e+00
3.010354567483635169e+00
1.122371228434019264e+00
3.043008943590099769e+00
3.263711196511414059e+00
2.363876675779313707e+00
8.894073906587474099e-01
1.515852523867278201e-01
3.237933753379405921e+00
9.118524627535046889e+00
4.183748505033573650e+00
8.857170833861454540e+00
7.099050083784623766e+00
2.402140037720315924e+00
6.566753502617461713e-01
6.312435905166255523e+00
7.339505042062217655e+00
1.049306745201902258e+00
4.025161854224159619e+00
3.694827157355056180e+00
9.787570571156013699e+00
9.193680684553481086e+00
5.035619936336741986e+00
3.920642523294237680e+00
8.755525911939632255e-01
6.911430644443189664e+00
8.868323674303124626e-02
1.550640009871387948e+00
6.362390359893643321e+00
8.523508328172317405e+00
6.463794028620917231e-01
6.387003335531683312e+00
1.624858861969418200e+00
8.604829430552861425e+00
7.242230444721528215e+00
4.313143602452187864e+00
5.940718133099420761e-01
3.285283648848171811e+00
7.590215131892992240e+00
4.893303986234235126e+00
5.843212428317712259e+00
2.962024128583427895e+00
3.287265000078369859e+00
8.805408190506012645e+00
8.996674435178707796e+00
1.683565669612385740e-01
2.666936963893728141e+00
1.099629971269275863e+00
7.058215829680478670e+00
3.389192797733642237e-02
4.222009034105620451e+00
1.468523691863188319e-01
4.458060126637643172e+00
3.785793923361478797e+00
1.790706432897315459e+00
1.049621409557925933e+00
8.948905616346246816e+00
3.997038644126706952e+00
1.923148305809000425e+00
4.039829719400395369e+00
6.552753402974159869e+00
1.012559109766237864e+00
2.157292892651037075e+00
1.796820165740402597e+00
7.776507332945974404e+00
4.551746350982908140e+00
9.581601122907814627e+00
8.475496921518161031e+00
2.364319903243332632e+00
8.824112950972857305e+00
1.093616424132143328e+00
8.421036856345564203e+00
2.426190999319469910e+00
9.508295074669348423e-01
8.579740376116941292e+00
7.213285896214708615e+00
4.868319714472261417e+00
6.623328822853846276e+00
7.313123397466049447e+00
1.964969269081031644e+00
4.348137114926140967e+00
1.314784776874132755e+00
2.326050635382173937e+00
1.202469390135474381e-01
7.695603713606002039e+00
1.803392544413680021e+00
2.550839982787048932e+00
2.196213430386768639e+00
8.223458155662978442e+00
8.854944316556090378e-02
8.988648367062486599e+00
6.623518218193043872e+00
4.697563594771706263e+00
2.487783556065169321e+00
1.612613439031874707e+00
4.979681505304998979e+00
9.743296432495389681e+00
6.594060786553612274e+00
1.616214726817746250e+00
1.048277138070874415e-02
4.524541906508550149e-01
7.139203720892744798e+00
6.531885612906217276e+00
3.190573084050639885e+00
4.124934141983964686e+00
7.527537473027551052e+00
8.912947313835097418e+00
3.448852103825466031e+00
8.383129586742906980e+00
8.301288723293344773e+00
5.003252168575876624e+00
2.886582699625177550e+00
1.841083552186079109e+00
3.434939243345496163e+00
1.857714984654974533e+00
6.872155371463711582e+00
6.091876710659310135e+00
7.805463905631590649e+00
2.477878650285615159e+00
8.093432928455013275e-01
1.588500503185881207e+00
9.864834977846004271e-01
6.639484030589548169e+00
7.901281407095400944e+00
2.193191337641451355e+00
8.626539037134202559e+00
8.371399537292225190e+00
6.479643233738572761e+00
7.116295944424920528e+00
4.372205942545526192e+00
1.831975357099988599e+00
8.119910516719997418e+00
4.721322070914926172e+00
9.968639022426012630e+00
4.743749511519538054e+00
9.938199392887826278e+00
2.725923869334396787e+00
3.857427013945891048e-01
5.240857863777459436e+00
1.430879261226223331e+00
5.593221537669111676e+00
7.403388980816787424e+00
6.978660456604831808e+00
8.111686233856991279e+00
4.665422541099136566e+00
7.755167223694181544e-02
6.796885503790265126e+00
6.010673563262053598e+00
2.940828740269423314e+00
3.879171426645423360e+00
4.495703216536151015e-01
7.279344502979049558e+00
9.419864820947937645e+00
9.293567586294443572e+00
9.749371655084990707e+00
3.658111966978689011e+00
5.404220346541899200e-01
5.780381033792778567e+00
7.278755339595626594e+00
5.375205636418790789e+00
7.607130105879581272e+00
4.585412306023939344e+00
6.437527491375250932e+00
5.254274427100755318e+00
1.723893490281835916e-01
4.688603132655288164e+00
7.546537138005529499e+00
1.030067596810166908e+00
3.168937583755209175e+00
8.503604085806799162e+00
6.710493089416806001e+00
4.209906555414100193e-01
9.205019133130278419e+00
7.901439794145408868e+00
3.843455579635937980e+00
5.380840728410833940e+00
2.686900886369716357e+00
8.057935545655793064e+00
2.812360149068355852e+00
2.300327417592932022e+00
8.445007420842753909e-01
4.263215237786416090e+00
7.409696149470033966e+00
2.290615441940514252e+00
2.358163278973828270e+00
2.792468949682880286e-01
9.106403458513177895e+00
1.720777112187726887e+00
2.374661414175754715e+00
8.881952717589014057e+00
1.765858653911273057e+00
8.146025861995453976e-01
9.741614877633132608e+00
4.705182308216116382e+00
5.750606737959028436e+00
1.460396961415637573e+00
6.316193379259940066e+00
3.012251628044705143e+00
6.842520004368141784e+00
8.532746731306042776e+00
6.821508571122279818e+00
3.999698690865951534e+00
3.366203415569068991e+00
4.908710952604417699e+00
6.835930110798514647e+00
2.454930091108495915e+00
4.925543689879391174e+00
6.250008867499341036e+00
5.702523349202271774e+00
2.605016441765783952e-01
3.893756651330997354e+00
9.934940897525626369e+00
5.045717203003907692e+00
9.077742782089847751e+00
7.718609201314996504e-01
4.509250500496675418e-01
8.106908919408521541e+00
9.169049319903901818e+00
8.952863582490777627e-01
6.707694546735910812e+00
9.441084463382493297e+00
2.230407752807850308e+00
6.683445438441962594e+00
3.572377501115696852e+00
2.270045450171381596e+00
1.248262391449287412e+00
6.151864353878428560e+00
2.711809120463295475e+00
1.909137557851333655e+00
7.010639690694905113e+00
1.443483078241153406e+00
1.185640384038750828e+00
7.197795535507818698e+00
1.788362014685762613e+00
8.422116522345305611e+00
3.760950195690329068e+00
8.056354972279761384e+00
5.621855952922237165e+00
4.403921018893408146e+00
6.684877902304409147e-01
7.803366889150732177e+00
1.803353393454611986e+00
1.008001371817901504e-01
9.515915049935777859e+00
2.647480394927776981e+00
9.656586099197513207e+00
6.284234907691724992e+00
7.150407716853806939e+00
2.081753187298609475e+00
2.230095305301535991e+00
5.204258635415800249e+00
3.193470631102170110e+00
5.071878192482262904e+00
1.061887771557915583e+00
6.037713547542561621e+00
2.885508174860861530e+00
9.389296533859063487e+00
7.143583624277738409e-01
6.524580690497325364e+00
9.417771532622209563e+00
9.613596047950601076e+00
1.083280045962867755e+00
3.801926114567072190e+00
2.004446401053172622e+00
2.151425136464713006e-02
7.088803942254120471e+00
4.319032841940462220e-01
7.758681699089848394e+00
1.323237262897974942e+00
5.545249630094922111e+00
5.411404962770005156e+00
1.155494475180037783e+00
7.381808564651360705e+00
1.723762020155824581e+00
8.627743931557196433e+00
3.167087973231086373e-01
7.750639275923334459e+00
1.661864766383134295e+00
9.168718854482316161e+00
7.448028523088632724e+00
6.632652095007185444e+00
9.162552953353227281e+00
4.317252404258397291e+00
6.440473599033353480e+00
1.290630411545309331e+00
3.996480241067347450e+00
9.414379621418243360e+00
3.941823991432404917e+00
9.250072379154758551e+00
6.389939426701167768e+00
3.297967708922787899e+00
6.722331727009276392e+00
3.951814337207084638e+00
9.792394163398853379e+00
4.522463352047028984e+00
3.464337667026156087e+00
7.329486144090838096e+00
7.035983835053796653e+00
6.673111138228464689e+00
9.030532747712435082e+00
7.563620205705200661e+00
8.070609910523451447e+00
1.351188920876874588e+00
5.811869604672014411e+00
6.065243952569146835e+00
3.365237178497268999e+00
1.684802661114447320e+00
1.048104871458637177e+00
7.043747726000998632e+00
3.699140551062964910e+00
5.602683868494562347e+00
7.660311065524996188e+00
4.813175237047591537e+00
9.436789039126747269e+00
4.547691461076545316e+00
4.445981847745182236e+00
8.114766535925443947e+00
8.331307911341507833e+00
7.732678087469063044e+00
1.722258159208178707e-01
7.278156410114879016e+00
1.010235522252205254e+00
2.849441107287129515e+00
3.853942230508644595e+00
9.412673631400686247e+00
8.460139999296597324e+00
1.202662962652649714e+00
8.885604610338011966e+00
3.041312368956856638e+00
1.964729239150869722e+00
9.337183311612823999e+00
6.482384731004277256e+00
4.935660419279523481e+00
6.325926594004892323e+00
7.987039350853707198e+00
1.066232124674501014e+00
8.702990655722873115e+00
3.113102823388291807e+00
8.344903411126692205e+00
9.387910387871620799e+00
9.115887470881279597e+00
2.274064508873826718e+00
6.252904986010310751e+00
8.631653661058967586e+00
7.922982718687191728e+00
2.669261230857920886e+00
2.545011153015435124e+00
8.671339199399524134e+00
1.122972287414679693e+00
7.674553870537959011e-01
1.886202741031888230e+00
2.211703986648122289e+00
5.737432994149793686e+00
4.289208109932722834e+00
8.169738313349084180e+00
6.982412859193606991e+00
2.297708299514535035e+00
1.893576800218135237e+00
6.853095480396715011e+00
3.609619065483685496e+00
8.782014139485093907e+00
4.800957425165321979e+00
6.495362257849953913e+00
3.217179531546952020e+00
1.366964302097875006e+00
2.333624582092367561e+00
1.816365749756067016e+00
3.680572598660327710e+00
6.003005858578101872e+00
5.412073104936665491e-01
6.415767457648496652e+00
7.278889870281775032e+00
9.228043142669070775e+00
6.032957960645547679e+00
1.480819824399638440e+00
4.809675403353100620e+00
3.320161930989060650e+00
8.460524924671267044e+00
8.750416415956154381e+00
5.995011940427312780e+00
8.624348420891346123e+00
4.904141732806925447e+00
8.817687258932362937e+00
6.889257537911557705e+00
4.393458257162116354e+00
1.736682843678574173e+00
6.474044460089514175e+00
7.379808827492194467e+00
1.979198255726669631e+00
3.760515039336232768e+00
2.093117117822653750e+00
7.820125361583851742e+00
8.110565990763081601e+00
7.155150866454827785e+00
3.557315146922014115e+00
1.092366735482548368e+00
9.469178012955831392e+00
9.489893906523771960e-01
1.780234544340949521e+00
9.692399595804982226e+00
8.346625238959026305e+00
5.176620191665792348e+00
5.221173753845502752e+00
7.263503789466867033e+00
9.576987730338485605e+00
7.428091093828066427e+00
3.412527097402480170e+00
2.248113605130119819e+00
7.315550242841036166e+00
9.952321035633996615e+00
3.180399241396231425e+00
4.157318585403773525e+00
9.045484626230651415e+00
3.319363499525496142e-01
6.219455304810762364e+00
5.789535880717140870e+00
2.807671345527409379e+00
7.947529570584532799e-02
8.042023071001317192e+00
4.276764057308941602e+00
5.517531810268797798e+00
7.476409587986354577e-01
1.700776565846183752e+00
7.230474028722832180e+00
3.966190277346670623e+00
5.204928503707539900e-01
9.110668497139178257e+00
2.727932061053863766e+00
6.520308294054607323e+00
2.325948166557968655e+00
4.766300456727289081e+00
9.239208699014485049e+00
3.938541373998849515e+00
8.522585127975640162e+00
7.236094394678925568e+00
5.217490925771816279e+00
7.469747255533894403e+00
3.103712005800328910e+00
8.314070715804147582e+00
8.855298405668962758e+00
3.386523649690942328e+00
8.423938558331547810e+00
9.808121943757874828e-01
2.949090454893487312e+00
3.053779212085794281e-01
