6.747004901389801468e+00
7.522181426721495257e+00
1.490913074031197105e+00
6.021357466570098183e+00
9.962008650843623414e-01
5.841798374530994487e+00
5.314738702431109019e+00
8.474307858687511796e+00
7.766386394505912172e+00
7.767229912402036085e+00
1.809849122204135741e+00
9.769740186481087107e+00
2.669086654747193421e+00
8.120982611078503055e+00
2.409983474967292150e+00
7.727485463324404336e+00
2.267651283028447651e+00
5.627956457131368495e+00
7.859629862422567115e+00
8.091323206804631241e+00
5.650861742335170135e+00
2.296806818277552509e+00
1.187351145086755766e+00
9.161843351262355384e+00
4.217539269551555670e+00
5.546792047693100969e+00
4.754309770234851129e+00
5.436447184097921159e+00
8.420534643714647771e+00
6.817336585552302708e-01
5.955565124313993763e+00
2.893169466806655432e+00
7.044158370786053780e+00
4.776938259117513574e-01
9.258396620018549683e-01
8.845317980067610719e+00
9.269804433994577764e+00
9.237336115981630513e+00
4.917768073337097867e+00
7.118611238937765151e+00
3.073862251160668357e+00
1.168905809263565132e+00
8.558811324977034118e+00
1.545894138918377791e+00
2.584862118774331474e+00
5.889231207470315255e+00
1.029579618004358155e+00
9.511530012390800870e-01
6.767824811623559533e+00
9.231408994262190859e+00
4.732631905255963112e+00
5.015568657238005379e+00
3.134929243232561724e+00
2.549294692545740482e+00
6.630384575738947461e+00
4.447330462439145649e+00
7.796001952956683745e+00
7.675348665802951054e+00
2.903604858811303924e-01
4.668594382839405199e+00
5.431541145072260601e-01
5.292425128102917764e-01
3.215285813589466635e+00
9.246672613027879351e+00
4.979326027181214087e+00
2.974216044827921124e+00
6.660310770221448351e+00
6.280526043924021806e+00
3.195545868575203841e+00
7.573111088234973032e+00
2.340068130518024869e+00
4.777779908460344505e-01
4.862443920974865996e+00
9.814941797828444336e+00
7.273679307826139251e+00
1.790673158460546199e+00
2.860446433221447649e+00
2.805916684468303668e+00
3.782357639104600988e+00
8.060252650487665704e+00
4.349713496207955998e+00
9.371597579232428643e+00
4.965494564539256750e+00
4.921757862355712554e+00
3.185111943893167208e+00
4.376313788389262882e+00
9.044757107326082846e+00
9.398893516879775589e+00
4.650503231046326569e+00
9.846039934811949834e+00
2.148425033403621676e+00
4.376415806099936745e+00
7.029131579687497577e+00
2.619007549995181705e+00
8.011641911970720287e+00
1.272849059627720880e+00
7.179315303148801064e+00
7.168293103942597888e+00
4.961786294957784449e+00
8.801075789107345670e+00
6.708849014122102439e+00
7.935538157043011687e+00
8.335389790671326793e+00
4.359191546585623911e+00
3.680615450718889292e+00
1.836459103748014909e+00
9.790296137115824138e+00
5.072948050970328637e+00
2.046448476517817028e+00
9.643380890570298902e+00
3.973718468995940611e+00
1.629672352609243813e+00
1.924897868446142635e+00
3.590363567205254736e+00
7.810306619370422254e+00
2.419633881599402514e+00
9.435828809591129129e+00
6.041058007544255481e+00
2.803060762570183329e+00
9.457942650792039885e+00
6.193524926418298548e+00
3.798636945975211177e+00
4.670564224789610641e+00
1.538600602572538500e+00
2.714603244047724129e+00
8.626617054913413796e+00
1.780556922107603413e+00
7.722389647749516861e-02
5.753496892203166624e+00
8.392858833547625963e+00
8.130379565975102807e+00
3.391348515228731486e-01
6.845253947839839093e+00
8.866514702625797995e+00
8.354226737725916507e+00
7.800832462606667406e+00
6.784001579503700974e+00
4.923066223304619626e+00
5.728733655858246898e+00
7.132256689878113676e+00
8.584107301314439553e+00
1.624933065683163980e+00
4.759404232885179553e+00
8.720510048784239743e+00
7.340760026558173834e+00
3.282727098766810236e+00
3.686972529313390368e+00
2.393351475314729804e+00
2.324237065083577747e+00
4.350102647219023844e+00
2.707823691778918906e+00
6.452736245031412743e+00
9.951972119820077012e+00
1.090733860126054111e+00
2.629281957282821658e+00
6.213766153044257834e+00
1.697340485608330729e+00
5.344126924403940215e+00
9.740126511915901730e+00
3.686302773392799104e+00
8.916094768971534634e+00
7.740384361632371757e+00
2.225614735626701091e+00
9.797516961029725024e+00
7.809579708968112044e+00
2.221324282185141108e+00
9.796945234946030645e-01
8.740029111336037104e+00
6.259059287761324697e+00
2.176740762001629914e+00
1.743831020005400800e+00
9.836090994259198084e+00
1.195749554816782911e-01
2.558201975589234678e+00
9.794933419755301074e+00
4.668348200331174702e+00
4.580836595942684220e+00
7.667315884455393693e+00
2.726398532355634785e+00
5.164498704487012759e+00
7.907114070006176831e+00
2.369099685318771797e+00
9.525580805606615797e+00
5.492214203237563375e+00
4.865120714442216610e+00
1.971210723353608030e+00
2.229805835137330661e+00
2.729673015662062774e+00
4.377741526382256332e+00
9.906842358786573044e+00
6.053543688186474370e+00
8.554764618761032224e+00
4.788909154413544478e+00
9.188251605707275615e+00
5.254768551005271959e+00
4.260101031745923805e+00
4.475872652116544614e+00
6.311202380735342565e+00
5.736449150051711854e+00
8.941555422322135627e+00
2.921760724333054782e+00
2.768383953503773753e+00
6.863281888753769433e-01
4.865123008981790065e+00
5.623590827448422758e+00
3.964043656844036256e+00
9.119304608959332370e+00
9.019108391746746278e+00
8.980831091163173241e+00
7.363578941319671500e+00
2.254362514338797752e+00
8.911338197756057955e-01
6.097731758567425331e+00
1.483187095954278112e+00
6.019867206941778015e+00
5.980137671701918123e+00
4.525921977662540563e+00
9.685546962845727137e+00
6.648848187912005159e+00
6.308640373787057776e+00
4.702589784604498391e+00
3.112053046344049889e+00
5.033056631491761301e+00
4.496245675428296451e+00
9.302971866588205074e+00
5.684995140077309106e-01
8.867648110941333428e+00
1.475177464426518092e+00
5.943175889500110998e+00
3.053739592741369080e+00
2.628945093389750909e+00
6.800717732807994409e+00
3.535009168653799883e+00
8.286625625715650756e+00
7.395855129533205563e+00
7.932336629928555816e+00
7.505177284810293781e-01
2.064692300837541517e+00
7.002786908573410685e+00
6.340807512497759202e-01
1.526828477337949241e-01
7.878412385751341951e+00
1.192510162606026380e+00
3.803153308590444759e+00
7.053335031435863378e+00
1.277690469738994583e+00
6.105050651600513412e+00
8.865465043800021760e+00
6.204739396862633427e+00
1.268022976779498157e+00
3.619820691058843742e+00
8.280385674359877157e+00
3.027628163615889711e+00
8.910580916913101390e+00
6.725966029515141109e+00
4.054709757135657178e+00
9.545653599752288443e+00
6.083252235898427784e+00
1.469585333709658714e+00
5.666392632394840589e+00
3.386216926756480117e+00
9.874707653023026666e+00
5.954709581777128058e+00
3.236036707545223656e+00
4.832859941373207846e+00
8.972477535005198845e+00
4.736299662154403123e+00
8.158299488952545531e+00
5.288142239114742793e+00
6.418860473572012282e+00
4.262123446964690032e+00
6.531158161113727267e+00
2.903935090179032841e-01
6.163878485180034339e+00
9.450957779183774221e+00
2.814734950874476560e+00
8.588130215948167390e+00
1.057607148233321581e+00
4.659485033418627964e+00
1.475595760865143768e+00
3.060980197818409465e+00
7.153036252398608852e+00
8.132995432393425261e+00
9.993913181512436239e+00
4.331334450555898385e+00
7.461242972391222139e+00
7.696747497258916937e+00
8.119001110180035230e-01
7.107458649092315284e+00
1.553231809678516928e+00
9.049001212986993892e+00
3.736930529250492850e-01
4.317232490087721253e+00
3.058814753748577697e+00
9.559089051968186368e+00
5.988324177622905253e+00
3.672602289845856571e+00
3.750589904200707370e-01
9.507914331995518609e+00
2.269665391991511960e+00
2.102114093123002014e+00
9.193617089172736456e+00
6.647358685207996665e+00
7.800722271941634922e+00
5.775942236451588663e+00
2.905254095302201023e+00
2.790869871577286165e+00
7.636652448780507640e+00
3.873512447783294732e+00
1.413848592681767879e+00
1.952722358062702890e+00
8.620112939508096872e+00
2.529132845565116305e+00
6.388234275968140974e-01
9.955175238593594322e-01
1.306319744579861331e+00
3.928919366629373133e+00
4.886655003760798976e+00
2.529076387175477336e-03
4.366262382909464890e+00
1.337104489988130140e+00
9.232740714878495680e+00
3.628427202085704462e+00
5.774667510498501244e+00
1.867290724415145986e+00
8.120570202036144991e+00
4.062208491778489972e+00
1.632655001813154705e-01
9.901781471277310231e+00
6.236049990055390069e+00
8.510837609481214372e+00
3.049321616789932854e+00
8.441366876947549613e+00
4.611933927602724026e+00
4.957999164341062581e+00
4.127831116905476883e+00
2.384339999269511345e+00
4.351089108981608611e+00
4.914621603766732960e+00
1.997200309471927060e+00
8.036176054824760939e+00
9.371827015226969593e+00
4.859228437081208440e+00
3.840633385838173375e+00
5.962800544797826063e+00
5.197530374407460130e+00
8.683093413717557496e+00
5.976942480855740314e-01
5.280035391782616827e+00
7.574257358112506999e+00
9.025610113304352922e+00
5.389489247059983335e+00
4.127590567237980679e+00
3.423978431509107079e+00
3.236719301461715936e+00
5.484414825690179462e+00
2.407070831303614877e-01
9.200139540469693955e+00
2.757056142550506017e+00
7.854741122051831503e+00
6.665212288039031208e+00
6.864453942403947462e-01
3.573598882798589838e-01
5.804945226393928515e+00
4.836060278023577297e+00
2.980658982770473031e+00
5.671304021442797882e+00
7.363599203344928235e+00
9.851742594687410204e+00
4.229516966287616420e+00
9.272090352604854147e+00
5.343496215969700813e-01
2.234189666337730529e+00
9.399961960979021924e+00
7.670310982118740739e+00
6.980822211521889642e+00
9.427038440824020427e-01
9.283721135737435404e+00
5.969603540299969424e+00
1.299798923752139013e+00
5.402531596072279729e-01
4.816268486450398179e+00
1.384332145048866591e+00
6.839468034312510270e+00
1.834015877486105950e+00
5.799739978466944557e+00
4.034644550827998444e+00
8.958119894761066959e+00
6.199372397395919165e-01
1.432134797183036712e+00
9.396996993991550085e+00
7.005137618337920813e+00
7.714425191478907706e+00
1.396255161702320002e-01
8.102436164400231178e+00
8.259656208907696140e+00
4.337659531796239420e+00
7.525347111113983800e+00
3.944465118566455875e+00
9.341145469472267315e-01
9.010908677146636236e+00
5.276931856142962118e+00
2.976885185060219818e+00
9.527601376989649040e+00
2.191234080221826641e-01
9.451679644030662075e+00
4.857883815749187484e+00
3.647387349549306990e+00
4.311376753746905877e+00
7.653297960662869492e+00
3.498425149419136737e+00
4.337537237941361923e+00
4.985346429119724476e+00
6.234217678434417209e-01
4.052229409665598858e+00
1.329025708716036203e+00
1.476528222781687827e+00
8.912366640292349373e+00
3.599283561214956517e+00
8.857236135915387720e+00
6.512889959146505703e+00
3.939896734604131368e-01
9.003631685416182862e+00
3.688516010942106682e+00
7.987224811630743382e+00
4.389289390406362124e+00
4.706729826925210247e+00
1.765828406468888945e+00
7.532847602515452046e+00
8.010193233024514470e+00
3.351105994927194853e+00
8.481250313250225048e+00
5.763760652899389214e+00
5.340224546975967712e+00
7.484052130172252681e+00
3.689982177535036101e+00
4.715355830951772020e+00
8.090363644488867578e+00
6.691437612714434380e+00
9.162645316664747241e+00
9.940815607992693259e+00
1.743638917683463241e+00
4.959039285867390845e+00
4.886880065922060368e+00
6.341357832619170409e+00
4.105640315704092380e+00
8.169491121326347027e+00
2.473429458889650157e+00
3.410653181955925817e+00
4.047831144280211735e-01
7.661360505117472464e+00
6.603721266408149049e+00
1.497618037578890560e+00
7.376075606817838803e+00
2.373175023719817034e+00
4.874822780112894272e+00
7.887965131936397256e+00
5.835939395498757065e+00
4.499522991143561690e+00
5.832616869091976852e+00
5.387428282917223754e+00
4.527529723625026925e+00
4.145134546463728142e+00
1.535275250124891189e+00
5.062078492629040749e-01
7.170003879054624107e+00
9.438270077403380753e+00
3.782684832191348434e+00
5.029984422743235761e+00
5.539186755448795907e+00
1.128649308815607988e+00
2.596816481366821527e+00
2.125073898566882669e+00
2.718380686444947791e+00
6.589051885669741537e+00
1.974244251883752188e+00
4.312703784420634179e+00
3.325370916071396010e+00
8.297438235297876830e+00
9.633483679805335598e+00
2.522857589145624857e+00
6.879946627112783375e+00
7.226347386800229700e+00
3.263182037292120530e+00
1.054546245390342030e-01
4.493364628637789515e+00
8.457369265229349509e+00
7.107660003377763047e+00
8.255911117496289364e+00
5.516147258755196070e+00
8.017122904459265342e+00
5.234214387622362352e+00
2.705346447807546184e+00
9.477272578253888469e+00
9.669305679769397699e+00
8.231899334270631474e-01
1.573150319021946464e+00
6.096778045099950916e+00
2.388869593199477670e+00
9.411198083330287290e+00
