5.292329050202426721e+00
8.517844920356251848e+00
4.489260008928885881e+00
7.682395583309189036e+00
2.291103919902048869e+00
5.195476398654946593e+00
3.523470436854645449e+00
2.861341121299072476e+00
1.551715673448916810e+00
5.650883305112697208e+00
2.437129447238878477e+00
9.770473701715573611e+00
7.047477691095068941e+00
4.299989286310620606e+00
4.504925106308803606e+00
8.868300046508213796e+00
6.069809477574712453e+00
7.312300703189346329e+00
4.311274350007888501e+00
6.299190979132958113e+00
7.058397964717664230e+00
5.127233997526523979e+00
1.239080336695975726e+00
7.324868366912633988e+00
4.030084232142717937e+00
1.250836427471584411e+00
6.632033843816561358e+00
5.689364329039664270e+00
6.291562052790622417e-01
8.259485381614133814e+00
1.061416946225712810e-01
5.638952810744328303e+00
6.013407914814527189e+00
7.453705148598558594e+00
1.409007175655115907e+00
3.639380728465631876e+00
5.809355537176711159e+00
5.453511216448779564e+00
6.869517467281386125e+00
8.446245644226497262e+00
2.393546799039680817e+00
4.285271356569926304e+00
6.138277501567438676e+00
3.771453064354820306e+00
9.432689794532086225e+00
9.592861467600244385e-01
5.675660889927597097e+00
7.585128587707011150e+00
9.286432131809640111e+00
8.589461309300059355e+00
7.023293819804353966e+00
8.742773474508744869e+00
2.928981473838278227e+00
2.094417458222308515e-01
7.906975523410432416e+00
9.243719540118254585e+00
6.231512922059661008e+00
7.997777902273217165e+00
9.247537689089602608e+00
1.594549193424377176e-01
9.034679792508830687e+00
5.795007621232086237e+00
9.962143613247711471e+00
5.242833404496883176e+00
2.229613862560135829e+00
9.346726573911276148e+00
2.024992270146563023e+00
9.458929972324254365e+00
3.764840176716788278e+00
3.858372606547867179e+00
7.387421326210318995e+00
4.063700888867760597e+00
9.953638415076232704e+00
3.889704287084891909e+00
8.788594800837858045e+00
3.519001218216951443e+00
5.650127462553337310e+00
4.037392775600308070e+00
6.918706970476769413e+00
8.793734495597057332e+00
4.824596381510239951e+00
3.847354960652127343e+00
8.746265903031677169e+00
5.243909152506461169e+00
3.529260510499054870e-01
3.513637735640364745e+00
3.328788451207931320e-01
2.152403112308118871e+00
8.954722566295303388e-01
1.128087660278412896e+00
6.958384563506504250e+00
2.862299817041977779e+00
5.741186086724132664e+00
8.603353988560558108e-01
6.500657399708364537e+00
3.370053523513705240e+00
4.536023877900275281e+00
5.578017861913163955e+00
4.846193629918687407e+00
2.769373909914341070e-01
8.059238789544687975e+00
1.391518595713860940e+00
8.831015168266420190e+00
7.768776803938034270e+00
8.313760532751025778e+00
6.744224422773554828e+00
8.842625654107008515e+00
5.155124301363022354e+00
1.271686304677689394e+00
3.152695608674260797e+00
6.627757168236685814e+00
2.253661849202473810e+00
6.957896163436856796e+00
3.158862842004754867e+00
6.655825474010036658e+00
1.919383860455977642e+00
3.497079499047451634e+00
4.117289758914949971e+00
5.806669402815169079e+00
1.555124195476120796e-01
8.093867373189882031e+00
1.782775407764541908e+00
4.293465158951250693e+00
2.623891967984338436e+00
7.629118325406012424e+00
6.569502889558291869e+00
9.401413988806698541e+00
5.574166505734208243e+00
9.429279695288855123e+00
8.191985013351771983e+00
9.342454312962132690e+00
7.860839202273891324e+00
9.337090054782995807e+00
1.306619500645348486e+00
1.974973640600639069e+00
9.755217530371657730e+00
8.364008833342984062e+00
8.794843673764226821e+00
1.681728380886308161e+00
2.781231390771425893e+00
9.667164806538164346e-01
2.813107242842823652e+00
8.592711926956607016e+00
4.899740699389911747e+00
5.557737421218912566e+00
5.132702619522544474e-01
6.710580746005398112e+00
7.200326520403747210e+00
5.710149263913637085e+00
4.233450159438626237e+00
4.068651403821188506e-01
3.268480808995579689e+00
1.323845039415251224e+00
9.426231894422166135e+00
4.756304823222147427e+00
8.647537540723448046e+00
1.060258304689639663e+00
5.453123793341950964e+00
1.940545434861574714e+00
5.033643772449750919e+00
1.742076443420239595e+00
7.110593845826322479e+00
5.481116544269256430e+00
7.356296063727350010e+00
6.954879853834694536e-01
3.636537441518133740e+00
3.406606554034508072e+00
3.936830679788636544e+00
8.296191688316520541e+00
7.565874470609813329e+00
4.892283617749439095e+00
8.209259225474287547e+00
1.593551778516875128e+00
3.174128728283537093e+00
8.024216246410150077e+00
3.010008357489224462e-01
8.444217803174018044e+00
5.881655696799884758e+00
8.556048348793037661e+00
1.846453610606322293e+00
2.165746008371894682e+00
3.994316439710698941e-01
4.502996389241770814e+00
3.890350112546062888e+00
6.197679019994122740e+00
3.225104170446846386e-01
7.203277655205980956e+00
4.735483435251597317e-01
7.799411188853142107e+00
4.547182235335816003e+00
4.200260746737402684e+00
3.314501424808832475e+00
1.914184112730211718e+00
3.047937382304410914e+00
3.719233308600047305e+00
4.304667992797927667e+00
5.514028329231813075e+00
8.492224947275961000e+00
3.467433530670385178e+00
3.465540444974011258e+00
1.360785803625194079e+00
1.484214576499054417e-01
1.665353291356594934e+00
2.467066324831213020e+00
6.521301430042314440e-01
8.254992896585587658e+00
7.392949763591959211e+00
9.339914748842732095e+00
1.889774700650808104e+00
6.117084581485742412e+00
3.882592449063952067e+00
1.522685012816269445e+00
7.591884190320103087e+00
6.869299934832245214e+00
4.703537416898802448e+00
8.270538639651098478e+00
5.289706143762736623e+00
6.752774429510851384e+00
9.605747461498225448e+00
3.286294472752777640e+00
7.479214336918246886e+00
9.473435399086362452e+00
8.751216923817985105e+00
3.785725289173289543e+00
9.365307246846906963e+00
8.841048148273474183e+00
4.687842404923211248e+00
7.563116175429910548e+00
1.045291511926116357e-01
4.753973019988752213e+00
8.279577521747260249e+00
3.893187891680045531e+00
4.649474756477376403e+00
9.294598133904129256e+00
3.235377588031995710e+00
2.240698436395213378e+00
6.625639749019374136e-01
6.679400802946464211e+00
1.365160337483342090e+00
8.795236991901122181e+00
9.078605153907098213e+00
3.577436168680345752e+00
3.122750130322302642e+00
9.065343618807933268e+00
8.441707302230881282e+00
5.709917790918691338e+00
6.584582406794812215e+00
3.867547882436721540e+00
4.870675952020585342e+00
9.510033604792019091e+00
4.398332719336779384e+00
5.563940816021158753e+00
7.239745114360706779e+00
5.509632829713036806e+00
2.592871136492299833e+00
1.963813444282782594e+00
9.772604775518265896e+00
6.470310969770155296e+00
6.345576453406417627e+00
1.634817459670978579e-02
6.222696334103395621e+00
4.665101938942568083e+00
2.911701073856557187e+00
7.422249862006538912e+00
3.937353914554142520e-01
1.581895263646262428e+00
1.986264453296903154e+00
5.279015220232688321e+00
3.013716071779874106e+00
1.526337115341764861e+00
7.071271435411849104e+00
1.216641677427610091e-01
4.887041771259604594e+00
5.631086428139457922e+00
8.512490002543708911e+00
4.757386157989441422e+00
4.536512038716907114e+00
2.436169086270425499e+00
1.342906299617321331e+00
4.719890007158089595e+00
2.277965022321684962e+00
6.919216365744206065e+00
9.696122164662364540e+00
8.462077781845378510e-01
5.694973357791885960e+00
2.172386527659017297e+00
8.415247903154419618e+00
1.585569110984286212e-01
7.829007695861614380e+00
1.897751552320603441e+00
3.171041305946026512e+00
7.068741052188998175e-01
1.939929614021415061e+00
4.236884809836470644e+00
3.474369035351468682e+00
5.476082980768028463e+00
6.127804732748046490e+00
7.461005446725264001e+00
8.212659993038336381e+00
7.184789356083606471e+00
9.340494448225622470e-01
9.415238165509228097e+00
9.411648301733031019e+00
7.324515198562060903e+00
8.629783658373286315e+00
4.006749433703060248e+00
2.997567472869145710e+00
2.202712215191927392e+00
6.000789868489254886e+00
4.691908734641260459e+00
1.205735287728164629e+00
5.105943924655131028e+00
7.331239905798064171e+00
7.222782543029071078e+00
4.846895860305144854e-01
2.773712712746255526e+00
2.719991358404675097e+00
1.479656062746618206e+00
2.757910876036110182e+00
8.165349468570628488e+00
6.798556799991528621e-01
8.243370167468395238e+00
9.654472454558083783e+00
2.337875373913242960e+00
5.087320791430760547e-01
2.009271891979933500e+00
1.524187274190131891e+00
6.702317705261922498e+00
7.802055393697219010e+00
5.603642408061558555e+00
3.822227226789816967e+00
5.864123407419183920e+00
6.864631131326764724e+00
1.716387129689589397e+00
6.708391806028446425e-01
8.795437941910032364e+00
8.060468975293343163e+00
7.691229501075094177e+00
5.861146574750265792e+00
1.221744976492178392e-01
4.223200445724467400e+00
4.784998552039564146e+00
4.098753041749718662e+00
6.429472537155046297e+00
7.019117691413081062e+00
1.858265809420289738e+00
3.889325747425875779e-01
5.721056337513687140e+00
5.402103600810094441e+00
9.019843257793759506e+00
6.758181077922640334e+00
8.013255711796883674e+00
8.403416345345174676e+00
2.931111637931168801e+00
2.709514081565496113e+00
5.189269249991734778e-01
9.465599761223703723e+00
5.727679122870343420e+00
3.909124952663730390e+00
7.260201758193339572e+00
7.069236027598346794e-02
7.105940989988575929e+00
7.086565136318490055e+00
3.463960519831004170e+00
4.379987871802769384e+00
2.281284400294898429e+00
3.504574120461124487e+00
4.040910745857278386e+00
5.501563111067257594e+00
1.837615958048680609e+00
7.851357916737083720e+00
1.260114605043297642e+00
8.225974397586039544e+00
3.358367665184874618e+00
4.104945757337548073e+00
8.332049424480278077e+00
3.912879565443942997e+00
7.267509724112621861e+00
3.832582389086059749e+00
9.107055417797409902e+00
4.961666846632897254e+00
3.617883507457504422e+00
9.667063793257527848e+00
9.424630620663029035e+00
1.525269793440720001e-01
4.739359889369519685e+00
4.889362366601558207e+00
2.022986705744616032e+00
7.636445956908798571e+00
4.407088238705797245e+00
2.393879407090742095e+00
3.536306463713038362e+00
7.461827503052465005e-04
1.453753368111665445e+00
2.256118517250231825e+00
4.006332521079807307e+00
5.897686409232969496e+00
9.128977214202620871e+00
1.766634068858269346e+00
1.669118189981263489e+00
8.009654775148320027e+00
8.029311621150046818e+00
4.417226565319916531e+00
6.544764377084333340e-01
1.973263951438666286e+00
4.626172228850020218e+00
5.968954373930569268e+00
9.666696858020136673e+00
8.280284481143368680e+00
8.745292422795587939e+00
9.347586158073831086e+00
8.366725035190569759e-01
7.007383031571770893e+00
3.994294051527569334e+00
5.846611332812530648e+00
1.764747283579597426e+00
6.803401021554636330e+00
1.169884664540099539e-01
3.551260850923329215e+00
6.266068795497603539e-01
5.254988193550977904e+00
4.612654999850120063e+00
8.835139662086945123e+00
2.894935991674335796e+00
2.396331657998218567e+00
6.443248420559664957e+00
7.595451957350674910e+00
8.186069637403342369e+00
3.248443200450523705e+00
7.198246639007432890e+00
2.530758738095436833e+00
7.028775360175191445e+00
2.860457956737843865e+00
5.315073353332838479e+00
3.812127232968220980e-01
8.159713761087315831e+00
9.315545924115902210e+00
5.064513361901466837e+00
4.043178626699917899e+00
5.954908916333159219e+00
4.773414032937272289e+00
3.166443657026096758e+00
6.000854425191128882e+00
8.511083156405934602e+00
4.182158567661174331e+00
5.679438481376069880e+00
8.939491708174550411e+00
8.457075327396591291e+00
5.155825553106768488e+00
5.858993297513748644e+00
7.687143787035886078e+00
7.364410110251795594e-02
4.786078341758884136e+00
7.949525865216822140e+00
1.976215691412539499e+00
8.281427301978650846e+00
9.317806962022448403e+00
7.491215147277180186e+00
5.963794384915881430e+00
4.563337134229886516e+00
4.345047707812657478e+00
5.814274664636964740e-01
8.369913726612091764e+00
1.326267749990474032e+00
2.108961485817367532e+00
5.099726969740370208e-02
6.520415711687031823e+00
3.135261692672500544e+00
5.264174218508172132e+00
7.264229787763242463e+00
7.506313674451984497e+00
3.114694997166711499e+00
4.284949521037884068e-01
4.335250378210098177e-01
3.770059552098354860e+00
1.608291929924148267e+00
5.187304826879057806e+00
7.802728821737509257e+00
5.391025161129157084e+00
2.364032031645947107e+00
6.595452471745867129e+00
7.060636106938267265e-01
4.829056682960529479e+00
3.268419190772444693e+00
3.756907528392775752e+00
1.829728960941361393e+00
7.138869643896237349e+00
8.263260975330444680e+00
4.281594770664715277e+00
3.148273984517622193e+00
9.625236408517400477e+00
5.234011530376242227e+00
3.823813921691796569e+00
1.969550711131957677e+00
3.491568311382031720e+00
5.312395563800463627e+00
5.710796123110961631e-01
9.132761952324647936e+00
8.654774609389910722e+00
6.765526119890624912e+00
