5.253317345964502394e+00
9.817760802226377592e+00
7.251859188213080287e+00
1.223408128138655515e+00
6.858030440639383052e+00
9.899637195001881551e+00
3.225003490348935742e+00
7.592854390399750741e+00
4.349304175031759812e+00
8.519840653772675410e+00
3.907161016569170364e+00
2.581557026199163829e+00
2.843777867210174115e+00
9.481975371143425591e+00
2.952702059188572203e+00
8.040162456902253396e+00
7.362941322062831695e+00
4.678354036796679161e+00
4.018194056549039495e+00
1.893913659566357488e+00
2.353562026753809100e+00
4.656518365658730119e+00
6.895493670712714795e+00
6.366843817038049025e+00
5.598208965409323667e+00
3.708833207465641379e+00
8.868044492395371847e+00
8.311796861141608872e+00
3.776435864980842716e+00
7.717257275529824767e+00
1.612647241378987184e+00
3.247304304574146983e+00
7.968954585765937182e+00
4.447603172011962869e+00
7.969792933757341657e+00
1.366283948996088737e+00
1.927644929292681164e+00
6.513896052010776927e+00
9.647858288420142259e+00
3.847751938326013033e+00
4.611923048782522017e+00
8.482596401596287361e-01
6.442446312869909431e-01
6.457362748366975325e+00
6.505862343562689887e+00
1.608972296781439049e+00
7.388785251277837141e+00
7.480231483586956998e+00
1.885382175190162268e+00
7.912697852705649737e+00
1.503591539620563466e+00
8.938507193968645126e+00
1.079819438948361743e+00
3.636801225877068777e+00
9.808669732569628152e+00
5.365847717356487578e+00
9.958022844532155915e+00
8.373833149740505633e+00
2.282115472228938291e+00
8.858869258265436031e+00
6.996871585523654957e+00
8.726355803618639939e+00
3.499006060634904713e+00
3.372037155365310568e+00
3.766978345804932182e+00
1.888204150496645140e+00
5.079713361479941902e+00
3.195312970815860076e+00
9.324269861697976225e+00
8.280630146226455324e+00
1.457139266875246975e+00
6.807817725966102351e+00
3.722435941528567049e+00
9.121553381507996328e-01
6.934503897421407714e+00
9.465985020282452922e+00
5.527614763392566744e+00
6.188018415920780946e+00
3.235104436014014873e+00
2.841542344748355653e+00
2.902054784392142928e+00
1.648470733637149577e+00
5.860576426508310455e+00
9.709197007997728335e+00
8.017246840513173822e+00
5.175159717336696996e-01
7.783528792172686117e+00
5.277542138809558914e+00
2.126700715741257852e+00
7.350237976154837760e+00
2.235149418725589143e+00
2.001722002961766833e+00
2.563352187595110188e+00
4.178428955152019952e+00
3.441222852187659775e+00
5.237478805536389892e+00
9.440233838394826549e+00
4.174140265137182837e+00
8.247336178670712670e+00
5.863664580320087083e+00
2.932988204819408917e+00
5.471409334591957219e+00
4.578389334243954778e+00
5.263172005342827475e+00
2.926299297427369162e+00
1.007288935339201164e+00
6.897780365631175137e+00
2.106448804340005587e+00
1.648369234514335258e+00
3.970417307299471954e+00
6.254667371925889618e+00
7.447305625266609219e+00
2.198843900560950360e+00
6.152358095710066976e+00
1.477289372524935862e+00
1.781819635685748526e+00
8.321395949330939956e+00
3.201359705335375949e+00
7.072824568861215688e+00
5.520766904535156172e+00
6.068313973624866797e+00
4.074011778006392248e-01
7.894944863786634848e+00
3.924360681421434016e+00
8.903862703428631065e+00
6.288877806671272275e+00
2.901291751119496887e+00
5.387203188808643795e+00
4.780624473745520575e+00
3.756479026355227013e+00
5.797154075714412436e+00
1.235244038572007597e+00
1.056597535715483316e+00
7.922567151836952704e+00
1.827929154503696862e+00
9.168148318743359226e+00
5.012138396664367335e-02
8.487719300951124257e-01
9.620801714199584964e+00
5.755697435054070610e+00
4.967425057368966002e+00
7.214662418722024739e+00
1.238502161877773622e+00
1.379978844382634406e-01
1.015219021778634989e-01
7.126356430312341672e+00
5.511177484810408700e+00
5.788810852045039645e+00
6.435298499911121795e+00
5.830611274428401103e+00
8.964160930278788797e+00
5.406298631711629277e+00
4.334225307157605123e+00
7.027625527936924854e+00
9.085124253557463447e+00
9.639648790242748788e+00
5.095004321782948153e+00
7.074397248707176900e+00
1.530944438451800060e+00
9.853426638174541452e+00
6.136801999909241800e+00
5.823995161307800039e+00
8.473028710648742745e+00
3.598901221259425132e+00
3.530808446979383231e-01
7.790684932029611431e+00
4.703290271047305460e+00
2.210298780781113415e+00
5.942072826805339325e+00
9.441738305516208740e+00
1.621339351578681143e+00
1.447866473760544004e+00
3.566350934525800653e+00
6.333431099042561740e+00
5.448398048734954813e+00
8.658492237504614053e+00
4.417409500979102788e+00
1.809200439113811676e-01
4.881655803209077327e+00
6.657648338802761856e+00
6.741773073958019502e+00
5.784314427549592352e+00
6.380329996741113341e+00
3.578671592776819566e+00
9.261526204130539952e+00
7.556102672271888920e+00
1.198093822383434759e+00
9.144724694892675032e+00
6.324186392787445321e+00
8.002084786246155268e-01
9.132425102582311993e+00
7.151942015088561533e+00
3.317091681892222255e+00
4.867067672660447819e+00
6.308917578552425631e+00
5.449283418449146765e+00
9.872487813816103852e+00
9.963055045458915515e+00
1.556178464329678324e+00
8.186997553438866149e+00
6.706795702387895020e+00
9.073446255076586198e+00
3.958711689373701770e+00
2.521888324752002752e+00
6.100385540535801177e+00
2.502555953700675850e+00
4.690662444584213553e+00
3.799655925029035153e+00
1.182527762353950962e+00
6.836518641827882270e-02
2.638879512442513509e+00
6.261598236229843017e+00
5.383889466553388736e+00
6.516242139520707966e+00
8.392388295489354277e+00
5.495809632793243971e+00
2.172069462650882965e+00
3.188211490337277354e+00
4.409041074214281597e-01
6.186475094834738897e+00
9.911608895456669899e+00
5.693441771545424857e+00
4.299525015796512584e+00
7.502669607003065178e-01
4.776715239655776379e+00
7.369405741171349611e+00
5.611510738537591969e+00
9.902424707924623704e+00
9.930473126563295949e+00
9.720211564724200670e+00
4.555625943012534762e+00
9.369584223576696402e+00
6.974451451685484749e+00
2.297699809448812136e+00
6.528311391897996252e+00
7.416938864831370992e+00
2.971082137294442926e+00
2.467700781305573798e+00
1.674707624251486893e+00
3.721986327322918342e+00
6.605880595055401372e+00
6.958931073344699847e+00
3.616448996110699365e-01
1.449715511981773952e+00
6.790789543713534826e+00
3.877381595179625329e+00
9.561592557727946584e+00
1.489082881616838883e+00
2.422279430124937072e+00
3.726207661837467100e+00
8.832790232960647359e+00
3.295060189629802849e+00
6.521310900672401267e+00
3.915916951660953771e+00
4.959340053650840296e-01
8.709931197363363964e+00
1.642451232962515162e+00
4.446132861202041653e+00
5.819449956249233225e+00
8.827408437612270120e+00
2.751561311869385129e+00
2.500517669298542245e+00
9.858811587957855949e+00
6.226933642226559762e+00
9.760876455552532249e+00
2.218588475697431672e+00
1.714021213781576902e+00
2.585841263390320499e+00
8.773623003779237095e+00
2.343500623729148025e+00
3.593925891336566814e+00
7.935754491881263917e+00
8.713015158770080149e+00
8.988510718040229719e+00
7.501795981736187002e+00
1.719601826877299455e+00
1.741511223672916886e+00
3.580604458102739862e+00
2.498725412776936494e-01
3.508704221039171678e+00
8.568509043609216391e+00
6.028862740121442521e+00
1.601824314174449260e-01
5.157965633426386809e+00
5.608890517861945035e+00
6.556107682839523498e+00
5.418564883354333617e+00
2.378612281472385348e+00
3.104552941005911393e-01
6.677124838909643145e+00
6.808301589729527592e+00
6.534963472968682296e+00
9.978920054288556329e+00
5.837691126540990538e+00
9.019547922001327933e+00
5.056995798198320458e+00
5.803779724835242959e+00
1.045779174044322302e+00
1.160856339473587129e+00
3.430535567898521876e+00
3.625735119281698005e+00
8.524577839199375617e+00
3.126565619491452619e+00
9.693110768842970515e+00
5.711848943599401096e+00
1.473326940945834940e+00
7.667567271656009709e+00
8.612635150071053403e+00
4.976064710531884927e+00
4.731053211001479131e-01
3.846614414320024267e+00
7.359478921415916197e+00
1.990459397249986218e+00
4.739363509642599226e+00
4.101455153771647488e+00
2.045824653436763008e+00
4.788495300935547760e+00
9.023034162850350981e+00
1.904164156543551867e+00
6.205554189734518111e+00
7.397153250037295180e+00
8.814640984694921855e+00
1.195403343377026140e+00
8.300712266930087679e+00
5.915555459108146064e-01
5.076354506899471097e+00
5.008467513736622578e+00
2.826244694728555551e+00
9.185628735293086322e+00
2.525929899306155413e+00
7.172772493488790424e+00
9.101868100567893194e+00
6.751440049501765017e+00
3.622546042027502189e+00
8.155510792464816916e+00
6.316182564413709954e+00
7.234883632148891408e+00
6.992107900918020924e+00
4.399339517511577924e+00
9.954408095575198345e+00
5.640255098171216730e+00
7.494084861235100092e+00
3.522950998374663190e+00
5.999524429075017373e+00
1.271970541055090775e+00
1.151482505407187551e+00
2.434683577685031963e+00
3.789084578126131753e+00
6.973444232379852892e+00
5.541213912749065607e-01
5.396899563595650484e+00
9.722360293635864181e+00
5.587598083644977009e+00
5.444133214079045047e+00
7.876361148164601644e+00
2.127827607878922667e+00
4.496347806723532514e+00
4.291257861688972497e+00
8.058292253314435882e+00
3.861741668731886179e+00
2.389564575292420834e+00
6.516387914433678930e+00
4.413617950840436954e+00
2.204692621531796348e+00
4.535340508799375669e+00
8.677823407000976985e+00
8.103669855213004425e+00
2.868521644216125210e+00
6.964270199671652506e+00
3.702315928348862695e+00
2.082845280042791014e+00
5.397524071888952335e+00
4.285808626092528328e+00
1.288857205508020520e-01
3.703670659260685838e+00
2.619613564654876825e+00
1.587558783533724593e+00
8.322128049157926810e+00
7.531626288240156342e-01
1.543401328992495269e+00
4.151418082124928688e+00
9.568717594982409480e+00
8.819049377983445126e+00
1.416096077755703009e+00
9.332084182426932273e+00
5.033323376943033001e-01
6.113353561063988195e+00
6.611619973002264672e+00
3.162798760728042780e+00
9.540912980097413509e+00
9.706396520715800946e+00
6.680925381459790202e-01
8.738415252539525113e+00
1.209919206582623641e+00
1.239047577153695734e+00
1.191042357310887478e+00
2.423540753754732435e+00
7.818182386770274661e+00
8.820833453430875437e+00
1.430006138457695641e+00
1.752126688012237699e+00
1.449925113682265509e+00
8.829291348094029601e+00
9.221998741156738788e+00
6.767646117812539330e+00
1.752823595173205184e+00
3.287590341766821744e-01
6.572323375591282435e-01
9.809051502995769667e+00
7.993103164790646531e+00
8.292579483917476679e+00
6.024585432859936418e+00
4.434737866974710840e+00
7.035255767503432622e+00
5.293292906132124109e+00
8.077997534788712741e+00
3.373257234228905777e+00
1.566599928156691135e+00
5.021050179445246897e+00
7.948287819158688094e+00
7.649313669886770306e+00
1.589174063399588777e+00
3.312950462840302812e-02
7.191407271291581971e+00
5.856670469942967472e+00
2.864354910110573638e+00
2.813768984083881985e+00
7.591408001403671335e+00
6.857050819523101914e+00
5.771670940811902462e+00
1.374522599164575976e+00
1.531392673248270775e+00
8.325489590573880605e+00
3.858054812113242971e+00
6.880103534020472367e+00
4.133185213046245643e+00
3.404315427008076433e+00
4.598937522504771280e+00
8.836820437920637872e+00
7.950625254612249115e+00
4.555402369595357825e+00
6.745189763008121453e+00
6.599010168037700907e+00
4.093229748596252549e+00
8.385280561713559067e+00
3.847494246216112135e+00
6.482550754601140497e+00
8.974503997048415727e+00
5.034039123718024200e+00
9.237400467795264802e+00
2.353796735829178921e+00
9.726125654232719242e+00
3.046120458013797716e+00
7.078105886996013396e+00
8.241653615245980724e-01
3.797002085063984289e+00
8.891034087075201597e+00
9.997873775846763067e+00
8.845166049819301435e+00
7.551343441916943178e+00
9.600967730002588851e+00
9.021910818373276797e+00
2.540084640750654987e+00
9.258383408241073198e+00
1.026481001500775259e+00
2.372520024588622434e+00
7.748294461248150355e+00
3.474189268220062576e-01
6.399938105658375953e-01
9.373050446030873672e+00
8.927220438837155214e+00
3.757595028660312142e+00
5.380494561709645573e+00
9.585657532943020698e+00
4.738081019295786511e+00
4.590858839016665804e+00
6.288528093553236165e-01
2.744422687763753643e+00
2.684603117373214332e+00
8.204682830151417861e+00
6.360243958256816654e+00
3.385926102544112304e-01
3.782561890189492182e+00
2.516321201009388275e+00
3.294007747885436821e+00
6.469040342788854758e+00
1.297508921305220442e+00
7.227542130531388942e+00
5.998474359480332474e+00
6.440285151144532705e+00
8.684992053884799112e-01
3.338330853043768087e+00
5.917385058800256559e+00
9.732834167608928055e-01
9.208299687210985685e-01
9.929470460598594173e+00
6.835254054161127968e+00
1.872974076191746828e+00
9.151557967048912445e+00
3.519544216974827222e+00
