7.484401626137278107e+00
1.646445071151185768e+00
1.241117471987829290e-01
8.926783718887053354e+00
5.138288616037213430e+00
9.651672038350199045e+00
9.452708241923039267e+00
8.986031101333162852e+00
9.462123394604484261e+00
5.512366708438182883e+00
2.265117170341766073e+00
7.174661910360324857e-01
4.342645501614831538e+00
9.336476399620305955e+00
6.864363936665382582e+00
3.983889623713560368e+00
1.752417689169327719e+00
4.992273783664310294e+00
5.582457737998575809e+00
7.193241701545927569e+00
5.317116024540719188e+00
5.332764662699926106e+00
1.219830750221773119e+00
3.624544630621274521e+00
5.826294391574147191e+00
8.152949251783631723e+00
3.882471392101793928e-01
5.211553482754041511e+00
9.167719446674290396e+00
5.686021804699592508e+00
7.868750977255957402e+00
9.165472959848859347e+00
6.394964409664913418e+00
7.940210367767368993e+00
2.792784183157542621e+00
3.617007307018500484e+00
2.405631131464409656e+00
4.684862748060977466e+00
2.390619673990308502e+00
1.904502222197808070e+00
9.860337089745726757e+00
9.785661058726603301e+00
3.839308417152753616e-01
6.955623466091776841e+00
7.900358688763141402e+00
5.667619163029047336e+00
2.351535450884104428e+00
1.465452811858757309e+00
7.799532836727577134e+00
2.104766324651687892e+00
9.817202959017308217e+00
2.852741483969511993e-01
8.974520389199884818e+00
9.716737451309858997e+00
2.074488479513919792e+00
6.633755248663125492e+00
6.238792245199979547e+00
2.954327204965712106e+00
7.130973601497539782e+00
2.660817232609267169e+00
8.984072940267784357e-01
7.016189389148460798e+00
5.776137878809945114e+00
3.196543576061405822e+00
9.400454855961285716e+00
2.187424974695817426e+00
3.537619717634560068e+00
9.796548198425176324e+00
7.321352086866910192e+00
2.917651907844077463e+00
3.094138154317647160e+00
8.705979781829743303e+00
1.429287910519513316e+00
9.004744540654582963e+00
7.559654765775323249e+00
5.956155320392868546e+00
6.916374378092814190e+00
8.441271287986666039e+00
6.861798273424951411e+00
1.706934495677142616e+00
4.991034930027170802e+00
2.126381043381064817e+00
5.923552380772838077e+00
2.012609372572363498e+00
9.252697710840958933e+00
5.281838636656016384e+00
9.772897004582137725e+00
7.226777403918851483e+00
4.939693395277556576e+00
1.435576477724581634e+00
1.189045383844888892e+00
8.880513733132076482e+00
3.096822647321944899e+00
4.907059867127272490e-01
5.998499479554491032e+00
9.497735583611127907e+00
8.510613323754300907e+00
7.302898915943696778e+00
4.548461521505320349e+00
1.702690835526565749e+00
5.953917740829393956e+00
8.803527085069429603e+00
9.376594727450024536e+00
8.960617129157244065e+00
9.319660495954396495e+00
4.130901549698547726e+00
7.375916599262208884e+00
8.216573185946551838e-01
7.040659626174273100e+00
7.246251787825141122e+00
1.651069777342020206e+00
1.166306921574919997e+00
5.779783248586046085e+00
7.791695714365439507e+00
6.892437003688916874e+00
3.806517646995599691e-01
6.581410049943533735e+00
3.568330822365069821e+00
1.604209678364419966e+00
4.772650158718205748e-01
8.831531643958571820e+00
5.950431604030892441e-01
6.953944884678772809e+00
1.611399993925510810e+00
2.724889586354735105e+00
9.859855886035129302e-01
1.393462637312237185e+00
1.643080236135496808e-01
3.054564281146761928e+00
5.075593489095831856e+00
4.496887805383843251e+00
4.197974677551399303e+00
9.301912946244222269e+00
7.529362711864877156e+00
4.563690380053671447e+00
2.778450226471750106e+00
5.048980266246882564e+00
1.639014261074681622e+00
9.358665764620862859e+00
8.789524920396372565e+00
4.609360420467791819e+00
5.073108716031837773e-01
6.331708102387772819e+00
9.823508372090261176e+00
7.718527811565881080e+00
1.777678880482491675e-01
8.002685836685808241e+00
8.237818674267241903e+00
7.612546112653657104e+00
3.427507574013096914e+00
8.521619094877378231e+00
7.773771380431156786e+00
3.620153457550024712e+00
5.697053807160312289e+00
1.613931350880674076e+00
2.194123811683630354e+00
6.101366129708569730e+00
5.952137575219989429e+00
2.475804795791116675e+00
3.943565829646068721e+00
8.818681456807359709e+00
7.304847091575758178e+00
4.858046124360370754e+00
2.553070562325228110e+00
6.842682801212554899e+00
6.721127646256904953e+00
3.504311707632592476e+00
3.040894923701231711e-01
1.737802366918254071e+00
5.285214774472973609e+00
1.378678330123594975e-01
1.341875857817842466e+00
8.352837001977212239e+00
3.357484073323688811e+00
2.477989584060975581e+00
8.367482741697118698e-01
2.199634544956616811e+00
2.450599794061956160e+00
7.121560764827834511e+00
5.184226973727833254e+00
6.166535607039483224e+00
2.168359250136288274e+00
5.446272248133100291e+00
1.937354850826413788e+00
4.087046502266234782e+00
9.814037737239386772e+00
6.156739027128362629e+00
4.356335092774480167e+00
6.057166002701774854e-01
2.141676557100073097e+00
5.204828135782575416e+00
2.503912201180875652e+00
5.867759037235903641e+00
1.967696033569390490e+00
5.049565623646122603e+00
1.336175212317627370e+00
8.194717658549844685e+00
8.932408923840538861e+00
1.723483104334511129e+00
2.868639744809823533e+00
9.670083117917396720e+00
1.173887929003303299e-01
8.683792778016346858e+00
7.578170252059761580e+00
3.701332111974452665e+00
4.394672538151781715e+00
2.544076276700397710e+00
7.305201420366667975e+00
3.704645984689460825e+00
1.311154393630984405e+00
4.161492299118849658e+00
4.817299785920015509e+00
9.789380082631707225e+00
6.791917713124683509e+00
1.303423990462159177e+00
5.465735961605677762e-01
4.099206381922143372e+00
1.475881283361890617e+00
2.837058680821797907e+00
6.176514849253544881e+00
7.065337640998498259e+00
2.746950672402825866e-01
1.643195213098465057e+00
4.327276129470757127e+00
8.534717308059658336e-02
6.633076392164804602e+00
7.895587212492266360e+00
9.298189857318931217e+00
1.252057629270313388e+00
5.884179212912801660e+00
7.509868046122073260e+00
8.936389460418928010e+00
9.559683860121957366e+00
4.056840070818745758e+00
9.445873187370692037e+00
5.512523118925183319e+00
6.218045558829158992e+00
6.368383679421450339e+00
7.570026328390849990e+00
4.356194093535634693e+00
2.798239679674167313e+00
6.085235019436019854e+00
2.238615268933408231e+00
1.645284556152712963e+00
7.151456786020222722e+00
7.281196998043095725e+00
7.213544953423802752e+00
3.064784241026374811e-01
6.690021836747719775e+00
9.951168283183612573e+00
8.633686582916986652e+00
1.697315884020721422e+00
3.145993442522033945e+00
5.138894315984274819e+00
8.669211263896228203e+00
6.644513280075440065e+00
6.241652677774629510e+00
6.581189151999270237e+00
4.997788765313582182e-01
3.766345642096443846e+00
1.727480666795350173e+00
3.513015981181219161e+00
1.714133557580033163e-01
2.497536051459641193e+00
2.778204622864142159e+00
1.401154990188783200e+00
8.581258814370158916e+00
9.196885763452435469e+00
8.151301672695822731e+00
2.215728830819461148e+00
5.265671879045298098e+00
6.303206788890802770e+00
6.242964979584163743e+00
5.528163510099346922e+00
3.104786440994646846e+00
4.170685542669193779e+00
6.314172709871801459e+00
3.549601750693277324e+00
6.972782600657896346e+00
3.155207323248196971e+00
2.488113266898902332e+00
5.578081537251836863e+00
7.626929660222534935e+00
8.471135468095440046e+00
8.662851253979615862e+00
1.328953993414523360e+00
2.891973966292598952e+00
5.349493688158457161e+00
7.433983683206446536e-01
2.085957630260671714e+00
8.565391143725257450e+00
3.852027342335718529e+00
6.261006130364110689e+00
5.412892613921334473e+00
9.682157816565510444e+00
6.079622283001047123e+00
2.101785244132058139e+00
1.834029127478693511e+00
7.760988098754541653e+00
7.574713310841212355e+00
3.751854269141000842e+00
4.402705967091592676e+00
6.000949074921402282e-01
4.949824418729875219e+00
6.168060793135069275e+00
3.512482479949197156e-01
1.049143901219081743e+00
7.325645434723679017e+00
5.430780405880581085e+00
1.042529485431934466e+00
3.696846465577560359e+00
9.389511467554376267e+00
8.511816017285179115e+00
8.668817939693118646e+00
4.373908296576184185e+00
5.130322210259815385e+00
4.641841738215922497e+00
9.007715677948102240e+00
3.638104730015564670e+00
1.184577986500037206e+00
1.081776293296071723e+00
8.194177733414063525e+00
6.251381997439004579e+00
1.791196354130897284e+00
2.342390791916124648e+00
6.284586061480373687e+00
6.031756158550968472e+00
1.125513793694316034e+00
4.085464982079369811e+00
3.850857388624811861e+00
8.807971318317839859e+00
8.244309529459464159e+00
6.331618488547102963e+00
7.426635183701369769e+00
4.098879886265097028e+00
9.944720234971685002e+00
7.040918275091444301e+00
4.675597449584797616e+00
4.430806099281081600e-01
7.099566422627424878e+00
5.145114664342404609e+00
4.070368190080706938e+00
3.117193704113632169e+00
5.208503770803385891e+00
2.681431496292688621e+00
5.772695983822906385e-01
2.120358588921844589e-01
6.772858375539312803e+00
6.780142823606052360e+00
8.126311798836587386e+00
5.836594725489719693e+00
1.323840145323649242e+00
6.625026743743843483e+00
7.062428410526015554e+00
8.420004695761425850e+00
5.544696627060972993e+00
3.284051132746683699e+00
8.050879542568793568e+00
2.916402790938246170e+00
1.755027789258016835e+00
4.114119482590590238e+00
3.041796570762303809e+00
1.333528143045770165e+00
7.300337198508443315e+00
4.907705584929918707e+00
9.277159009822554481e+00
9.123103345563361444e+00
4.618008009861621410e+00
7.756707807656009201e+00
5.388047226814197899e+00
7.524501635415207446e+00
7.543753395998884059e+00
5.809258318939020782e+00
6.591640325320241800e+00
8.173178079953862252e+00
8.819334085884447560e+00
5.029235565878276137e-01
5.531575356428264811e+00
2.406919416624087038e-01
2.401294477118961268e+00
4.901310031262116063e+00
3.933812319782147071e+00
5.247707940664572135e+00
8.270451149567557891e+00
7.076048852074556805e+00
1.962523766671103731e+00
9.571833854262649766e+00
4.166051072185031678e+00
1.927461147828090082e+00
5.502757950749975535e+00
2.834629450079777513e+00
1.251418631103952128e+00
9.859289686082462367e+00
7.880462253570974518e-02
3.919470633850798968e+00
1.397109407981476092e+00
1.591824717939412936e+00
5.144053419896710722e+00
8.349934832282144725e+00
9.939113820852155001e+00
4.436426734676591543e+00
1.411322620338828493e-01
2.154937486447849881e-01
2.854788807827607577e+00
7.507345388855785728e+00
5.536008103648352829e+00
9.365316105394025925e+00
8.380388784429651849e+00
7.026439902526938397e+00
5.839981815591266390e-01
5.269219435197553203e+00
7.394910556450366990e+00
8.857351390835601634e+00
5.498296917700766784e+00
6.783610376418025112e+00
4.072408478777696850e+00
2.297079087039938017e+00
3.462227600473614331e+00
3.176059424674784193e+00
9.580831824313185141e-01
4.306371882133225526e+00
1.650313934976872510e+00
7.553623419775147951e+00
9.050599883615893404e+00
9.349573848642799945e+00
7.720530851156427232e+00
9.462942244271086878e+00
5.367596074944817275e+00
8.318240852073465419e+00
6.311513625487220835e+00
1.360167798780013149e+00
2.474021405511224181e+00
7.206185344978060847e+00
1.968483328791151843e+00
1.638113648546868362e-01
8.907063691819640638e+00
6.210429860061898566e+00
9.755671077690545090e+00
2.181930631876196625e+00
2.810479394696844047e+00
3.174390789671746038e+00
8.812982765429431709e+00
5.165901588631850672e+00
7.787293576064724832e+00
2.405754065111966877e+00
3.189263151114498651e+00
4.128246192535379500e+00
6.481544111956848653e+00
3.543931085752482169e+00
9.527978889551523167e+00
7.339347172538722930e+00
5.417771833956569694e+00
5.913816580633196374e+00
5.179448763308327486e+00
7.138365712710549538e+00
3.977635103122304727e+00
4.545797968269162936e+00
8.312393027860666805e+00
9.064874011397151321e+00
6.725394665713627873e+00
7.671342923856860896e-01
1.797607878523664882e+00
8.334868285358080442e+00
9.119970598213389401e-01
2.911735267357271617e+00
4.751926191937476673e+00
4.141590011546285588e+00
3.985069720166912965e+00
5.885719004804884413e+00
5.785324413599203019e+00
8.003587911288981616e+00
6.462481085425244132e+00
6.149313982068491669e+00
4.095543291973688049e+00
5.614410521852701841e+00
8.772388761791127809e-01
2.378033734890039330e-01
8.817880313825654071e+00
7.553041181231008316e+00
9.624249969344818467e+00
7.451584839827339657e+00
6.760595843546945982e-01
8.536463872436801381e+00
4.489378049064614018e+00
4.718815583657357315e+00
9.042340656298872403e+00
4.413183832385446870e+00
9.028853599508641636e+00
3.516452061440720200e+00
9.712911295493247721e+00
1.604877562033436567e+00
9.019752461240575059e+00
6.600757409394926611e+00
5.869988006953395399e+00
2.327224687555973226e+00
1.585363978578225863e+00
5.874913350420722047e+00
8.379727381339700187e+00
6.662660977804676143e+00
7.599505207755047564e+00
