2.496888158464384055e+00
6.698615713112462622e+00
8.372501109717781276e+00
6.608670577023633363e+00
2.336338110635715282e+00
9.256768553704082692e+00
4.655979460390047286e-01
4.591686311001210719e+00
8.577058787218934555e+00
3.604678435084907040e+00
2.298574811822736486e+00
3.591898759818285214e+00
5.109433344759894968e-01
7.448967151701868517e+00
1.556250001702019770e+00
8.831531012641946177e+00
6.262674283333586445e+00
3.649467609807136803e+00
7.352933144631370155e+00
8.150437695801732829e+00
7.759606259363300396e+00
3.969707919182827727e+00
7.882310724858324846e+00
3.121040575752520585e+00
6.287349910707778378e+00
4.817288789694868179e+00
6.038243907921904352e+00
1.749546354114080993e+00
9.673790101994244495e+00
9.154794204535731339e+00
2.323109255313118293e+00
3.455056507441942593e+00
9.541661175638147085e+00
5.702074897048998281e+00
4.566577861767395774e+00
2.378495657070989200e+00
8.475715964418725434e+00
9.198536830059193647e+00
6.265309951231068375e+00
8.569032862671473794e+00
7.318749154795034073e+00
2.370784474708301559e+00
8.253050146492373784e+00
9.257030786545769274e+00
5.134478566882549888e-01
1.137722631004429719e+00
9.399053931744443702e+00
7.185154032512114597e+00
7.666912509538048592e-01
7.556941597589083237e+00
8.653472493658044939e+00
3.499130040396462249e+00
8.067044171870511704e+00
9.931093370064996151e+00
4.802775580052708548e+00
8.418326762592382551e+00
6.517329099040757079e+00
5.583814218442970656e+00
7.658052536141374489e+00
4.860419607431060385e+00
2.290588193101926962e+00
9.640066885644904549e-01
1.964458344458964723e+00
7.768763940072637375e+00
4.917376706042921874e+00
6.348109229325547886e+00
3.384647879327329356e-01
8.420065836902082879e+00
6.839749431966640536e+00
7.253638906919892548e+00
5.909489378290000428e-01
6.060521614209576136e+00
1.245238490192169811e+00
8.840886857276615274e+00
9.619968431857289559e+00
6.670512570836294231e+00
2.268758633742133934e+00
1.214971035286338541e+00
8.332700940964052450e+00
3.239278732873143163e+00
7.362445086191442556e+00
8.558984949857038060e+00
1.315361626286144503e+00
8.100330780121380414e+00
6.106678311513866753e+00
2.631146229881080600e+00
4.136134391311781400e+00
3.897743404164417669e+00
2.144855910068841354e+00
7.020413840599064592e+00
2.929652439690787702e+00
6.634513621554712692e+00
1.436664324120023872e+00
9.202154572904467145e+00
2.356061515998253419e-01
6.237930519049017519e+00
5.194353260658223448e+00
2.445209034975150075e+00
8.095500565169158946e+00
8.273147066951377582e+00
7.987411757054291073e+00
4.687258292255332748e+00
6.153956327349545674e+00
7.153955004930214301e+00
7.052193136811627738e+00
9.010456938133263094e+00
3.340738105823501058e+00
1.496892645217696716e+00
1.352246327801763792e+00
7.926774505519997405e+00
3.560721889745349422e+00
7.693047996226033192e+00
5.812955816720236868e+00
5.096578363989765492e+00
4.098965691843305059e+00
1.630031867358966435e+00
8.765080290112605255e+00
5.537671966361374487e+00
9.291502609423552883e+00
2.195801450719578884e+00
6.806473641368135041e+00
5.200750497857815624e+00
2.790104113682470022e+00
5.723041442514732680e+00
9.989062569795692070e+00
6.222205536912572832e+00
9.195327257386189501e+00
5.473975304601382597e+00
8.531683957328594303e+00
6.952313949508543089e+00
1.580597183170032727e+00
7.149729551487555845e+00
2.949628713066272390e+00
6.967018135319649197e+00
5.010777140211138736e+00
8.893741135362127181e+00
3.175048087981161338e+00
4.257230906942778503e+00
5.928882747760625627e+00
6.075537220768517876e+00
2.936093770724039764e+00
7.370222867015570500e+00
9.718881750321507695e+00
4.033731313382537209e+00
8.876867812128677926e+00
4.303757977675415347e-01
1.262796209825337579e+00
8.913574732389024646e+00
1.516459191179897470e+00
6.736803164169929303e+00
1.875646458727745491e+00
9.938465645161816298e+00
2.261329081013807585e-01
4.109158373569306022e+00
7.653047105328630195e+00
9.612565084605251275e-01
1.684387485957845598e+00
7.192619823607079965e+00
1.494099600403570038e+00
2.428312458256876027e-01
4.716524557569275800e+00
8.585212787688156766e+00
4.929126696359738879e+00
3.448324571191169419e+00
6.826069691886818447e+00
7.044491768015106459e+00
7.328385335523023514e+00
9.705662455120339871e+00
3.644707063719342166e+00
5.116123921405232089e+00
5.471652929285232503e+00
3.552834152034919590e+00
7.033678994556558095e+00
4.036508870001327409e+00
6.743707092631346711e+00
2.015224899215114718e+00
5.468397597483397377e+00
7.458156518754405440e+00
1.251203210097537877e+00
1.603103581556651891e+00
1.397085825783557222e+00
3.345412647632610703e+00
3.806604386944278939e+00
2.535451628310553041e+00
1.369177001365506907e-01
2.823495649965981347e+00
6.245993073406782337e+00
4.678272542797675015e+00
4.678975877560082708e+00
5.572047557420356512e+00
2.378287770719818894e+00
2.464789649254385040e+00
7.040736281580339817e-01
1.588572821660296785e+00
8.326479852465574538e+00
2.242371442185021380e+00
5.313855909711233672e+00
3.109974220607547579e-01
5.910782733448294302e-01
3.295496171796208351e+00
9.811494298388845792e+00
7.391324271856296590e+00
8.622676820435739131e+00
3.099597581836751381e+00
2.706809187479719547e-01
8.309726393125592026e+00
1.245016235935738624e+00
1.012662490127049786e+00
8.521350423871762558e+00
6.752175302633455445e+00
6.573072590339790189e-02
8.183162334131132809e+00
2.954681817204987127e+00
1.584683656783336669e+00
1.377749955528129178e+00
3.936521314797805093e+00
5.220868042978331403e+00
6.293526983822942178e+00
8.487503876016567972e+00
8.357311184627858935e+00
7.512601183860155629e+00
7.273389024980028594e+00
3.539848801363307818e+00
9.536970354051977239e+00
4.248497931200159172e+00
4.599235488387195758e+00
8.030563431605116875e+00
5.633607195213574670e+00
5.942221296817918663e+00
8.666468858226854977e+00
9.309613588547652085e+00
9.213259530064476621e+00
1.321415616671773874e+00
2.107138941149323763e+00
8.304414464300274190e+00
6.674159997490718865e+00
2.468251160404455469e+00
2.790335036636404364e+00
9.298067698578655893e+00
3.729767884683512502e+00
3.670682913444548667e+00
5.086852854912216060e-01
4.717301691892615167e+00
8.075035179304002053e-01
7.120779089486807045e+00
5.033326093153363878e+00
2.765173004735826723e+00
8.552997550097460433e+00
5.440714942162888867e+00
9.330547293726569436e+00
2.001818012304912298e+00
7.766697996512972324e-01
3.224170542560550246e+00
7.440202152886998821e-01
9.056743759832317053e+00
4.716311540429690474e+00
6.634160028490827088e+00
9.073098163615819445e+00
5.086149087468907481e+00
8.385501100746649783e+00
9.576333577282014176e+00
1.961681728106965394e+00
8.711913055311859111e+00
5.743156831235459947e+00
5.342073890127988278e+00
2.641650919975908618e+00
7.766042022874519724e-01
2.518643833134381005e+00
4.742883915811080264e-01
4.251610384663982778e+00
6.196495269111267135e+00
2.741031792692250058e+00
9.417759640517463282e+00
5.911539214053625813e+00
3.366836726591981854e-01
2.861513435651782622e+00
2.181658196416206508e+00
6.604589776977932480e+00
1.321365161770660102e+00
3.550013126827932020e+00
3.915235246691547211e+00
8.113615955143279379e+00
8.900047231647427282e+00
5.758807344392264049e+00
1.727893425866476873e+00
4.825553035295440552e+00
8.896989786284105861e+00
4.974589331167512896e+00
6.307994262755480364e+00
4.758912091051223925e+00
8.783685904627363428e+00
8.337928782672790362e+00
3.184051583023582488e+00
9.857935885750293892e+00
4.530881317167894551e+00
1.423982693977698943e-03
7.147560380797614243e+00
3.300513530764184189e+00
5.275960710560909206e+00
5.341198827272303440e+00
5.421652786027343573e+00
1.549304650523068982e+00
1.550404194945749214e+00
3.392045333502147209e+00
6.011286672701978695e+00
6.092129479562502503e-02
4.034129792061653674e+00
2.434746208312014382e+00
6.787450327638455683e+00
8.980844434103229190e+00
8.335251894003481432e-01
6.608387912219413352e+00
4.306683946362670490e+00
9.351618477252976902e+00
7.295627371954475748e+00
5.605353067472573780e-01
3.073782817905702736e+00
8.122015769003873231e+00
6.472815082650667406e+00
9.091992004811199735e+00
4.324493788890348078e+00
6.430831694828353928e-01
6.408573323928018262e+00
1.392812728346253248e+00
6.608216813376798449e+00
7.046226621096034037e+00
6.003180007608726498e+00
8.319307391456051803e+00
9.495317067347148310e+00
4.000220030011488959e+00
6.862342926291800538e+00
1.950126101577355220e+00
4.630903789937836024e+00
4.112648317938834452e+00
1.946326215453342279e-01
9.757895323688603462e-01
8.247230419372574062e+00
2.386633328334403004e+00
3.913130688671980550e+00
6.475331697970901246e+00
6.331452949077110759e+00
1.329271707180108564e+00
9.283273184424711388e+00
3.520357888310536865e+00
8.566294682207804101e+00
6.015629163609487406e+00
4.175625582215914733e+00
7.480300035970919303e+00
4.928542627545065002e+00
3.990504677604401529e+00
2.424827098691553218e+00
1.541074733650534823e+00
2.872047024255388603e+00
7.668044625722011176e+00
4.557609916572190834e+00
2.527033359837628446e+00
1.424804315995453763e-02
2.681877244564057960e+00
2.299930438651474063e+00
1.187963868099433107e+00
7.147810413817201614e+00
2.234055871873855459e+00
3.583398114403034462e+00
2.111693222921413593e+00
1.536839358708366188e+00
7.947128193881701108e+00
2.507680621146606281e+00
9.362849214989832358e-01
5.229728791775699825e+00
3.554156093422100593e-01
4.937281214519706474e+00
6.826201016266580268e+00
6.029665037988484855e+00
6.422145979214993972e+00
4.211693327512660012e+00
1.418345327065455574e+00
6.152038687549397089e+00
4.916702800770367254e-01
6.630738236192343038e+00
1.354787125227611133e+00
8.796025209601832984e+00
7.653270464725427047e+00
4.770854526488684577e+00
7.950463528073884234e+00
4.678866093360354306e+00
7.669532205149054427e-01
4.487675800916496094e+00
1.921940272610841438e+00
9.708681850367957722e+00
6.201549115652649213e-01
2.141919050718652517e+00
7.022705871582735071e+00
4.138491595725652061e+00
9.277122617079662348e+00
3.923196669513409951e+00
7.763910079695025779e+00
7.765275575458947088e+00
5.351984759890130228e+00
4.003958563723116981e+00
2.820479607249969156e+00
7.994162174436107549e+00
2.570197809042475079e+00
3.156367875282550806e-01
8.926579340773333371e+00
9.999603280187521648e+00
4.225904135388306671e+00
3.423891786153876460e-01
9.379802202697803182e+00
8.119332655433478152e+00
9.900307054329433143e+00
2.352847619615374697e+00
5.297976092545582105e+00
7.408817804729888934e+00
8.225023024391726167e+00
3.459496453271132310e+00
3.849818173510235475e+00
7.200276573442135231e+00
4.271296004093382948e+00
3.743262389714863136e+00
6.906525289556213920e+00
3.404570326915511203e+00
3.437828096295103553e+00
5.932881279787686424e+00
3.941557446562796940e+00
3.916375492530852487e+00
7.310819926011243197e+00
6.446645297013644083e+00
5.196748259163744166e+00
7.575276659318562977e+00
9.474076091827857482e+00
8.302350883559441286e+00
9.189892882577208155e+00
7.315808502084316878e+00
8.192741715105629652e+00
1.913710273071523860e+00
5.413759855495778872e+00
1.084590539235774642e+00
1.118710460861815914e+00
8.948037513625028083e+00
5.763871762888762795e+00
9.778938034855432448e+00
2.481123877181437898e+00
8.335914231336007063e+00
3.892466452772337604e+00
1.400754115700165725e+00
4.498713089808104026e-01
4.159292260885584014e+00
6.221143570451950211e+00
4.891720463144113573e+00
8.440203884163855363e+00
2.371549107168524628e-02
3.878425229723293732e+00
5.766845907726666276e+00
1.971876412398343437e+00
9.193033717852319597e+00
2.117030399593192946e+00
8.174253392991632339e+00
6.561742758278930943e+00
6.715122916324726354e+00
8.734121898520308847e+00
8.997046501267194074e+00
4.550408589145429339e+00
5.209736269537039277e+00
7.418604634380285390e+00
4.993395696555783303e+00
1.129455893187166771e+00
3.564703733355366388e+00
3.932768442236752371e+00
2.665763505323563987e+00
9.515213764614889769e+00
6.584572732345495005e+00
5.188220008095244751e+00
7.214837154607041114e+00
1.131584386153721145e+00
5.737511948058742206e+00
3.194551856250765987e+00
1.844794024800909815e+00
6.029113341472211118e+00
7.586848763721367739e+00
7.890144348878397551e+00
3.293157303915883460e-02
3.635822321863758866e+00
2.081574827279482953e+00
9.848573708111608482e+00
8.141019677999192794e+00
2.165620009585769168e+00
5.167259995395301342e-01
5.176132264916980752e+00
5.767900454943186705e-01
1.762967148309677601e+00
3.414780005398902141e+00
2.414392304574961567e+00
3.324801783296920110e+00
7.758107106609424264e-01
7.884417111698558855e+00
9.471636672034233762e-01
7.585538200667420128e+00
5.891523211097938528e+00
8.085156464055421210e+00
1.147889145298439662e+00
