4.573193636295735942e-01
6.700880010956336896e+00
3.242314498509432319e+00
1.994363376495186246e+00
9.072850074303611123e+00
1.363863257979009980e+00
2.441146377794670919e+00
1.995451751431228660e+00
6.749774361753066110e+00
5.636628528438714092e-02
1.661769181789524152e+00
9.819387920769170108e+00
5.728443318260246997e+00
2.923907916698758047e+00
7.390837601919011846e+00
9.516058729797494564e+00
6.108298384935173519e-01
6.999885906626158061e+00
3.408183986311990044e+00
9.643071603648222023e+00
9.478148191209527340e+00
2.165272332120630416e+00
6.307987091987201644e+00
5.528981233991653532e+00
8.887001970025682596e+00
3.357016616460804848e+00
8.055624573802354860e+00
1.140441430352159280e+00
7.625475863130865228e+00
2.010556761940964776e+00
2.130363718627473979e+00
8.211503437079570311e-01
7.695166822452610411e+00
3.239567983708608878e+00
1.196054175835277178e+00
7.012493140379296719e+00
8.189023271118694325e+00
7.395029537446514922e+00
9.825810241456853333e+00
5.158907204150166237e+00
4.327279044380728301e+00
6.998264088069727773e-01
5.539727462106841749e+00
7.375307931673301454e+00
5.528646050982541915e+00
7.892825300591407078e+00
3.800566074023485008e+00
1.930146104595362733e+00
8.936449305847522950e+00
3.422142156684398806e+00
3.672918844107786462e+00
7.219690542345006179e+00
1.155954493932612737e+00
9.629728903093958792e+00
2.039267432573209859e+00
1.003827602344415926e+00
2.262297566528092219e+00
7.303892609951406989e+00
7.249294450685495939e+00
8.874269928032269661e+00
5.058787017062178037e+00
9.219295759281237679e+00
8.576214089524253126e+00
3.815330336896160190e+00
7.011527041791845605e+00
5.507602942338341023e-01
9.149240420691350906e+00
4.983813624647840612e+00
2.404332994249397615e+00
8.559472198892995820e+00
8.543709999792195475e+00
2.717862843772985926e+00
3.712448436315715306e+00
5.790773878375743422e-01
1.355497687026891995e+00
6.772524736522695932e+00
8.779688778720078801e+00
1.897034292603633210e+00
8.579904133602267891e+00
6.173762177469621637e-01
6.194091531061538092e+00
9.698609571684045250e+00
1.088847688038631079e+00
5.122930095372128179e+00
2.042248472906581291e+00
1.429489769121489173e+00
9.238495606668282178e+00
4.005339585718429518e+00
1.484862344390573963e+00
6.470018302434491275e+00
8.092169202125413463e+00
3.621229440955588075e+00
9.400090916009720132e+00
5.945158456533510716e+00
7.010185373846243628e+00
7.111584001684018830e+00
8.899130266482707441e+00
9.644500025385392306e+00
3.057986827115619644e+00
6.788861814532435091e+00
2.371599308266550743e+00
8.442041947332615592e+00
9.089256066513080157e+00
4.749303502758706941e+00
5.976426126234835046e+00
8.990509362347665068e-01
2.808995360984115841e+00
2.079288987951100065e+00
7.579118934069183133e+00
1.326290551727959954e-01
5.443713954789577869e+00
7.296632805892676821e+00
7.331638983948113086e+00
2.991110937976584339e+00
2.779778483735491967e+00
5.747214304711222077e+00
9.000353764637411658e+00
9.233797458687217130e+00
1.702135688084980281e+00
2.640630388198971445e+00
7.462889583167907404e+00
5.222184481756192653e+00
4.649032959358478934e-02
8.877254732706651996e-01
7.339678964880494760e+00
2.487210889798597613e+00
2.155550917467261574e+00
7.589780347534014204e+00
3.027915013947064526e+00
1.363376174943684571e+00
5.047438551664443551e+00
3.047821791026750216e+00
5.602452840722229155e+00
2.708591309007811532e+00
4.036518248865449188e+00
8.788916061995227125e+00
7.464985942426636711e+00
6.428586160547576256e+00
8.459818749620961142e+00
1.006547276268798807e+00
1.113760490520468993e+00
9.660499765085296175e+00
1.724841303982478369e+00
4.583333258045179548e+00
1.415751369015286754e+00
9.070669025765687010e+00
8.571518815187944895e+00
6.094893582065879833e+00
2.668128983218282180e+00
4.383681894366942444e+00
9.518503630995134301e-01
1.714315536627391001e+00
1.581425976881171147e+00
8.686288876796115943e+00
4.689793248069623388e+00
4.529329402107259206e+00
2.831833371163632318e+00
6.526464005728862539e+00
7.125998543000954477e+00
5.807139226979828095e+00
1.459009721697268613e-01
4.706576041056631521e-01
8.191732139690961034e+00
7.543613458649922165e+00
2.812984049665658848e+00
3.923034076860096864e+00
5.285297989234330807e+00
8.627994919622137715e+00
1.934898065947516788e+00
4.594109357516595438e+00
3.199559524314160797e+00
4.028850815778070249e+00
1.534005526685462417e+00
9.485018427338932412e+00
7.177124481192627137e+00
7.244332062661710481e+00
7.614959915779979660e+00
8.127580207986103034e+00
9.972753070145882859e+00
3.849769590130570407e+00
8.792353474556492188e+00
3.691666152383378474e+00
7.518451557794120887e+00
5.743693879025157933e-01
9.976906115762030680e+00
1.245387519065763726e+00
4.415090455318544826e+00
3.725674349865952806e+00
4.341019168187675525e+00
6.325248886470350662e+00
7.839758803745283444e+00
2.399713643942553709e+00
5.444185617447089065e+00
4.425173544509451773e+00
1.730812146779067140e+00
7.767903714537988336e+00
6.654653468863712007e+00
3.237048544887032087e+00
2.999781849561702352e+00
9.360174681724872769e+00
5.586486126146417153e-01
6.426132843850900223e+00
8.884663169043522046e+00
2.979819627479602939e+00
7.606122969417860702e+00
6.803722783502110794e+00
1.178284953441749439e+00
2.154411871089938479e+00
8.061517063678332207e+00
3.677580025681066456e+00
9.611570354912359448e+00
5.684319960173671582e+00
6.070677358707115445e+00
5.101037037113098194e+00
3.765253043390126564e+00
4.323062757170869297e+00
9.116793252638901279e+00
3.268555005649616874e+00
8.161457755226353417e-01
1.105678453906034919e+00
9.816079582928555425e+00
3.637885542820439078e+00
4.197212810084099743e+00
4.957443676754055062e+00
3.403868964217511284e+00
8.449584028848178718e+00
2.764040615835527959e-01
7.931598517753544186e+00
6.819186471815676498e+00
9.314070774104521444e-01
1.632110299408784382e-01
7.373190915255609212e+00
5.817896463667741713e+00
7.584110778949524345e+00
7.710912582430792028e+00
6.739749731175265879e+00
8.320880510498623650e+00
1.812434836151328721e+00
5.485642326384388312e+00
4.704694845289170146e-01
4.359755280979111802e+00
7.689455441564129856e+00
6.425425052989925057e+00
2.754775054082877261e+00
6.529772144781754051e+00
6.399673142048443175e+00
5.276989606468394101e+00
9.435536195372240087e+00
6.779351116687756473e+00
2.616111029120060660e-01
4.228455610616446592e+00
6.765242073256430011e+00
6.953733226828368252e+00
9.255541043952842273e+00
3.481061743663749208e+00
3.480937244819283016e+00
5.163224428227914942e+00
3.896872003573288445e+00
6.278254372495236879e+00
1.377839562540049689e+00
1.318597536857404329e+00
5.057670376375316579e+00
9.214582782516240300e+00
2.918326774559552916e+00
7.570628353874844230e+00
5.040704350656499244e+00
2.610108704588427475e+00
7.846288809610455495e+00
3.086407558507001880e+00
3.623569270320090574e+00
7.924826728744520210e+00
7.956019278428505537e-01
8.874383531371027090e+00
4.726700963069967898e+00
2.818507752870168304e+00
5.028589697018883697e+00
9.258302705091933760e+00
1.143347223887214437e-01
6.214609718439346508e+00
3.156444684426256142e+00
9.496935950630492229e+00
8.976456253729551804e+00
8.859865235180341969e-01
4.628777805739937357e+00
4.746080319339961662e+00
1.731221533939389934e+00
7.560018391271331240e+00
5.863669722543273011e+00
5.832105251880667751e+00
2.243135787882761800e+00
2.249276019777203039e+00
8.384942460303966172e+00
9.712064594059581779e+00
1.945036660070191825e+00
2.854866624318420421e+00
5.615182038246762097e+00
7.166979813388629772e-01
8.970616007274156090e+00
7.637252145044659102e+00
2.877510147978543653e+00
3.561644022737442405e+00
3.494001320951952927e+00
2.324824958825000287e+00
8.847204432566024845e-01
8.624626083898490947e+00
8.247634643397661058e-01
4.485666822769474038e-01
8.649658360907691801e+00
3.457805565769185296e+00
7.575427119127309261e+00
7.277581078444544715e+00
5.331030451080771115e+00
5.459134248624036623e+00
2.526765369134134964e+00
5.095981349378112313e+00
7.463903851257288835e+00
4.145027756084887827e+00
1.192047197951224824e+00
6.061904962947850528e-01
9.432510126315772681e+00
2.706491338116701062e-01
9.331544845632127050e+00
3.062890463745403302e+00
9.078080792200900362e+00
5.880901934372771755e+00
4.386260777729086513e+00
1.984264545590759266e+00
6.912703696696687050e-01
8.631793690639119276e+00
6.910209984227756230e+00
8.578600015092954223e+00
1.309257006511196364e+00
4.438622108504262087e+00
5.300476199031972868e+00
3.742913225028834390e+00
3.858731889902507817e+00
1.955896725695170923e+00
2.679187055407592499e+00
5.137384830221724208e+00
1.435818945414887304e+00
1.621313555930814498e+00
3.925815941943247900e+00
2.032562115077296561e-02
8.225816017934613811e+00
2.041318612241350472e+00
2.570649519451611020e+00
9.895212917500888494e+00
1.820124272659741083e+00
3.097566414080801245e+00
9.618480771514935412e+00
5.176418934308657516e-01
8.910161063557786587e-01
3.892739226678325615e+00
4.995488496712213511e+00
3.465883404138478063e+00
8.231019813874258517e+00
6.954699385147416812e+00
3.590298624897379831e+00
8.865807113491012359e+00
5.509840318367381862e+00
6.822254169098727061e+00
8.430691393932476796e-01
9.352446514752681850e+00
7.584797200590545074e+00
1.014700163389810061e+00
9.368078906910250581e+00
1.320891681205136337e+00
9.366554075435375992e+00
7.988527722164896261e+00
9.147349316262635810e+00
9.848430318287746843e+00
6.486878948436081149e-01
2.039540146467788695e+00
1.480048651210441601e-01
7.110342405861810988e+00
4.509132798284393395e+00
3.349045957375273996e+00
3.510072099372754106e+00
8.442609319751131380e+00
7.262356943344628668e+00
2.616697666223588570e+00
3.129194035723496192e+00
2.125742890474758617e+00
4.848176194160136454e+00
7.980631153616013052e+00
7.355167842818119972e+00
3.080819368323328700e+00
8.933389814187564504e-01
8.347412353681193053e+00
1.346296318193515029e+00
6.074259075438361855e+00
7.038357701021617174e+00
2.292397374603059035e+00
5.428933261831280888e+00
7.256514649597921363e+00
7.121851702036315679e+00
7.350779077477369583e+00
2.093100023798444287e+00
3.362439768700667742e+00
4.634195946018527579e+00
3.562752963249327998e+00
7.951532941742520677e+00
4.448592973152212693e+00
1.933252803564244893e+00
1.606842894793436560e+00
6.946086076936377474e+00
3.290730588619844355e+00
3.323147971390612909e+00
7.577450914304653118e+00
8.605481678844419946e+00
8.824473628778580547e+00
8.539080892415865875e+00
6.181560812787142645e+00
2.974615202735573227e+00
7.701261065942182071e+00
2.615398686236734882e+00
4.133664241250122551e+00
4.814658897846043395e+00
6.931959282047589710e+00
8.718689120526397218e+00
9.562624789397093039e+00
1.846381551713662805e+00
3.564264202474216603e+00
8.780057941258377241e+00
2.136459618707219121e+00
2.942936225010245543e+00
9.116194718460096880e+00
6.141829571543615529e+00
6.863281399007617800e+00
8.127265323009684295e+00
6.731708162012819407e+00
4.936029170674891553e+00
8.449157280002818737e+00
1.908145156900565853e+00
7.725543975600749569e+00
6.278828736264133070e+00
7.901201130539626583e+00
3.055800312523515583e+00
7.985598107193455419e+00
1.018330583099809061e+00
3.700697685646188173e+00
2.276874394000527602e-01
6.682608749769377354e+00
3.212590697528192596e+00
9.337528906175657895e+00
4.534105128542265106e+00
1.945989217886952005e+00
3.755239810668915545e+00
2.530250642269745498e+00
2.016684478873265185e-01
3.726735667300809851e+00
5.983605246089695129e+00
3.719140358541189961e+00
2.978521079366499791e+00
7.134790043273050664e+00
8.478141217843182531e+00
1.306091155393942493e+00
4.201006106607279911e+00
5.642820676418035752e+00
1.926455290493346295e+00
7.193381670442998477e+00
5.911533391048986452e+00
6.227614888825383499e-01
6.446717222283355753e+00
8.382374438159537533e+00
2.399990350967942110e+00
9.419234327233812820e+00
7.367691164964023542e+00
1.912902420766487976e+00
5.471806923308103698e+00
5.065658441353568797e+00
8.257394364731773351e+00
4.205937300259522615e+00
3.060310563536710049e+00
7.297646941707901291e+00
8.476265353078254350e+00
4.537630604085819641e+00
8.602175926716512322e+00
3.658424240264160687e+00
3.283060472224343940e+00
5.826300311384674302e+00
5.890263098339383774e+00
4.763435124566465007e+00
1.349170258920011634e+00
8.370407739668650038e+00
5.196872278813668977e+00
2.307012781642729937e+00
8.550004974598768293e-01
3.166902917403864315e+00
4.975143555265981732e+00
1.781729917105218108e+00
9.909504836280198958e+00
1.552068977232666791e+00
7.882372901258047904e+00
6.775803372981528128e+00
7.528056951258280449e+00
9.081105589154924829e+00
1.970025646741676573e+00
3.846521065326125921e+00
6.265005869750242873e+00
