7.664170687667757775e+00
8.328883418337420963e+00
1.244173940877809637e+00
5.512596808599612430e-02
7.962329287382299725e+00
8.294195922782094499e+00
9.364682687877561307e+00
7.552273759081530535e+00
2.728988604294317000e+00
4.971118838632917480e+00
8.142965288496184506e-01
6.623453760897368703e+00
5.392429206670770192e+00
4.745781166200816692e+00
5.457873582723003381e+00
4.571799060186773289e+00
5.472170806373236829e+00
9.422792306404881302e+00
2.568288180983286928e+00
1.922021267830985591e+00
7.952540965575769505e+00
9.011435046952490424e+00
4.408802629083619085e-01
9.629375115146308062e+00
4.555443715084041223e+00
7.376608985431943211e+00
5.807668387714873148e+00
5.448262831333529732e+00
4.434940445482798310e+00
7.061997103749995119e-01
2.367303309200199379e+00
3.151332358395375621e-03
7.822928758355084611e+00
6.165692059858070451e+00
5.191540162433327943e-01
7.866703124929875557e+00
4.800047444378519046e-01
3.321639629687256345e+00
9.385797108064927841e+00
8.776592238503440058e+00
7.258715851550617160e+00
6.676928115919683826e+00
7.375815648599555630e+00
5.032449338318313536e+00
7.324958031270139891e+00
3.446475400758219010e+00
1.027928306112382284e+00
6.321053591253600334e-01
8.075743045419581989e+00
3.711618192733934229e+00
2.303669085382292536e+00
3.880050117222688666e+00
5.090983390395587449e+00
9.058170902867356489e+00
5.649441920614450829e-02
1.706248494062123644e-01
7.346657090447514804e+00
9.754925988412738391e+00
5.921168156745971523e+00
2.656973582877174778e+00
9.191156348548723543e-01
7.213273069451115127e+00
4.455564540705508669e+00
4.294651330997095506e+00
6.013667677070566597e+00
3.545121374937876269e+00
4.711665051073988586e+00
3.264874325892246354e+00
4.834136166291117753e+00
9.888832993430872520e+00
6.923870107891556103e+00
8.267238337487171407e+00
7.343385166200827818e+00
7.678954441752989801e+00
1.615059054167755637e-01
6.015441125738572481e+00
2.370520531218383908e+00
4.083149586098462791e+00
7.713402701349973078e+00
4.637839407882895060e+00
8.712353996346385188e+00
3.100158903918126541e-02
3.680292077280256091e+00
5.495970678188291103e+00
2.614888937270678504e+00
3.382762956506221386e+00
5.106308314898838852e+00
8.675542456555803028e+00
2.015967135499533214e+00
1.679067139318218826e+00
1.897857855949214301e-01
4.748837107437141825e+00
9.026862467853513650e+00
5.099164663512031126e+00
8.526595051447340978e+00
8.084183914890521905e+00
7.881376169340127191e+00
7.003341537221653645e+00
6.877694990650704554e+00
3.317671793225611676e+00
9.287672048006029968e+00
6.037554893643565457e+00
9.681995051725630574e+00
8.140328965832946295e+00
4.719372424988661052e+00
1.376841638204329143e-01
9.952511027141357047e+00
3.881333301781801914e+00
2.555077657994223372e+00
2.448015429298322498e-01
8.177536920022969724e+00
4.485128229259577992e+00
8.654661869534283625e+00
6.597258463595406575e+00
9.612112273274931340e+00
3.079333091081881690e-02
3.325426731601254460e+00
8.015620709142105227e+00
4.777485733180258265e+00
2.763112371396435840e+00
9.611278141109286466e+00
8.485971765528582011e+00
9.350437169067317811e+00
4.540811519623510151e+00
1.031310750003875398e+00
7.674774869218811801e+00
3.575144672928187717e-02
4.598665310437374032e+00
1.768326110185385325e+00
9.811920199680658428e+00
7.291893771006546565e+00
4.603932845937563023e+00
4.668378218103468313e+00
2.113845869208297312e+00
5.345800773110982007e+00
6.375498252024856427e+00
5.295499011942167655e+00
2.988371495819207802e+00
3.529644956198611183e+00
9.538848437151502324e+00
1.582190428659305814e+00
5.629969708562891917e+00
5.452311567012849025e+00
5.746380309639775863e-01
9.855592323222785112e+00
4.768606844514211573e+00
8.313602966007023198e+00
5.452735941762547611e+00
1.439788278482955208e+00
4.517518711149218547e+00
1.128735876832072105e+00
6.195152587787933207e-01
4.322602409999084294e+00
7.463064854847397456e+00
7.676194843505077969e+00
9.352970623201139588e+00
3.118939955849862056e+00
4.904470846097782832e+00
9.152279750169045602e-01
2.485708915866969626e+00
1.450124386990454539e+00
2.920606642997884972e+00
5.569428502614906407e+00
2.696081193745619942e+00
7.380900929700570323e+00
7.250398619129270195e+00
9.717822268766921567e+00
7.254936974569990760e+00
8.783503656843391738e+00
6.181081511376921966e+00
8.384518351712442197e+00
8.694566132859032237e+00
9.740706848962702225e+00
4.720856607185971221e+00
3.298404598618809302e-01
6.349826317337521786e+00
1.409447519988421549e+00
4.408124692414672197e-01
6.205189176307515986e+00
5.025775048633142283e+00
8.642759793033951254e+00
9.838046433141512281e+00
4.520734987448360442e+00
1.763654921995989611e+00
7.955784113380159894e-02
8.614209704677898927e+00
6.195996977706103692e+00
5.407157473896742950e+00
9.502033884009438935e+00
2.215704428547444760e+00
8.065743215040239278e+00
8.401874667250851303e+00
8.513339296300571846e+00
8.662565784429977711e+00
2.432820449407376628e+00
9.472112246232352817e+00
2.643303057799574418e+00
4.549697544089291945e+00
5.956312943282621397e+00
7.798566680374712234e+00
7.814508690706541749e+00
6.104254580334042224e+00
9.627802108376814161e+00
5.013145986841499813e+00
2.340928197249060538e+00
9.772994091466260969e+00
8.821042943282090931e+00
5.707862783195220224e+00
7.408446112307613518e+00
9.028282894859362528e+00
5.031640871526801284e+00
2.281590421187913442e+00
4.688122696383223431e-01
3.928209472539151648e+00
6.169387451751403795e+00
2.201920824211067718e+00
1.805611644755996670e+00
9.361215192353944392e-01
9.790171885168888366e+00
4.368693337124167186e+00
1.491055481771752511e-01
4.913466415665577181e+00
1.203551241862677035e-01
9.576034819459100511e-01
8.512413958287834426e-02
7.088183435691897571e+00
7.182139468262688453e+00
2.085658173596860454e+00
7.400809768250428355e+00
6.515918158778314151e+00
4.446685122668797341e+00
4.875526963614046139e+00
1.526438466123613003e+00
9.285201941502366552e+00
9.698209019927059416e+00
6.074751564767478129e+00
5.331224748248097001e+00
7.701994980463289231e-01
3.563833032068718154e+00
7.744509861354035962e+00
5.486517782417699607e+00
9.216628343654518218e+00
4.824031927172734768e+00
3.331251226487697004e-01
3.392885301937378362e+00
8.219995484385055562e+00
6.161994807978143918e-01
2.293849844506126168e+00
7.939638297999195515e+00
8.677749025318867382e+00
3.705371036566148746e+00
2.057204860780848854e+00
1.045317965350565093e+00
5.491044407868680644e+00
1.012262688456541104e+00
2.998301738249541160e+00
6.165887083869449725e+00
5.846254891519397923e-01
4.189647162911346534e+00
2.016453147056854966e+00
7.054433640776408332e+00
3.309234310918905742e+00
3.383528043729374879e+00
3.590877410028694428e+00
7.695035243800080416e+00
9.609348751709948289e+00
1.603768058263532748e+00
2.742016708415238035e+00
6.520566319844396830e+00
7.616044221915077905e+00
1.064791484118802201e+00
7.454242036818424566e+00
5.528827556856008574e-01
7.670392986463242302e+00
8.523421061539446342e+00
7.298783903815562191e+00
8.286960636238305256e-01
7.144796132177972048e+00
4.004765621186764157e+00
5.601088155563996196e+00
1.816727828503977848e+00
8.900322829250741918e+00
2.662264046849363019e+00
1.056951789041948864e-01
5.256634034947339273e+00
4.445929783822471393e+00
9.475866171498912749e+00
2.335600306947092974e+00
2.849043883055839554e+00
1.304784091755734066e+00
2.977668579382470870e+00
8.425198374533627188e+00
1.366664848361691664e+00
2.393475879863526945e+00
4.691564716543760838e+00
5.549938262024536328e+00
6.452832993276548024e+00
6.579344945804002087e+00
4.163117042803215817e+00
1.655509671118272630e+00
4.044924149904726818e+00
4.615118407004126233e+00
7.637183537075070916e+00
5.136139165677020557e+00
3.933844645146623797e+00
8.853510476959641551e+00
2.533790793547394671e+00
9.541617891536883889e+00
5.975287883864811356e+00
4.011298855077432002e+00
4.695129433833640675e+00
3.719942484938034699e+00
2.716434034813048903e+00
5.492610758282181038e+00
9.801557871598268079e+00
9.532832599691937858e+00
5.609558948040614723e+00
4.193687462486820117e+00
5.221031563565831313e+00
1.164322079430494261e+00
2.971115959777197446e+00
5.035534250228240083e+00
9.717278014533022201e+00
5.856988629948634006e+00
9.916966336695599793e+00
9.355761753473492703e+00
5.249571798611088802e+00
5.416622166342924594e+00
9.409632942891643648e-01
9.324747431004780651e+00
5.470356410083673460e+00
1.706479724484047944e+00
1.729984818497138921e+00
4.936262152412520976e+00
9.994809913798448520e+00
7.647249860806572208e+00
5.222687688915112147e+00
8.696589841664662757e+00
4.484409651344073211e+00
6.894885023557531412e+00
9.911261408383678528e+00
1.243121201117686203e+00
2.398885477679413292e-02
5.123042448686686789e+00
4.893793013191528374e+00
1.450873226527137350e+00
1.702976848217051531e+00
6.206951612347857861e+00
2.848272250065914335e+00
8.050164642414944893e+00
2.682333965167791323e+00
4.131296542591065268e+00
2.008420643425894436e+00
5.813119000842714712e+00
8.831609888256274132e+00
4.071933042979080319e+00
2.199367382177845887e+00
5.795785661327208516e+00
2.871214973257429914e+00
1.404697778738700498e+00
7.847890779689192797e-01
9.091586961445937476e+00
6.026991173283651193e+00
8.207012449455519665e-01
4.899455920010002075e+00
3.788176816408510561e+00
3.917703343104600222e+00
1.826539338923633959e+00
4.770786365033092835e+00
2.414208822122586362e+00
2.214408105039709085e+00
7.084549003351165553e+00
4.152288323019185157e+00
8.046328727869156427e-01
7.976974522189025585e+00
7.758117073802923258e+00
3.375632442066178740e+00
4.456947979384942471e+00
4.567896253911786886e+00
4.970686951165159684e-01
5.591740192844794954e+00
5.368441545032387907e+00
2.231209332855708105e+00
8.613048139697609962e-01
6.375290180023380771e+00
4.804799243513901530e+00
4.431682631475530876e-01
5.455943377570823039e+00
1.313095769239653876e+00
4.348283525153874507e+00
2.335664512356414590e+00
9.833073420415455956e+00
6.379347281118475266e+00
3.064328744886007705e+00
5.018198666897544236e-01
9.135084893467299239e+00
6.481377219319853111e+00
2.064847710187314167e+00
8.019379452826274957e+00
6.896048157062204531e+00
9.405156585702602712e+00
4.954471315798770092e+00
8.320642348394438059e+00
4.761007359806198380e+00
5.802809522014863219e+00
8.583193684819988789e+00
6.347306112665650701e+00
4.152134913672915317e+00
9.112538416606149383e+00
3.520258974921282036e+00
5.171829179238053520e+00
5.931743598358530711e+00
7.124706096575912362e+00
1.278531990429212506e+00
5.927992960854275850e+00
3.994400457413446404e+00
9.699542017531708638e+00
8.399538104003534400e-01
2.571084910998751916e+00
8.169627355869348406e+00
8.839038228801840091e+00
6.650299783520478236e+00
2.370231878486082078e+00
3.386716607634214782e+00
4.272646371432879064e+00
9.398889610387367810e+00
6.892112351750483867e+00
4.143641121081474310e+00
2.895793296211623957e-01
8.382435615900797998e+00
1.058730557263251049e+00
5.415606924852964354e+00
9.584176299591383952e+00
5.881482945485977609e+00
4.827403119265513354e+00
5.327901138490145350e+00
3.546716152014744772e+00
8.197805732539342749e-01
9.362209283715923647e+00
8.104143911853967097e-01
3.311252391454385879e+00
5.135527595947486645e-02
4.483694235143054208e-01
3.603355783754286001e+00
4.321981125239871879e+00
9.740588260437810675e+00
7.556010613604794202e+00
4.371900005084303764e+00
1.976548699643349005e+00
7.102251518135917152e+00
7.574075751194576434e+00
7.024149231539988936e-01
8.387602805833630271e+00
8.296580268776525102e+00
3.181619357198254505e+00
7.465614406441112294e-03
7.201666514100196537e+00
9.323284812327216287e+00
3.165364253799236582e+00
5.168869562400304929e+00
3.700693273028843322e+00
4.700854479197360547e+00
1.266730473470517593e+00
4.796916557238258605e+00
3.421799057552789236e+00
2.792527344906947651e+00
9.867075724402344150e+00
1.958735536657508769e+00
7.392634584820752863e+00
1.617000753287523018e-01
9.821621472518380358e+00
4.894638745223517162e+00
4.866430070044521550e+00
9.490640104588381476e+00
2.907476245029773310e+00
7.327943387743450998e+00
8.234955067847966603e+00
8.547323356174910458e+00
8.138291225795935002e-01
3.808398008239179955e+00
3.556604817361539439e+00
4.228980202970335611e+00
2.307623366582138846e+00
9.228150783956056813e+00
6.397175976320116142e+00
7.335628772571799239e+00
6.225681302491798519e+00
9.476398115350347595e+00
6.409732140240467224e+00
4.764100789034811712e+00
5.498779523452290263e+00
4.215555564709512204e+00
3.087398534129742522e+00
4.619206136165371568e+00
8.736184154409601277e+00
4.192153640843008233e+00
5.746199647731753402e+00
1.279785936701263171e+00
7.082397507380803425e+00
9.212280556601429637e+00
