2.836232249767873803e+00
7.167834180023313628e+00
2.823015729964733822e+00
1.858083620762266408e+00
4.862353190818225812e+00
3.780339748443028114e+00
7.984390015816623887e+00
6.218464794733083778e+00
6.219249820335005730e+00
9.927520829488194920e+00
3.745819836098380762e+00
5.807747203867991814e+00
7.240862248381030319e-01
8.046097093072292594e+00
5.634197856823697226e-01
5.009797446642405561e+00
8.938241980382784391e+00
5.095487037356378757e+00
6.832382175333857610e+00
2.658143266641198821e+00
1.411391394705060476e+00
8.569892827242101774e+00
7.205385504187172607e+00
6.550888613449740383e+00
7.651169448702727749e+00
8.823712017975031685e+00
6.063784436920554910e+00
5.419250752180970743e-02
6.721438526725670215e+00
9.735792781013737240e+00
6.222075729247878328e+00
5.438188670860069074e+00
4.694836616756421499e+00
9.950410933355753329e+00
5.331399244596173759e+00
9.458716952837027847e+00
6.649059746329523790e+00
6.795344064310238963e+00
1.325659884927548049e+00
7.705151774257474884e+00
4.884049738547499686e+00
7.187035886317350020e-01
7.883322910389512828e+00
2.101936640427180869e+00
7.570410491528683394e+00
5.472960042353923527e+00
6.988133021505237963e+00
3.473143687414268488e+00
2.527193045297605245e+00
5.973040779768430397e+00
8.826875443892607365e+00
1.771178889090584407e+00
2.746916439223040740e+00
8.745879872229535223e+00
3.832408347710480889e+00
8.829558244232217135e+00
1.719000909269130517e+00
4.145310760152761453e+00
3.009379711596013252e+00
4.569522329311508813e+00
5.820523993210949598e+00
3.246514006196909108e+00
8.138917154710235025e+00
3.797686212771115066e+00
9.369319564322069027e+00
4.727012643960631699e+00
4.470694251232317562e+00
3.130657042434842552e+00
2.164011773897613899e+00
4.580942247803701406e+00
1.866927784018477254e+00
6.726062496361129295e-01
1.353736511071187421e+00
5.700798707084544503e+00
7.098485186091743948e+00
9.843153065843763372e+00
5.839068843627263306e+00
2.850722183856113645e-01
9.282139826316942788e+00
1.086222385317615613e+00
2.228434386830363323e+00
3.170771835823702478e+00
1.794721383667501335e+00
4.984405073859107915e+00
9.899924042966185667e+00
6.534358148637067210e+00
6.685742918621865982e+00
4.868522318923929060e-01
3.678140705701814284e+00
7.276241714571320074e+00
6.489352806732895829e+00
1.015683880800483108e+00
6.459803201185998489e-02
9.704471962089156190e-01
5.572215842339923952e+00
4.979393391096182953e+00
4.457646245600162871e+00
6.508682967187238155e+00
2.054338757497660151e+00
1.391390916522894372e+00
1.231086186852441422e+00
7.487971024133146969e+00
2.833016845214971546e+00
5.290027430543578824e+00
3.852599053011207531e+00
8.960965537333654751e+00
2.204931732222382479e+00
1.163318453732871127e+00
9.983736309937690123e+00
9.218863682026709583e+00
9.262549409271143119e+00
7.350834384930433174e+00
3.012856867219824153e+00
1.117682522166951742e-01
7.768078340017203764e+00
9.853338305696723864e-01
7.175068669050861381e+00
5.783574194681402325e+00
5.958184430617241567e+00
1.475709032644607621e+00
5.672221282408314913e+00
9.149411298013671257e+00
4.053022176541226429e+00
7.131366465159981516e+00
4.533185987917174309e+00
7.253772473462960502e-01
4.405228936101622139e+00
3.052943914416633930e+00
8.547072502435247188e+00
5.968292434472951768e+00
5.817457087330915932e+00
7.222157742869461217e+00
2.372039341922327349e+00
9.186189128024663475e+00
3.933260236620964356e+00
9.805376394116558814e+00
7.688775667465506558e+00
6.101574406135461537e+00
5.084765442141683245e+00
8.599316012362654860e+00
9.557473450824138794e-02
1.345776953626743877e+00
1.135457456189837844e+00
4.307946687777849171e+00
5.863292370691165267e+00
5.897716687243583777e+00
2.187004531445213562e+00
2.152554118764275159e+00
2.096188120750606121e+00
4.398036131811167593e+00
1.254761061017820589e+00
7.818875963538221896e+00
5.081823485724577871e+00
8.556508752323674472e+00
3.279599472493982759e+00
8.751018562473188211e+00
9.258563829300459069e-01
3.330823406977043710e+00
1.091319071300943522e+00
7.698860628455838295e+00
8.981697811808787790e+00
2.257044542862318703e+00
3.704671279485696189e+00
6.562905005225555755e+00
7.470062487729855150e+00
5.974876509022167603e+00
4.528487649519705727e+00
4.100509611213521310e+00
2.632893871140247199e+00
1.838991303205780303e+00
3.171009664794922855e+00
3.127886646860914333e+00
6.720680552350374981e+00
7.667653017835905693e+00
1.377770282080367226e+00
9.524295847709096652e-01
7.940558378099604298e+00
7.658211293159445709e+00
8.447115520302290292e+00
4.414476256572963386e-01
6.017909788486695888e+00
7.420111094990758716e+00
9.287895713340486026e+00
7.319070599527002230e+00
5.596946508006116261e+00
6.827936117725542431e+00
6.279176728839157562e+00
2.392623804726464520e+00
9.645279321973562858e+00
5.095601725070818766e+00
7.022315089007355127e+00
8.261616625171882333e+00
7.506325888372123778e+00
3.498599176030165125e+00
4.713881309048625567e+00
1.086617587707117139e-02
4.779058628842276946e+00
6.525321154366978682e+00
3.297350355836283775e+00
6.265791961885577521e+00
5.193652908146546565e+00
2.091129430254532462e+00
1.394168486083089409e+00
4.973476373007922113e+00
9.474324853594367823e+00
4.154356387564015485e+00
6.667006856150213601e+00
7.214626969238134180e+00
6.409719899416794320e+00
2.910661688155813387e+00
8.180314415257251781e+00
5.050835097632889514e+00
1.768380000115258310e+00
7.410773168052230631e+00
4.595710870157450501e+00
7.647971036299731296e+00
6.476266954134964671e+00
3.152318069970303505e+00
3.338493610244706034e+00
1.419749862341932456e+00
7.405155694042775405e-01
5.111401504570852516e+00
5.578296474113649595e+00
8.447789745676937301e+00
5.904807993365228214e+00
7.744439476719715998e+00
9.231761322313056795e+00
3.237209722547814472e+00
2.056216902233437338e+00
4.840839107099320415e+00
1.100045162999072623e+00
8.346654085973545634e+00
2.266322907040724033e+00
2.809467458493268843e+00
6.498160803006625130e-01
6.649115915583951875e+00
5.823082681656402748e+00
1.716603048571418988e+00
5.280952948100648747e+00
5.638543003654140406e+00
7.510467967655315213e+00
4.297149551746648477e+00
6.877508128788933028e+00
5.946769232171589259e-01
6.792548752490075614e+00
3.886518102865569091e+00
5.996535296768541912e+00
3.153315851702985562e+00
5.360382742973962777e+00
1.823597910249952214e+00
8.093848276284620891e-01
7.984314629929788687e+00
8.447963882402092395e+00
7.277227311487918016e+00
4.883511210707355055e+00
2.874083191116913127e+00
9.204492528995144696e+00
1.225682493340777279e+00
1.622117794431328086e+00
1.729823120200666420e+00
1.894519204112772304e+00
4.394662903071852256e+00
3.898272894673215916e+00
4.914932149359934499e+00
5.576376904355884179e+00
3.938149042833594127e-01
4.827905340990717775e+00
5.218344920675325405e+00
6.241097260208884556e+00
7.939447236312672018e+00
8.212455202012961308e+00
8.352357771884822313e+00
2.274484866168371422e+00
9.100338296237334035e+00
9.354878292838037623e+00
6.675395807690581051e+00
5.665683649725282933e+00
8.684656747345364636e+00
2.571575984162649320e+00
8.793618094054375334e+00
4.297128270623350232e+00
3.890069147581658449e+00
5.215605829075228073e+00
3.702239991873841340e+00
5.366320648473084987e+00
1.557932529510345221e+00
1.559403929205810391e+00
8.853661618480298756e+00
9.945815662148270064e+00
1.021395317563582594e+00
6.623043493998642006e+00
9.140908251837988274e+00
1.944119227514971016e+00
2.631518839659130471e+00
3.770953341655920443e+00
4.255077806808714058e+00
3.486903496604657704e+00
8.569209291423875996e+00
2.910767775827750370e+00
8.904523928279846956e+00
1.643430993214457514e+00
9.487732035123713104e+00
4.174790005624262612e+00
4.364687358753055690e+00
2.426798848934266228e+00
4.431514522648550169e+00
5.647760158830809729e+00
2.404278901132732571e+00
6.857790405792187904e+00
8.911088531947205738e+00
6.785524444751209749e+00
8.918846971530863144e+00
2.841988253319892799e+00
2.273644943533796869e+00
5.250045038836667288e+00
9.316119526193304523e+00
1.640686261788593114e+00
1.511598826631325165e+00
3.006948914866133471e+00
5.151054856820550754e+00
8.819449766766801702e+00
3.541924057965728512e-01
8.867149019813622246e+00
3.614197859282803016e+00
9.759794199341184751e+00
9.381362898256634608e+00
9.796926788191681723e+00
2.539913581816239052e+00
6.182992573238076162e+00
4.664947710764828059e+00
5.630813054301312626e+00
9.839974058767372966e+00
5.382231136313134101e+00
7.442329956066577878e+00
4.451025731325435331e+00
7.372753367368924060e+00
7.044974303132410576e+00
7.784006405226406855e-01
4.948077842071748833e+00
4.016191493743500374e+00
2.284280068717403633e-01
8.064353754522855411e+00
9.263883229463164781e+00
8.035049100876026529e+00
4.689450879684315510e+00
8.282467855000387402e+00
5.475609833742859145e+00
4.930504231185366848e+00
1.687769899326033718e+00
3.701670725294223807e+00
1.841540423535191762e+00
8.694430467243817517e+00
5.153916045427509474e+00
2.227989424929874840e+00
5.017515678362958198e+00
6.610255613262165042e+00
2.971882778318089002e+00
1.203137332734647291e+00
2.798636864358210463e+00
4.697033988732327359e+00
7.672213898428509538e+00
8.882028943634423523e-01
7.633242506705047781e+00
8.895871060390569962e-01
8.377750540203898311e+00
4.115453980542095103e+00
8.347848049757420341e+00
9.393664346528145970e+00
6.636121452325804970e-01
6.263370674342224831e+00
4.873374076581948877e-01
3.451680803039471002e+00
7.946274123686749569e+00
7.742994607477947433e+00
7.403746475570671670e-01
9.033427470091979217e+00
2.154907116119213484e+00
2.424258499982263615e+00
6.756084074785780658e+00
7.231782291012278652e-01
4.731326918450909247e+00
8.308158961616506133e+00
6.839953665710312158e+00
4.598385497625947949e+00
3.050890641330572528e+00
1.004548820269017817e+00
4.857919402353619631e+00
3.364033378997357548e+00
2.215858030108507570e+00
9.155597767699340750e+00
2.496896166471085365e-01
1.744208471277631789e+00
9.247747914825868776e+00
1.778379662321467602e+00
1.072718014256965890e+00
2.163770064577653862e+00
4.803496269605526336e+00
3.462566720837529033e+00
1.789717175134034610e+00
4.154482951082176356e+00
4.333389620334374470e+00
7.707762530714665772e+00
1.769021321435815253e+00
7.670876847186920422e+00
5.644448050614930601e+00
6.818368223786423599e+00
4.354528000344060068e-01
3.200921944252403950e+00
4.503074767014952684e+00
8.820725426819285175e+00
2.985148076104872317e+00
1.134638674514997225e+00
1.161264670773195506e+00
1.109766126775968420e-01
8.958995326208306409e+00
9.191456662604082339e+00
7.121594987653401265e-01
9.322291857865984355e+00
9.149470707455918728e+00
2.668933383220160049e+00
3.717614890202258771e-01
6.193476907218741445e+00
8.622108270781438932e+00
5.357932242325150085e+00
4.756806714657098034e+00
9.518999809599336004e+00
8.411331743348538836e+00
4.552273072696647382e+00
1.776190915229137746e+00
5.919143725129483169e-01
9.677204814419916090e+00
1.453457634671810883e+00
5.169141101939823457e+00
7.115816231558397043e+00
8.459843219990299090e+00
1.056824472773940649e+00
2.324181362309595045e+00
7.219067689372269392e+00
4.016295462498080227e+00
1.744611999460815577e+00
2.850065446421080395e+00
2.343882949761243673e+00
6.856801825001258344e+00
3.983877785604520660e+00
6.164688894494996241e-01
4.639182711086475841e+00
7.510413185372076583e+00
1.805255564061841733e+00
2.055018221202167261e+00
5.728180888372691015e+00
5.171798043797987354e+00
4.233522261364538686e+00
2.330572148994062509e+00
3.676131423599780845e+00
6.873102411417316482e+00
4.212898209867027788e+00
5.434622330151990255e+00
9.665011015098546210e+00
5.303904879100321601e+00
1.303781438693372152e+00
6.947419374779486567e+00
2.932751682398249127e+00
1.977971924849265539e+00
3.434755382798803325e+00
9.800571075667708243e+00
1.573909132793885890e+00
8.991444737767896100e+00
4.551748739884081019e+00
3.454278080095112280e+00
5.884709062359062770e+00
4.398789653116706333e+00
2.117544891674158158e+00
2.952426308152622525e+00
7.071235559464494891e-01
1.553574811397029354e-01
5.488498051246168075e+00
2.471491708891935257e+00
9.515278336320069030e+00
3.822625317148048651e+00
8.037590889501810665e+00
8.531787522819541891e+00
3.303639989830595702e+00
5.369417402929629546e+00
2.140217710601939327e+00
6.833800679037609349e+00
8.232438965143186849e+00
3.276248126722918208e+00
8.964953630483442737e+00
2.118656723555851773e+00
8.724502356551585791e+00
9.313786220254725023e+00
8.406330609996786052e+00
4.656287548061484927e+00
1.045191173711557120e-01
9.322936142360187972e+00
3.394241167045771945e+00
7.470871169683844570e+00
9.676080278468328189e+00
8.222386109177062252e+00
8.894097054160873483e+00
