1.756066560366783547e+00
7.373136865870860923e+00
1.620370924998482121e-01
1.440232545620823146e+00
4.191970842979730882e+00
9.738463526693083239e+00
3.061719120743529921e+00
9.670592386978897892e+00
4.677244365388373737e+00
9.076831712921755724e+00
3.106383666432935620e+00
2.058882186228521149e+00
9.654051095826343687e-01
6.456374164694594242e+00
1.871208521079530396e+00
8.833101624890216996e+00
6.441693827620238011e+00
8.621273996747980117e-01
7.196477618417515210e+00
8.869370899640784955e+00
7.714842058460822827e+00
1.872049079132198646e-01
1.784620584384057906e+00
7.700278777178326539e-01
4.086357628963369848e+00
5.893109226045377902e+00
7.895958810555035789e+00
9.575335396164367907e+00
4.478478899977322847e-02
4.956186723096624114e+00
1.901760253507198684e+00
4.026105210846808724e+00
8.041961405550224207e-01
1.505947642888739724e+00
4.548173413198959736e+00
4.228545202475201492e+00
4.710449562799307266e+00
4.719863357288431871e+00
5.759140744468929540e+00
9.432423119205584072e+00
7.159464823812653478e+00
3.825995162558373242e+00
5.603226298103772152e+00
4.674543688105310402e+00
7.518004379447034147e+00
4.979276945020481016e+00
7.348955109049741807e+00
5.462807008926777286e+00
8.451231073782899728e+00
6.719787777692209918e-01
4.894560278793317565e+00
5.927221645935400574e+00
9.894923530272608403e+00
2.905844966847719313e+00
6.660938416613592317e+00
8.672881990224712290e-01
9.568828715837726762e+00
5.285647271959921234e+00
2.072887632933140267e+00
8.314659187166881793e+00
5.516622834453301039e+00
8.446644115902625316e+00
3.496644454853317097e+00
2.474345075019251716e+00
6.879411146081720219e+00
4.352318970702572010e+00
5.291762653999940724e+00
8.172444815868471935e+00
6.771362412817759413e+00
7.564146146117154856e+00
2.466094913050276283e-01
6.172856894372626968e+00
4.969741800080807792e+00
7.949151913513238021e+00
8.478473463590166403e+00
9.303533462652978869e+00
8.669664900648966110e+00
3.303996672407270019e+00
2.943548921814331809e+00
4.135156592934652764e+00
3.770575008660213889e+00
8.280283100467332957e+00
6.380490958467533780e+00
5.686906300156698180e+00
1.124252645179271148e+00
9.102854116990789279e+00
9.945218550190992879e-01
2.889987502667981101e+00
8.085108519750267675e+00
1.180905156143113865e+00
5.471935969010930378e+00
8.964078742240017661e+00
3.386222802649456742e+00
1.407938889808822980e+00
3.781132557751361034e+00
5.520294641300493410e+00
1.140137264998203337e+00
3.765343484598397961e+00
5.145769741193411129e+00
5.228194330208455476e+00
1.640181232394399835e-01
4.981851624794043865e+00
6.602427943752299910e+00
5.727678990830487038e-01
5.657479210128464331e+00
5.334266995027636682e+00
5.479236341601597005e+00
3.548020571998050876e+00
5.469618714990563291e+00
4.130835468885973860e-01
6.276763768216209627e+00
7.749711026989933416e+00
7.864313124755027751e+00
6.808949441288874027e+00
4.692553448547687189e+00
7.920280584853516714e+00
9.340044969023375554e-01
8.825519347924387858e+00
7.402740798791276333e+00
9.519309783980327566e+00
8.703551768042425252e+00
4.315606834354332122e+00
8.298113712292368049e+00
1.312913145846128504e+00
1.938243797732608353e-01
2.010014908710821224e+00
7.441060002696564535e-01
9.203003348218011581e+00
2.444198468946346736e+00
6.585612461363041348e+00
7.021657289126782331e+00
7.287991392379383981e+00
9.743367050136249929e+00
1.122829872037289789e+00
7.346233633936303242e+00
6.766962360864262394e+00
7.439934894301755364e+00
5.340426506413360030e+00
2.506898582406321907e+00
3.499566625998158376e+00
4.221208322485617614e+00
8.650357452350419862e+00
3.008897775418089005e+00
1.098365532287528534e+00
2.676252250129629306e+00
2.613658154179337778e+00
2.795193744031361227e+00
7.503353060858215073e+00
9.111753917492016797e+00
8.084570624957081009e+00
9.074496979788172268e+00
7.487709109383080985e+00
7.633140308461094925e-01
8.502461470988007974e+00
1.020633330186782040e-01
6.958387661696118442e+00
3.928187506517128114e+00
8.057637045726917080e+00
2.480081332247942250e+00
1.617496451157819370e+00
6.898942924669472454e+00
7.594169418467274113e+00
1.456313466375805943e+00
7.029187820420769839e+00
2.210593718615476710e+00
5.303091475975439728e+00
9.499512229572731670e+00
8.159710800816139198e+00
5.373239086576908630e-01
6.678843057809088712e+00
8.961152265212083634e+00
6.156737837446332406e+00
4.049993989352577373e+00
9.642444314376795944e+00
1.637801423272667867e+00
2.065701416348751707e+00
4.003982508401860763e+00
2.859377110329531568e+00
7.757867045944333295e-01
6.584006560199799019e+00
7.624075255203931256e+00
5.409872153787649296e+00
1.270669197977566389e+00
7.653520646099881475e+00
1.746689931044920208e-01
7.463189345573971956e+00
7.188801400090061300e-01
7.410326425085554725e+00
7.101761543083199513e+00
6.124093353629751491e+00
1.708679024901325061e+00
7.876225409225407148e+00
7.572294483569463885e-01
2.142101384443323653e+00
3.629521771755177539e+00
6.018356138058362781e+00
7.212808840791281817e+00
5.567904375357032976e+00
4.532223838805183647e+00
2.508074623950999893e+00
3.395030458975890397e+00
9.797317079832364328e+00
9.537334365203767206e+00
9.552427670794694237e-01
1.308760452179845712e+00
2.040153625424157902e+00
7.203805889919816963e+00
1.990383965219063578e+00
9.350349902582374639e+00
4.862523348893692088e+00
3.675209789898085333e+00
3.444308956995928206e+00
9.567287306840338346e+00
1.604608880278352023e+00
1.174525888885740166e+00
1.543243135353182804e+00
4.745806386784061637e+00
5.306026220288496908e+00
7.391161699744398739e+00
6.743499691623330961e+00
1.432795642981887774e+00
2.877689894208099730e+00
3.541864219903677835e+00
5.466354643209423436e+00
5.736134254595080861e+00
9.246690611908025659e+00
6.824688061819217388e+00
5.334377527404105201e+00
7.793967146960538273e+00
9.458365681624506749e+00
6.305476267933022072e+00
2.799710590248576381e+00
6.790905163838415248e+00
8.580335576754677618e+00
5.669244749292597696e+00
9.027428998637086366e+00
6.260426785617012158e+00
2.642103777343335125e+00
2.104373730211854809e+00
4.167900263242982462e+00
4.942000753120198375e+00
4.693359575148348117e-01
7.263038846732168707e+00
9.323417981355728301e+00
4.700369409894211703e-01
3.533950717052540824e+00
7.474530103096308054e+00
2.565533211721043649e+00
3.262312564431719686e+00
9.777328219043930346e+00
1.070716724892056826e+00
6.629590744123253998e+00
6.811807566174770123e+00
3.016352398819814873e+00
6.587994547487157071e+00
7.400743809091814285e+00
5.422242292658344454e+00
6.557369118835506328e+00
3.632400725381923490e-01
7.256659234613254128e+00
4.620127079530473857e+00
3.067387670730278515e+00
8.902410133366309708e+00
2.623453690854073983e+00
7.153534870914813659e+00
1.528761553561643893e+00
7.930445837154426414e+00
2.440178971327448210e+00
2.777807631848504322e+00
4.989930225846748613e+00
6.550039898124854432e+00
6.861692060309109387e+00
8.059380303149342950e+00
4.024538270892338510e+00
1.851347039806567896e+00
7.772712119522751095e+00
3.150875581466633157e+00
8.246040380514074286e+00
1.476750283744495684e+00
4.016486370339476863e+00
5.811429853241572907e+00
9.558869730800910958e+00
2.705501139560920976e+00
2.929962775092058713e+00
4.550245094512429311e+00
4.009801203085856969e+00
5.009226699094567081e+00
1.258741468764813520e+00
1.201035275982001993e+00
7.913279878309923632e+00
6.662011176597518514e+00
1.056651418356158167e-01
8.659315441257449564e+00
7.804535271950591380e+00
5.100536742850816374e+00
8.447985949795444593e-01
6.411940684550328839e+00
4.535995368372248038e+00
8.506676714187776156e+00
6.098311738251279479e+00
3.893275312419139933e+00
6.498709931471978507e+00
1.907484951215286939e+00
4.891032409482352961e+00
9.139950231210097087e+00
8.909530500145091736e+00
7.634599144216092981e+00
2.552885836814751119e+00
5.198223822110340286e+00
3.906671981934114690e+00
9.746425608569241561e+00
5.995651561585495060e+00
4.763606786250193181e+00
7.608072854523541650e+00
4.589588735485886417e+00
8.814377844246948257e+00
9.487573653409169694e+00
4.052631054008664080e+00
3.014628647253884353e+00
8.994583921381346769e+00
2.931918979262521319e+00
5.642998650282715190e+00
6.035912028222066184e+00
1.205913782132650436e-01
4.035275471481009291e+00
4.029446999005851460e+00
3.086268877394608978e+00
7.569726387746637641e+00
8.890945922794340817e+00
5.660458786843738821e+00
5.740342418450494755e-01
1.743838055618437410e+00
9.416926280121645121e+00
7.559797054977627440e+00
3.349262088746799648e+00
1.129153683934699393e+00
1.848841142288322192e+00
3.945975332241039801e+00
4.383628280257956256e-01
2.913373461352126714e+00
2.056807526198468850e+00
4.975850187654402568e+00
5.602974643462728110e+00
4.480215296637521050e+00
6.618014339299207904e+00
2.069407356589355373e+00
1.474010601713371393e+00
9.692968492278952741e-01
4.540156320741818519e+00
4.418604706431759510e+00
8.659869244512938380e+00
4.221437312466236325e-01
6.387667017766095690e+00
6.996965727571119231e+00
6.042326749681043552e+00
2.884976794202675165e+00
1.262360254683311256e+00
6.059742166612416270e+00
9.625111430788239275e+00
8.189184202760699804e+00
4.625713280854552245e+00
5.726619215460308610e+00
7.886481001328082385e+00
3.554670203924249705e+00
4.932834981785486406e+00
2.258920811023545028e+00
5.004337514597418490e+00
2.768777471913232979e+00
8.409399020466466368e+00
9.105617080977232547e+00
2.202798446631076601e+00
9.272512610380411857e+00
3.438748070612307473e+00
9.417774616192415849e+00
2.010347867448050163e+00
8.616415187709350221e+00
5.089552458118468792e+00
1.437416858709555934e+00
2.838185098259127237e+00
8.542336382709152076e+00
9.026788000756718944e+00
5.269945790814838382e+00
4.448327851660916821e+00
7.191968284138885892e+00
5.706634703594088087e+00
1.776356762053732385e+00
3.991498368066258351e+00
8.203564133051964191e+00
7.977610482879727627e+00
5.660715093732329173e+00
8.224291129824736757e+00
6.397782833270039049e+00
3.421332145240496558e-01
4.871285978173509612e+00
5.427810549807281504e+00
5.869432857556039274e+00
2.389922104683603887e+00
4.931619480652871701e+00
5.249107125706023780e+00
4.766713871531427671e+00
9.368246557300516031e+00
5.208632513903843630e+00
1.066991407692855498e+00
9.294513199285024285e+00
4.775923703900821771e+00
4.388359040510556142e+00
4.908569647650721457e+00
1.924697326660997909e+00
2.425273276983774817e-01
2.626306543764211909e+00
2.813289552150358475e+00
8.063639965505050355e+00
2.927942397702618660e+00
7.445256988771360440e+00
8.863379432086968990e+00
3.760540827207699000e+00
3.409347786785636991e+00
3.807018716089594079e-01
6.962624752609738010e+00
7.935470643594713103e+00
9.075406398530224905e+00
9.297206697520405072e+00
5.210961746282096740e+00
9.493943466583776303e-01
7.800282844870856991e+00
9.735120493902103433e+00
3.852319680226199416e+00
2.600182006676669211e+00
7.194794169468278433e+00
2.515098691804993347e+00
8.572902619870138352e+00
2.248334010539698724e-01
4.541294351149472774e+00
2.236294489604901958e+00
4.317519724002992554e+00
2.206303698179804762e+00
2.396318545576857417e+00
8.781502518012246128e+00
8.096061638955662332e+00
4.533681318380926584e+00
5.544067401014497243e+00
4.052050192134264428e+00
8.599910845751846722e+00
8.767387901983006770e+00
1.867520826771386089e+00
8.339804228872505831e+00
8.348806876264958987e+00
3.782023611893748694e+00
9.107024169679323933e+00
6.394624149508798538e-01
9.231165554472237744e+00
2.194848402715082969e+00
8.032649120707922918e+00
6.554762301184911877e+00
1.734127507540406121e+00
4.681568112553566863e+00
3.018405481628656517e+00
9.794225475213861998e+00
5.031804389569165536e+00
9.024462185825829152e+00
3.916648194980720810e+00
5.330661429619149239e+00
9.641864901613740102e+00
8.354284399480713219e+00
5.468624104229560245e+00
9.671085836877210795e+00
8.926163221836825201e+00
1.897275298264425869e+00
4.466105248431694541e+00
9.942634418355389414e+00
9.447269995097706818e-01
5.758164012938382648e-02
5.618146047389680930e+00
9.036068614001047550e+00
2.930834994562228957e+00
4.487816028516061984e+00
1.610582536521765196e-01
8.320531916772583969e+00
5.648218538334274008e+00
7.430228134287686359e-01
8.200543293621832319e+00
1.154687659204182149e+00
9.885847071345425618e+00
5.273331458249873371e+00
6.950459486125771136e+00
1.703811648070080453e+00
5.374907792560845721e+00
3.664932908766473041e+00
6.296629806362395776e+00
9.187983326367257675e+00
7.472496222648528086e-01
2.684149351392348670e+00
7.299697935851856556e+00
7.177555353359725387e+00
7.744059396895784708e+00
4.467084440927834521e+00
4.586496166080149095e+00
8.585932486358471394e+00
4.778795311593753148e+00
8.152635849976213933e+00
