7.091446375638483346e+00
7.293472941957479527e-01
5.448433234631766542e-01
3.676411076992913696e+00
3.700090424010077150e+00
7.635197190776473519e+00
9.177628933669170763e+00
9.700037937506844621e-02
5.625070783205190494e+00
4.629540907574682507e+00
2.230939662574815685e+00
8.600326141274457825e+00
2.164346041270788223e+00
2.592367870633510485e+00
2.162763149307291854e+00
7.518718027337426335e+00
3.309633885613357585e+00
5.313274488726996481e+00
6.648594012084640958e-01
9.288748673264892730e+00
5.470273049737924609e+00
5.776379158206679243e-01
5.462633823697760072e-01
5.295261441216468690e+00
8.034814375117528940e+00
2.047859751385379123e+00
7.825120502586391247e+00
3.220942943983828854e+00
1.598052249375966349e+00
4.504260544927457310e+00
8.325093809974477566e+00
1.170359645617655708e+00
8.802666886079164144e+00
6.217058977990652657e+00
6.242561231701165170e+00
7.751424480421730934e+00
5.117373326070690176e+00
9.598542425927036881e-01
8.951018069985179793e+00
7.064384438721932113e+00
6.765283845780556415e-01
1.655498838679629880e+00
6.989008333078806423e+00
7.703670747985240652e+00
4.175362569974766735e+00
8.499102298140590150e+00
3.430173244660386089e+00
5.036402356565082172e+00
1.583594593438926168e+00
6.721347743754543025e+00
5.982260496214952816e-01
2.379991554121448694e+00
5.719778630369521721e+00
5.009107718067209447e+00
5.128311742266874695e+00
3.985256478656862278e+00
4.676139951874396239e+00
7.419587525760857893e+00
9.533071651552582182e+00
4.827458478583475987e+00
9.217651602478216688e+00
9.936675195834487884e-01
1.848604217512230807e+00
3.544825485466446047e+00
5.712681423359512678e+00
2.934375694386784694e+00
3.340864612999153493e+00
5.816660362627494862e+00
7.668521285485817351e+00
5.250740203455884547e+00
6.008127893424484611e+00
4.748955738898312795e+00
6.833042143394512102e+00
2.363503519389643870e+00
7.908774691788345024e+00
6.052946607461000994e+00
5.910915745383985787e+00
8.596217994587993516e+00
6.020835831432741259e+00
4.348746323616381471e-01
6.856687345994015637e+00
7.238082664335287575e+00
7.007552210263391146e+00
9.141007510397020752e+00
5.119089290949283111e+00
4.399738420982353126e+00
8.440639987781491271e+00
2.405003265740463192e+00
3.943865468767856264e+00
6.298382465866856350e+00
3.020780739644898460e+00
2.469126611532065141e+00
3.553209895049654676e+00
3.250891498040927807e+00
2.941582061998079034e+00
8.676309263693095630e+00
7.177172743195239235e+00
9.527901295247758640e+00
6.410366590331211256e+00
4.038190519824310876e+00
7.766807807192273927e+00
2.991346377476117091e+00
7.289918228933023769e+00
8.840346050236647102e-02
7.385326404672135858e+00
3.994346837963884678e+00
7.187240261318883494e-01
7.335805923090685354e+00
7.307459983915300938e+00
1.420179713414851941e+00
5.474298093980292990e+00
9.634252910184047280e+00
2.600743335045075710e+00
7.901651779985472857e+00
7.125002761238210525e+00
5.279697671242892909e+00
6.468786452023063127e+00
4.629673714470908585e+00
3.811479035518456904e+00
6.848486382500089675e+00
9.075370861758069729e-01
7.012335396408975186e-01
8.904772193455290363e-01
8.852777267812657058e+00
2.377954273475912927e+00
4.634168321465763185e+00
7.045377108511420516e+00
5.734265704235652628e-01
2.335960234892777709e+00
4.932857040177801800e+00
6.778146342489772991e+00
3.925911396313452872e+00
1.879349575641408032e+00
9.916509666854945948e+00
4.228438557232148121e+00
5.676795074977636801e+00
3.312958648656079141e+00
1.615215911196943299e-01
2.341563224974562374e+00
2.307841853002115862e+00
7.545456793418528818e+00
7.275965575822761267e+00
5.787909692133079709e+00
2.111945835792694570e-01
4.972107117554736000e-01
6.382186366741253281e+00
2.485205217995090976e+00
7.049721897063632170e-01
6.720318833386160762e+00
6.232064970038226903e+00
7.291641093031929088e+00
8.282481984917042794e+00
4.393055141459782931e+00
1.127863795816678172e+00
3.995608785817456265e+00
7.580071315000328269e+00
4.104086363965277151e+00
5.843560393541738840e+00
6.042378515574390541e+00
9.336989656650784841e-01
4.398668211566025832e+00
2.430695650445935385e-01
8.406754733306376792e+00
5.168125276266511747e+00
3.670513349116844015e-01
9.536285316219604624e+00
7.242234553906593320e+00
6.914952795846859068e+00
8.573949633460253850e-02
7.291977886160387889e+00
9.935473339564932616e+00
7.453662486496291706e+00
6.463696178176029150e+00
4.627932864993010043e+00
3.929217025139167596e+00
2.344962295161990617e+00
7.813451309842519343e+00
2.819556921747504497e+00
1.149455784863895325e+00
8.718405164744758018e-02
6.394434361874823836e+00
8.450254323637603093e+00
5.774336797373461394e+00
6.173287770742827085e+00
1.247176331429226126e+00
6.002444605645917974e-02
8.293856639800988972e+00
7.626862759932179436e+00
7.169431938868852328e+00
7.068408588953939642e+00
1.299296822651263561e+00
4.524068481229224226e+00
3.118434725734772428e+00
8.080002671481944176e+00
4.434241788890003200e-01
3.395772469313870445e+00
7.059474898055841940e+00
8.661634778200163254e+00
2.932688293562160098e+00
7.879156430931867128e+00
3.378278063029620526e+00
6.199637816978013305e+00
2.295398808705399141e+00
7.079733285860656533e-01
5.404517654680058847e+00
1.391252038062451568e+00
1.473242550151994124e+00
4.053927000388235502e-01
6.339365473839602139e+00
5.447161665173783085e-01
3.924853535386417569e+00
4.602874119328467017e+00
2.616942414580758491e-01
6.513343849149341835e+00
6.318144749029714013e+00
4.601113961298533006e+00
6.731891986742674305e+00
1.959537006534924908e+00
4.218667700873977466e+00
2.894086941286136749e+00
9.918336342386085747e+00
2.217561205978331174e+00
5.337507822381921230e+00
7.138360253295243929e+00
9.861446627853712954e+00
9.992756963695017092e+00
3.967672630204358342e+00
8.209564367682757435e+00
2.429484304955813467e+00
8.803231770520781652e+00
8.666609114217987297e+00
8.748124974199225079e+00
9.357198907278714728e+00
5.164060043490238172e+00
1.966364456539319017e+00
5.601356055944075152e+00
3.568044735064406225e+00
1.675698063052640796e+00
3.798746359472968681e+00
8.973865350705747090e+00
7.067656240695052716e+00
6.122684605785222445e+00
6.892835055133716082e+00
6.742091165435918576e+00
3.452430636822892751e+00
3.630806063972750408e+00
4.821046823594490327e+00
9.644416794488305911e+00
8.799802565331589221e+00
7.442004715156970818e+00
4.792427250770120217e+00
6.426440797923170578e+00
2.617757200818737751e+00
5.150388245533306986e+00
1.713500790763223813e+00
1.279906439520206440e-01
8.371214001140213412e+00
2.946362094320063019e+00
5.020779295046628121e+00
4.979610371721582496e+00
3.392737991002994224e+00
7.059071678125585336e+00
1.237335097338567724e+00
1.667967661826290637e+00
1.789451531748568192e+00
7.166888416997951872e-01
5.212963615853381860e+00
8.968974922859542787e+00
1.557016854941358774e+00
7.553260952500098213e+00
9.349719266661058015e+00
1.691959469785707659e+00
9.440975231056231820e+00
3.859812671389018846e+00
3.564399640657417656e+00
4.136898562685575875e+00
5.403941844526690019e+00
3.155619535010030230e+00
3.257030376834590957e-01
5.292443976083999857e+00
7.312823396136120202e+00
1.845755864103946209e+00
5.950299205704031813e+00
2.696813976151142267e+00
4.497650551010801578e+00
4.907484143773023000e+00
7.162726573123023854e-01
2.317114826041002384e+00
4.211285830251129347e+00
8.568997765291099356e+00
2.934250094700383560e+00
8.160419742430866208e+00
1.144840720987616578e-01
3.896128621755001742e-01
2.062217054722108589e+00
9.957681974571608308e-01
3.420550173687775253e+00
9.778755136021931804e+00
7.245407411474812598e+00
9.307934399252236091e+00
4.607155071136599389e+00
6.654385299912676466e+00
6.906345601834851244e-01
3.008673759918290003e-01
9.158855408195043513e-01
7.559265438522318803e+00
6.277754094017865327e+00
2.183084465575866329e+00
6.253022477583893846e+00
6.076393406960067800e-01
9.907078190028194342e+00
2.982505585098810030e+00
8.201344643034039095e+00
7.839494015035493923e+00
7.026352958251282921e+00
6.746658510663420039e+00
2.647911714119901561e+00
9.539391136397009419e+00
4.727196216209867963e+00
4.923416904714237319e+00
2.946923586477760981e+00
6.076723509402876644e+00
7.588878075510068655e+00
9.110264892218118860e+00
9.967443901395698802e+00
4.057834717985554285e+00
2.408912376778445719e+00
7.236336648393200122e+00
3.238430501439715226e-01
7.850674128470308766e+00
2.184354629999868180e+00
3.886506058428622623e+00
5.005699890278640041e+00
6.002742267668507381e+00
1.027147863842162723e+00
2.463375803392096053e+00
3.625035482414269428e+00
1.130018217159169946e+00
8.485705911882053698e+00
3.868426967578773024e+00
5.356213244651845784e+00
1.709595179131007114e+00
2.555720219714699759e+00
8.463986782261745390e-01
2.808337127742265515e+00
5.897137462347789238e+00
4.800939787463228470e+00
2.178383177922596836e+00
3.179339124593716370e-01
1.482285832142504756e-01
8.605187141002733853e+00
7.019030392382996197e+00
6.535481426158709972e+00
4.052890694263063587e+00
6.870578820076463700e+00
6.156787589397138660e+00
1.472341603900271245e+00
5.614318732179064853e+00
3.291646141208076415e+00
5.179170368290991533e+00
3.631765431266092747e+00
6.646390115056844294e+00
8.640992159590521027e+00
1.523485541733665682e+00
4.345352211384217789e+00
9.364232770947809925e+00
8.877030085859491493e+00
3.732039708491190488e+00
1.237067404422564909e+00
7.620187820250567512e+00
1.282918599618233513e+00
4.320120568435013020e+00
4.555591904363785360e+00
5.162420269660847438e+00
3.172258031922581267e+00
3.681861806898997003e+00
2.609505805718247196e+00
8.968307751059287014e+00
1.403687617748202721e+00
6.174103151549391377e+00
4.257571729768891977e+00
3.824802389181038986e+00
9.805658417410276328e+00
7.213464089740776686e+00
9.359325642070336571e+00
7.881586906527378922e+00
7.478693738274197145e+00
1.380407755380463897e+00
8.441596194991141999e+00
1.771421403939630324e+00
9.335328282819029155e+00
3.271285052184118580e+00
4.881068308808060863e+00
7.322316103359790773e+00
7.838300257198435261e+00
3.638572005004054866e+00
8.787397353741253525e+00
8.881449984047215196e+00
1.177013857767185145e+00
7.234254731172101494e+00
5.081473765337878312e+00
5.383391862142731910e+00
2.146845732656743611e+00
2.030474082676111180e+00
3.960412999199045547e+00
5.582277909016876372e+00
9.329864231576945333e-01
3.298275584408124850e+00
8.243347339262825813e+00
8.540818099961977605e-01
1.649320872597025422e+00
1.907634125782070589e+00
1.893205951798924147e+00
9.379545641133661960e+00
9.512960070142767677e+00
1.974256280398011265e+00
9.230405268662167373e-01
2.675114325549609262e+00
2.509173600474733590e+00
6.333978507930630997e+00
9.749499092736277461e+00
2.650379120242800646e+00
8.550059110702727949e+00
7.960222387671017863e+00
1.136252560737197603e+00
5.337970397923390564e+00
4.861375607761377893e+00
8.866584141155631205e-01
9.953323987552462171e+00
3.351825454688017736e+00
2.801435663715664326e+00
7.922046748924005399e+00
9.532272218840367017e+00
1.596869244155512124e+00
3.815878425277533736e+00
1.710363347704556558e+00
6.676498313851491062e+00
2.656619582903428700e+00
2.989245156163611306e-01
2.023807404693188872e+00
4.767627033884736854e+00
8.753095157060798215e+00
7.494986057068816265e+00
4.223714618453440650e+00
8.712999611928731625e+00
2.120704969744702240e-03
6.974592165110482966e+00
7.285523460188958467e+00
7.135401473544989770e+00
5.786733116012433342e+00
4.781169532179914583e+00
1.369844652656226902e-01
1.323983145360679847e+00
1.091052667379255325e+00
8.747273561766466088e+00
2.022690177209906182e+00
7.536982006010186197e+00
6.956054338024104666e+00
2.181403631915421748e+00
4.120715246961235145e+00
9.807171724938124058e-01
8.713088041513540105e+00
9.685773504791331590e+00
4.308456661906676644e+00
6.509812985890421899e+00
7.256868263206300185e+00
7.430480858550985168e+00
7.018957149571861898e+00
3.064655603031782860e+00
9.983764142075926884e+00
9.416194982357083632e+00
4.246675335288472297e+00
2.842542208458758157e+00
9.184365756047803586e+00
6.732965217795752189e+00
7.596123211479210990e-01
2.306125450201186311e+00
2.974248826555641045e+00
4.291691810938399243e+00
3.177019362129878122e+00
8.956731832974407226e-02
3.713478822536177226e+00
8.187881302991648624e+00
3.934404957263991420e+00
9.487935553282891732e+00
4.333201622993700930e+00
5.987133320352815424e+00
2.905779720641201713e+00
4.650665855191356890e+00
2.945611097974758508e+00
2.793800323930841767e+00
1.721389792161840404e+00
7.222854276585271016e+00
6.264421949138386125e+00
4.937644078769475087e+00
9.423860100264890960e+00
2.429944323446973087e+00
3.629310538329296953e+00
9.263967734573828494e+00
9.317870657038216820e+00
