2.435183190369122563e+00
6.415673827354206438e+00
5.021424831229479580e+00
4.671512311506926807e+00
5.224759790006821447e+00
1.466991728493246550e+00
3.099489221340806289e+00
8.952178570026394056e+00
1.557772711171964142e+00
4.762512851251395674e+00
5.197145457948748604e-01
7.285386358822286468e+00
5.878729029234397885e+00
7.578635167424404351e+00
8.142173551971190193e+00
6.771429236689963993e+00
2.248674542229522011e+00
3.301663829578429521e+00
9.520726598362509563e+00
4.356465157151033551e+00
6.177403343057704888e+00
8.708531066402411369e+00
9.575162345871300218e+00
8.816919260050994467e+00
2.577192165922397304e+00
2.148342141052219656e+00
3.720562272047225338e+00
4.188306098267833733e+00
3.679952922133113979e+00
8.984221081615492821e+00
2.842778717786517362e+00
6.267505390703165258e-01
3.151175072864792703e+00
4.638652099720796951e-01
4.993061145191765249e+00
1.899162220921720712e+00
7.108535949560101930e-01
4.081480262237345613e+00
8.006403839251186039e-01
4.861781963734808976e+00
8.088492391049745933e+00
7.539490576282614764e-01
1.499407589381896999e+00
5.006579060939808645e-01
3.076618313183454578e+00
3.492049626037482035e+00
1.245180180414376947e+00
3.362013024085932500e+00
9.989972212689144371e+00
3.913411810151496084e+00
2.276118335628702027e+00
4.283480167738082045e+00
5.426407369745357201e+00
9.952319904744404866e+00
6.416244606353084023e+00
6.347825883222594001e+00
7.571486637921832852e+00
5.039382388155198456e+00
9.291724268976220280e-01
8.570263112235238623e+00
8.269360059180195677e+00
6.268877047462984464e+00
9.597454585114366665e+00
1.456269642993659463e+00
5.242168651870753315e+00
8.588488683469995166e+00
9.309921950558740278e+00
9.469073287712674869e+00
6.138264025094962939e+00
2.789854001145118723e+00
5.186540349579581211e+00
5.189907936004010125e+00
7.316346983661878411e+00
5.469068404340463374e+00
7.631731629443871512e+00
6.412007132141589238e+00
7.987410278916849293e+00
7.924297696926307921e+00
2.980515190265421666e+00
2.413065160064035375e+00
1.787710461812308527e-01
6.508172171875152401e+00
5.702296355635728453e+00
9.892872129552547023e+00
1.113263207145488431e+00
5.471046880205036267e+00
5.514846520495984450e+00
7.999981207052569765e+00
1.552616248737664906e+00
2.636600788537106776e+00
2.080957808346552085e+00
9.601420026162427845e+00
9.394969366205698336e+00
5.868589319071334742e+00
8.981675048540649797e+00
1.425507764310929293e+00
7.134547288256508857e+00
3.121018796740020473e+00
4.083529143576015485e+00
3.331052981836630789e+00
7.899957212408224017e+00
2.146561707762653981e+00
1.414147845384772229e+00
1.148677500740847846e+00
5.432560803036236230e+00
6.563952250083099571e+00
7.684833279189676958e+00
3.428827207700862800e+00
1.483835253497762796e+00
3.565598488305533387e+00
3.513413408696628437e+00
3.472227323774117469e+00
3.140883506492936128e+00
6.218968777635862644e+00
7.180493515717502717e+00
2.752926636100808899e+00
7.697384296648605684e+00
5.506236794420146019e+00
6.190681478193207354e+00
8.217336437741368016e+00
8.319297276276531150e+00
4.683666062355133164e+00
1.219412575079077410e+00
9.360656744100525728e+00
7.951375776804105122e+00
4.505043014799409384e+00
4.475522081281486209e+00
4.905747164896264501e+00
7.152117661555703165e+00
6.666447230659717782e+00
9.310699543249732812e+00
3.596608127337149519e+00
7.896878314007506283e+00
3.437962702593285513e+00
2.945910123778320511e+00
2.740919849248894202e+00
4.660506982180507407e+00
2.434720283870213997e+00
7.580586008601257753e+00
8.787524866292956816e+00
9.045501849302347352e+00
1.438730728797681380e+00
9.999613607586221420e+00
3.629800863992060922e+00
9.090578412032950695e+00
7.592745423897335755e+00
7.869825726989205350e+00
6.043972725658185219e+00
6.173712123073332947e+00
4.914782857356348345e+00
8.884778483890171330e+00
6.475257526659296659e+00
8.065819776292379117e+00
5.131529846888289725e+00
3.646163451734540040e+00
8.284714906042905724e+00
1.271528445875105273e+00
5.934102688973696971e+00
9.591176361989850463e-01
5.730695528757701052e-01
2.477580020272902583e+00
4.369189502745816966e+00
8.421857507829503930e+00
7.350316849115634099e+00
7.340848591144244040e+00
5.744115965193592466e+00
1.971308146827053243e+00
8.763636623875912690e+00
9.747554958305602923e+00
6.734499332358746315e+00
8.539265581024427121e+00
3.861956987099346428e-02
5.540818305151095302e+00
5.008123616039235948e+00
1.847400042847709978e+00
5.166061909444746192e+00
1.388289141954135442e-01
2.027131248639062466e+00
5.626058613759860272e+00
8.649233944026464727e+00
5.149493868242487338e+00
1.755282002059644908e+00
9.767109917272129849e+00
5.728281641621062903e+00
4.648863295881202617e+00
6.698036996304841395e+00
7.075459602421797278e+00
2.179428263563568891e+00
5.036056810162632402e+00
1.337086683017225663e+00
5.489484100328279048e-01
8.082345698442169990e+00
3.350095720843028424e+00
3.764878520877128487e+00
2.171903668753581762e+00
1.875032723447280780e+00
6.160005171251588862e+00
8.193564223478130515e+00
3.330091965989247171e+00
6.472329821661134908e+00
4.028979873551822521e+00
9.567515809427423079e+00
1.025937044220881500e+00
2.252935454938271853e+00
9.736527803220290878e+00
4.320638731235286301e+00
9.491302844278168394e+00
6.526817857948633339e+00
9.990309096127127475e+00
2.491209551676093703e+00
5.332627661384147011e+00
9.313495869131431348e+00
6.778325833044837267e+00
4.170955478377578629e+00
2.340280434172704815e+00
9.849869076673398283e+00
1.159522602767661947e+00
4.038595737820251053e+00
4.370346028731153520e-01
4.477262059002077521e+00
2.532297623113436202e+00
3.701283725650879042e+00
2.518793465430756662e+00
3.099010464865719072e+00
9.162391089631508834e+00
9.344470474858598052e+00
4.807168588953033783e+00
5.638949704369069948e+00
7.776581480764926724e+00
8.827084783750843044e+00
2.777895080771265235e+00
3.631138955017505499e+00
6.312246643285596370e+00
7.726131053237769386e+00
3.588916176016760939e+00
2.967915492440243774e+00
6.440004727060696155e+00
3.095007599312443958e+00
4.881677674119544452e-01
8.700916052820444335e+00
8.693068278497541712e+00
1.585555131625006053e+00
6.702894434154721637e+00
5.204969047077244504e+00
3.383318127091322403e+00
4.249503702143836215e+00
4.174155111583967681e+00
7.801937227497028893e+00
7.167078568853861853e+00
2.032927612295929443e+00
6.689085753990102745e+00
1.534369387626776104e+00
7.900146251118264296e+00
1.007699005251218027e+00
9.392776023520365669e+00
1.799131699166169884e+00
6.735182095278046788e+00
6.286978183485030236e+00
1.328973726547078016e-01
8.391004659179898795e+00
1.532990448172152353e+00
6.036005011160460398e+00
4.789398336751306218e+00
6.499582108104630329e+00
5.034564455534844996e+00
7.681650236715409363e-02
2.799960061662953859e-01
2.773139750392129343e+00
8.351058958058384718e+00
6.449664337831762850e+00
3.879391034072639854e+00
3.389818619516570486e+00
8.553828733171917165e+00
4.750265229977006953e+00
2.446214920280569416e+00
2.393380658706727449e+00
8.913631479733258089e+00
8.279855128532963349e+00
2.651834040863426445e+00
6.547343903147798017e+00
5.924661110248274021e+00
5.362198541215335013e+00
4.583629983722039114e+00
9.609696083891838825e-02
6.905825693331431481e+00
4.422971549822911186e+00
6.935367292345921975e+00
4.735047011546895668e+00
9.001650881274661842e+00
5.414371575331518471e+00
1.341549872126298615e+00
2.154571622693476129e+00
8.129276350807931095e+00
7.907686685142603089e+00
3.224113203320291277e+00
3.605898205460889017e-01
9.032293798567906151e+00
8.910469877195700050e+00
3.787591686977189731e+00
1.166705947656107023e+00
9.815799370007752600e+00
9.680504901676878049e+00
2.915962858121118551e+00
7.099611174971372840e+00
2.664333374906774132e+00
3.230862077358118700e+00
1.197404969366588912e+00
6.361004015027127423e+00
8.555599410448056830e+00
8.881744185964905114e+00
3.476855405080611305e+00
7.693528175008711223e+00
7.103530513240253086e+00
1.473926107736068802e+00
1.387070211082130911e-01
9.241653439925649138e+00
2.574187372549761044e+00
2.978387053935334983e+00
5.288947332517367705e+00
3.712737777243562132e+00
6.600593128372239882e+00
5.939408543844285404e+00
3.002286867873189546e+00
1.294077107764763923e+00
2.850152703017310163e+00
4.407510473124593986e+00
5.582274247279075396e+00
4.999079516616633523e-01
3.174044735403984685e+00
9.391929832474264828e+00
2.203851409668657890e+00
8.429610808484586215e+00
3.717324970608038015e+00
3.406713074373119987e+00
6.325769697160041005e+00
1.997026949687609187e+00
1.746049871385862984e+00
8.283588342986657693e+00
6.768341702764243628e+00
1.319867323614467569e+00
3.410086647533075777e+00
6.340268123429041225e+00
3.951451680430557722e+00
5.831341620210226395e+00
6.310203214794412929e+00
3.063421350774638618e+00
9.059370076391298099e+00
8.008962571758562632e+00
6.148117092002235218e+00
8.937565101109290921e+00
5.348717990330857042e+00
2.539911296527740170e+00
9.859284034833757815e+00
9.079338395889894997e+00
1.446542382793923887e+00
8.502716817178512798e-01
1.830966544240786309e+00
2.852736458648870155e+00
7.393672139299027002e+00
4.282373782121295935e-01
4.054961893180605514e+00
6.675568678366009756e+00
7.646623346667167809e+00
1.853409222310127280e+00
3.287298248226520947e+00
1.620359614887680877e+00
3.988079280689612816e+00
2.012293007757446350e+00
9.013312904632876155e+00
3.799972179799077310e+00
3.789561800032299477e+00
2.566714863848424955e+00
8.937896034874944107e+00
2.498819807265395543e+00
2.097122336138425247e+00
7.919511773802013543e+00
7.987748452354383133e+00
5.683797504693038682e+00
9.855636474717305973e+00
9.527232432673994111e+00
1.928062215691546122e+00
5.834954496164874271e+00
6.193443336281373668e+00
3.492452264341170398e+00
7.481914984091639020e+00
2.234072706702054933e+00
2.448539373662224961e+00
3.983673234637403748e+00
3.118939851101056870e+00
1.966332112122387565e+00
5.918873237064738113e+00
2.000225847539774726e+00
5.866452917129335809e+00
3.317679833502272579e+00
3.045954478367776108e+00
3.516151317506283291e+00
2.134150500722342692e+00
1.346262802484350374e+00
5.562324591175604738e-01
6.507815563186454710e+00
1.332397229459506560e+00
4.986989075049477194e+00
2.115298074784635052e+00
7.989937056090674616e+00
5.437537675544455773e+00
9.141841569270766854e+00
9.387447518405185320e+00
9.877717108766431053e+00
4.965903445185749554e+00
2.859353598868608071e+00
4.541090663291730500e+00
9.455982188504613362e+00
9.700505494991302768e+00
3.996352100581073152e+00
3.053961171999337587e+00
1.182348215827986326e+00
6.500027282735173273e+00
9.331350194437382228e+00
1.145835764245569655e+00
1.387890809502173584e+00
9.697759558549648773e+00
5.346219736505450015e+00
6.099968683483431242e+00
5.473771012102320199e+00
8.492091375712304213e+00
1.097330233712248138e+00
9.738200312806133851e+00
7.779261455458452712e-01
9.690134724379982245e+00
2.515678465344074688e+00
2.431921530664311604e+00
2.708358795973249133e+00
4.935454339896875098e+00
1.702040842827454714e+00
4.264060679307829282e+00
1.581987446441137646e+00
2.129762519201130466e+00
7.192870865307416040e+00
1.573769583958491980e+00
9.056932734169574672e+00
1.807361608696838040e+00
7.091170438543303867e+00
6.420485121377149440e+00
3.555626755271312778e-01
9.404391121092880113e+00
1.350045556210444087e-01
5.866119886043312803e+00
5.140086257129937941e+00
6.684695230335329086e+00
6.226212028265120324e+00
1.882118123706341128e+00
1.134328986266537331e+00
8.634592957072955599e+00
8.569752868586066885e-01
2.273444068624285386e+00
6.455961156986526284e+00
8.929781270266334836e-02
2.332860674476489038e+00
3.061986620319814278e+00
8.897360545560717426e-01
5.559825049933041718e+00
6.481926973816579896e+00
1.578298611477515490e+00
5.043478454889497087e+00
5.665259485116125315e-01
3.548020372048688031e-01
8.224816081210649443e+00
3.456787087262203073e+00
6.739727427758693601e+00
4.176703926550042745e+00
7.180265623189148627e+00
4.514604061259462675e+00
5.994340722601645410e+00
7.639184606784127141e+00
9.796802174892683013e+00
6.333725805372242945e+00
6.258476532453325802e+00
5.924929337654694095e-01
7.192534162273140907e+00
9.866837387543066384e+00
9.053483887204453850e+00
6.708535235370705507e+00
5.126629153027550956e-01
7.334308002641511059e+00
8.980691459212469141e+00
9.258261994608265155e+00
9.513017674149400804e+00
3.760302610971545612e+00
5.287144489855450047e+00
2.972664913626039684e+00
1.845503757999775729e+00
6.971010630278451359e-01
8.485554393478986768e+00
8.558835622148430744e-01
4.535479719530933984e+00
6.725562160673065115e+00
1.696006715979487822e+00
3.602094810764365995e+00
3.868367135453743000e+00
5.386121990750353028e+00
