8.913538411685205887e+00
8.455536311704127783e+00
3.335025292614170134e+00
8.752085645369492184e+00
4.018603545382685382e+00
5.957592644740829613e+00
4.963259208359326102e+00
4.711075470532453124e+00
7.409403161714082309e+00
8.485183907306613094e+00
1.002521658300324914e+00
2.346975452160439346e+00
4.599944010092648305e+00
2.670215857916573565e+00
8.157460111161459082e+00
6.872971347217307070e+00
4.851941417510539090e+00
4.250382651975790793e+00
1.925167032671292189e+00
8.548720092936452630e+00
2.554043374857171145e+00
2.366800931841381850e+00
2.624641076426582842e+00
5.200867792728280037e+00
7.812923641434979416e+00
9.799958736234584578e+00
4.198661451561540581e+00
7.290729791960110617e+00
6.214269607560424014e+00
3.614924154274690160e-01
5.507925748242170627e-01
2.318948636304681621e+00
6.589260928440419995e+00
1.667634189254348920e+00
7.768564783497956761e+00
8.924345415137466375e+00
2.060659489157851354e+00
6.495537606743630121e+00
4.057290541672652573e+00
4.188503421236070778e+00
8.226240369794634688e+00
4.430421327483299976e+00
1.023349274751644833e+00
1.356005909575688229e+00
5.768551645466243549e+00
5.261663688830019225e+00
1.845470725945821400e+00
5.863348849014204944e-01
1.089296550073300951e+00
5.701421313592859086e+00
3.597762849992320877e+00
8.068351472886186926e+00
2.123260252377868973e+00
9.553869671540434538e+00
6.736853061531284936e+00
9.942594705186657222e+00
3.410531062349440035e+00
7.654861880146509812e+00
1.569648141799703245e+00
7.982584422113392364e-01
4.118879669018110867e+00
9.026605816465384180e+00
6.581552018370173229e+00
8.909310905124760538e+00
3.480812033161857499e+00
8.073123497635556589e+00
3.071381501184050400e+00
1.819320780230904155e+00
7.640701744892020919e+00
4.266946483826917991e+00
7.388329963165729541e-01
3.941314066982180897e+00
5.907201341995891752e+00
7.004741282829037630e+00
9.172193958816674098e+00
3.396132048821929317e+00
6.996566542777386211e+00
4.723755906743857480e+00
6.568052098565887675e+00
1.781620708723647972e+00
4.767458830676685189e-01
1.447922509308982031e+00
3.189544391667510581e+00
3.910388058052788551e+00
5.555252486898022646e+00
8.834100569434005124e+00
3.906198339687083632e-01
5.381793060175424692e+00
8.059799510424717539e+00
5.830564734461866294e+00
7.146350729402733748e+00
4.966458548675467544e-01
8.190682998023696371e+00
3.368218673226519577e-01
7.181055139728634629e+00
4.931666413324883536e+00
9.582588500368524720e+00
4.604920619532448800e-01
1.145504218097508353e+00
7.595877775465009307e+00
9.457212327784546346e+00
3.731725462186297193e+00
3.858005565684972105e+00
9.700014215574709553e+00
6.887855010466427785e+00
5.547750159559558192e+00
6.213724020650906787e+00
8.781646179800247864e+00
4.622764739334913386e+00
9.361005502761877040e+00
1.108446446820857689e+00
8.623610725867944637e+00
1.083606827471429446e+00
5.183928465319177725e+00
3.749098632626843841e+00
9.900498773343876735e+00
2.426580287302655403e+00
1.884910824396346385e+00
3.532605623405498108e+00
1.664160721271940035e+00
5.786251184750101917e-01
5.799017547064773126e+00
3.666147128132405619e+00
7.155316287568319389e+00
5.798414714819676519e+00
8.873467170191787545e+00
6.238009030873435279e+00
9.794768720286455732e+00
5.863786783204005815e-01
3.336777185969807213e+00
1.596905291571653063e+00
6.061110107167296590e+00
9.375973508251787436e+00
9.262138609431724845e-01
3.641021087927003297e+00
9.519628577326177066e+00
5.189815430772157789e+00
5.682155648997756714e+00
3.313236933787486738e+00
1.985818718653953319e-01
7.125546384063073724e+00
7.461740318983389741e+00
2.723199009064463993e+00
8.339193196658449381e+00
2.447986413068067080e+00
8.907413870827200597e+00
2.023908476438678328e+00
3.759410108198396827e+00
3.773979872154301418e+00
8.676530848534056872e+00
3.217900524015199437e+00
1.447114172413526134e+00
9.418987453201278726e+00
7.081985509424079339e+00
2.149282710957711728e+00
8.687848265699605221e+00
5.839105811857480788e+00
3.716261560919627005e+00
7.876238539488262802e+00
7.947494776279814488e+00
6.410233459110877163e+00
2.042170561564514486e+00
1.507772944421873484e+00
6.082510720406203220e+00
3.023774190355210667e-01
8.296326256566850077e+00
7.869099732713678463e+00
1.264512725467392684e+00
9.233261883768127731e+00
1.098336173404479421e-01
4.900547084861458735e+00
3.549034721921939806e+00
1.842303304718718726e+00
8.911814945062454640e+00
7.374568878010234751e-01
8.706364251961421274e+00
9.653256068586561156e+00
3.472098457006612904e+00
9.350380777034354551e+00
2.973354162730271533e+00
4.297878695163907636e+00
4.312386488034807286e+00
5.357592986518552536e+00
5.112954814335805231e+00
7.569326650096624753e+00
7.120659915588674949e+00
3.813007177742547604e+00
6.850075657150696884e+00
4.878464049989556628e+00
2.535764688117436716e-01
6.841349414283769192e+00
7.594342815439314442e+00
2.768445542205062448e+00
9.643415607588444516e+00
8.681144577951783958e+00
8.736057792613026507e+00
5.395670243061839955e+00
8.847561300902176740e+00
7.751346813744746989e+00
6.791280995958183908e+00
4.547166647089301961e+00
8.783958190425835255e+00
6.795458995420799120e+00
4.254587443622344090e+00
3.109298497362964486e+00
5.862590108347930595e+00
7.960406567444503700e+00
4.967765290532318190e+00
3.712142633233023403e+00
2.040737548722103334e+00
3.186929214263818366e+00
3.998165105420796728e+00
4.519042683844186392e+00
9.372979531331253611e+00
8.162273467015467077e+00
9.796480584943410008e+00
7.139535669227992098e-01
9.502817367496689371e+00
4.826351519892641662e+00
4.429679691800036956e-01
7.733167882228135781e+00
4.235778902937461510e+00
8.584115920285205092e+00
9.683658959088424112e+00
6.695680993958818661e+00
6.840299363288346868e+00
2.636098989043467178e+00
2.296529271023328711e+00
4.936291113856689172e+00
1.379499590244559482e-01
5.917092798058416037e+00
6.685055377125921794e+00
8.451051023365344861e+00
3.775140364506859303e+00
9.137725515861028214e+00
6.561058056568841224e+00
8.637549173147050396e+00
7.473345440359642211e+00
4.256767394401842708e+00
5.526555744782402080e+00
8.410103224791644294e+00
5.649323396520598450e+00
3.445288692564113298e+00
5.889945135404804688e+00
5.268611763170881090e+00
8.068885943744996680e-01
8.228213711408022490e+00
9.741678995134849472e+00
6.859412107168716410e-01
5.764384535612883553e+00
1.627600858879775236e+00
1.695382587832183763e-01
6.366006047141437030e-02
4.018079688904818703e+00
3.152688234636983111e+00
7.424853043144996612e-01
7.742905871990279465e+00
5.945029170862289547e+00
7.161461022574825641e+00
7.692618543802121067e-01
3.442150948902352958e+00
2.784605892315354048e+00
2.880238509539398972e+00
2.957053076981783768e+00
1.233328863688307742e+00
2.755467394087376398e+00
8.764330511918279498e+00
6.679566760504325629e+00
1.058959717393825883e+00
8.947471147815118542e+00
4.031704644848629115e+00
9.051114298463689423e+00
8.651654075311173031e+00
3.421890505799016768e+00
9.678513410693991403e+00
8.495895505279564830e+00
7.071499094428391530e+00
9.149476985380978533e+00
2.286214765404892546e-01
5.879112768458308658e+00
9.395014308338527798e+00
2.672189980805896869e+00
3.379665157361863237e+00
9.437151251680170105e+00
6.610136605663312181e+00
3.769951803720328343e-01
4.106510124103289527e+00
4.011372539331665266e+00
1.184103437046604146e+00
7.629651430638166865e+00
8.632890683117853570e+00
4.038902541596058882e+00
5.626461801911853300e+00
7.745907695587735731e+00
1.989436037128174961e+00
7.773085791974983394e+00
1.420452152959778003e+00
1.161621473821311534e+00
4.544378063964119363e+00
6.295802845058781294e+00
1.063471636858055458e+00
4.704494922529805834e+00
6.459347860803630326e+00
2.187613595109692000e+00
3.548712892645735639e+00
5.026344387911271028e+00
9.479832803221492910e+00
6.458517072430303152e-01
3.072918599550579444e+00
4.027912743051481392e+00
9.137589961796301452e+00
8.772273265349092242e+00
6.523749890219251668e+00
7.072573283563482249e+00
5.461429472842250554e+00
3.816376086967943060e-02
9.907497343806893397e+00
9.535402814991204679e+00
6.322104069524799641e+00
5.207041402230426996e+00
9.840660516376980027e+00
8.882605389976699684e+00
8.008960006600737813e+00
4.896682423045466415e+00
7.919075390644642276e+00
9.919201464125496415e+00
5.996959069022929079e+00
7.723777843034299373e+00
6.709159196249847579e-01
7.413890253694380483e+00
1.072326766119692243e+00
7.374846843332988122e+00
6.670450617172564378e+00
6.202363609519138343e+00
7.146372986893537060e+00
4.489516018977324663e+00
1.813963423545228437e+00
7.047046171718998053e+00
1.928244024594338857e+00
4.499900329519280540e+00
6.176039385491795208e+00
3.488823075794076356e+00
3.540075120939132347e+00
8.357569582236401562e-01
9.942750324726590261e-01
2.532273962408075896e+00
7.966871948437347584e+00
9.228673508498470568e+00
2.972279683766591241e+00
2.950168314598882180e+00
8.592006913206052587e+00
4.906450445151837592e+00
9.600157780273651298e+00
2.832157754982453923e+00
4.526770828815829262e+00
3.607823633163653732e+00
1.742609448524101712e+00
5.959298652380486949e+00
4.037940988219932414e+00
6.967445434825259021e-01
5.761161411602444105e+00
7.174479944601474202e+00
3.453793268176801323e+00
9.685548188626821542e+00
4.032603769445337605e+00
6.686864689432129083e+00
7.936532686329903719e+00
4.469859279009681607e+00
7.545445744100377716e+00
5.896325552088775623e+00
2.564195977920198377e+00
4.202479780986339009e+00
2.082855239450374096e+00
8.452938495731046942e+00
4.704523498435098094e-01
2.499338179903352053e+00
3.882678795972021923e+00
9.082728200691242648e+00
3.677629988170860731e+00
9.690215700993409786e-01
3.399229193408372929e+00
5.626038393118998115e+00
7.120867091856761810e+00
1.414361359736659995e-01
2.848280922118830993e+00
2.273122396372384557e-01
6.998864451786150020e+00
5.468750120647614121e-01
1.284509998072483894e+00
4.163330371880049618e+00
8.173746010515111848e+00
9.981891054834401089e+00
5.710883349210512883e+00
7.360789870241426058e+00
6.193333920828726136e+00
6.692809382672376906e+00
1.110399903666060561e+00
4.516532440737364595e+00
8.097693149475656327e+00
5.297112714978370107e+00
6.781610108956871663e+00
4.631571221101910218e+00
8.879156512556342307e+00
4.234688640907404711e+00
1.906290189580884809e+00
7.682201129935821271e+00
1.616265086219403901e+00
7.103461449831827146e-01
3.154735342504746409e+00
6.793703586442232378e+00
2.889465365648076212e+00
8.477924831831373798e-01
3.278317820097087498e-01
8.884740298969919792e+00
3.546464010874199602e+00
6.779518112718394107e+00
3.733770696735255967e+00
4.061190621252816157e+00
5.876912295381508500e+00
3.866406228143791424e+00
7.274237917713833212e+00
3.277475362697057637e-01
6.969460995070141607e+00
5.524824877226075515e-01
9.048952351647717052e+00
4.661030125623830678e+00
6.603615332897416756e-01
6.558805923956597894e+00
7.755533299496288002e+00
2.803354029903692979e+00
3.395087137394112720e+00
8.596926348655655303e+00
2.756036237218101093e+00
9.581089481292465848e+00
3.194842479758905895e+00
1.335309098367977176e+00
1.445080124352633444e+00
6.585833086662208125e+00
2.213876012433125595e+00
7.928367871087017349e+00
2.603129812239649787e+00
9.713811733363954204e+00
5.465018970262559783e+00
8.282640101387968912e+00
1.041547196256396024e+00
8.512932934636799231e+00
8.710272120903431059e+00
9.322515222135791646e+00
2.257879357251229013e+00
4.861576901529554462e+00
4.234092194767524742e-01
2.973425873392330221e+00
4.387616185121494539e+00
1.515267921153964359e+00
3.243676788298547109e+00
4.828240014681469461e+00
4.080178016944856267e+00
6.960006657583221568e+00
3.168269437601539451e+00
8.899389077791255431e+00
9.676500606003330063e+00
3.899237145781435654e+00
8.202595564750254198e+00
6.019934256765270497e+00
1.463966262634619486e+00
4.315972202544066327e+00
5.633436508974265067e+00
7.012629583914280929e+00
7.497248880414505656e+00
6.955605293988985416e+00
2.141266514182038616e-01
7.560897881076962257e+00
3.963990830297907664e+00
6.991619784336120524e+00
2.036747506614282610e+00
5.018905248545014075e+00
5.142789493613664220e-01
3.374466271232367198e+00
5.789574336699265800e+00
6.765502681285155973e+00
7.348370635040339494e+00
2.464023065222205044e+00
4.532789169554979125e+00
5.367752434598255462e+00
5.569058146383220276e+00
8.096094817369595020e+00
9.458654414164481494e+00
8.438070435179923834e+00
9.291567289330924240e+00
2.500334581165508663e-01
3.040876596268246246e+00
2.897568764703853716e+00
1.758464387924401073e+00
5.634568725359223151e+00
7.323456582731664000e+00
5.661719064458642592e+00
6.117631025481893303e+00
7.165112174548038393e-01
5.042726527779171519e+00
4.105236331851683573e+00
