5.333890208825411428e+00
1.232619827631109555e-01
9.365888774475834566e+00
8.941018623866014536e+00
7.761961648820153492e+00
8.686426813310580641e+00
9.926440646995748907e-01
8.316620882631267975e+00
6.755026619564161727e+00
9.420887431789287447e+00
3.849102344272603560e-02
6.331177055978774781e+00
6.292106372672568781e+00
3.883408648339896629e+00
9.462896542627110108e+00
1.148465131553716434e+00
2.303957564276731595e+00
8.473557648108981155e+00
9.505263225404185334e+00
7.794444043615352591e+00
6.024827097429713341e+00
3.544256620383487988e+00
8.281143715673177752e+00
7.923651868615819716e+00
7.216161549837607936e+00
2.051692630715598931e+00
5.295589572854009219e-01
1.329026600138311087e+00
6.490043511379707475e+00
4.826059610360510455e+00
8.883478104435555522e+00
9.161294235039063594e-01
8.722923681842013721e+00
9.643848016674796852e+00
4.528623272519272103e-01
9.871880365933080270e+00
2.230667713716187883e+00
2.666601434222327427e+00
6.632986984910082207e+00
8.845008980850488367e-01
9.237736864896828326e-01
3.054523818470654462e+00
6.366846913547806963e+00
1.143304139255431062e+00
3.106604347035879510e+00
6.460238109240340698e+00
1.354717578330832950e+00
4.433803114731941442e+00
2.154798216062260074e+00
6.771178648443399339e+00
8.479048883684283666e+00
2.592173130585868623e+00
9.534077328674682050e+00
8.121761173612449980e+00
8.492798896277548693e+00
3.297824553138596571e+00
3.311603452754405819e+00
7.005390189749092222e+00
1.037878267373376628e+00
2.406838708345993005e-01
9.147242478459000736e+00
6.031739711167237949e+00
6.970738979305846961e+00
3.403844732049343680e+00
2.128029093977739983e+00
8.140551388202627692e+00
9.168032187113173137e-01
3.470320159667339421e+00
4.544612140097981090e-01
1.873160305823893257e+00
8.144505689559492723e+00
5.358509764284108634e+00
2.777928124646538155e+00
6.922268304011707230e+00
4.562913472833315609e+00
8.199957245601630085e-01
6.485200255572032280e-01
4.472788278967929188e+00
8.728709628731749604e+00
5.533194139984379589e+00
2.006285500812650113e+00
8.853368078061485846e+00
9.600406808733335851e+00
7.331003284061710090e+00
5.369996023802717566e+00
5.356590716867914104e+00
3.870239208850049017e+00
6.205684364918984119e-01
1.969295326018442038e+00
4.565612318257739943e+00
5.965107435124323843e+00
5.993551985426633699e+00
5.588419205953913504e+00
1.774029000765167119e+00
1.874872316860904942e+00
4.342771600511110108e+00
2.821677637698665198e+00
6.818664661243913905e+00
6.765297369193072896e+00
9.308353039191311851e+00
5.524364837544101015e+00
7.040929408471586548e+00
9.053519476450492931e+00
9.689371777109037964e+00
9.921651758992014791e+00
8.829657054150777284e+00
4.267100393792867763e+00
5.462424722646833430e+00
3.147396932907197353e+00
9.030764861851110936e+00
4.191684156452438970e+00
9.843828501834817502e+00
1.340698867152748663e+00
3.627409728911615616e+00
3.936331114317352942e+00
5.232174293403751619e+00
9.601965590544153883e+00
9.584885753380854467e+00
6.465221400626827375e+00
9.342633251658405413e-01
3.649507293093272597e+00
5.323609035803961831e+00
9.649319069756831624e+00
3.451697298975061834e+00
7.938997973445869327e+00
7.823832338126351260e+00
5.439323666599077178e+00
9.236588112537022610e+00
5.576132764986192925e+00
4.336938545694355440e+00
2.496006619433476459e+00
1.207377698208504935e+00
4.543960671657931716e-01
4.931140600544711816e+00
7.545024966564365165e+00
9.815640608996963223e+00
9.417180192820916673e+00
5.216085466885072464e+00
9.980241054647001064e+00
3.398391369360896697e+00
3.416498470776925256e+00
6.710359355715382002e+00
7.992996327439763959e+00
7.567634610779128579e+00
9.691464172438493563e+00
1.150280285204445807e+00
7.352570338694205176e+00
1.129561820440784237e+00
3.405430319112218385e+00
7.029577464040115409e-01
4.362168401157957121e+00
6.186916805580072953e+00
3.065110427720627584e+00
9.392458167823564352e+00
6.632985379264995096e+00
2.102355955814563249e+00
6.269750761359967228e+00
8.934896242780169473e+00
2.812857525303325001e-01
9.320159250026495812e+00
9.520851781202226860e+00
4.591253346915832090e+00
3.397146541205517956e+00
9.484932449605931737e+00
3.217148742787026006e+00
6.865990699279591603e+00
2.821836928624023244e+00
3.933094647013638756e+00
5.286875685655557433e+00
5.972608219864671497e+00
5.543758685760501237e+00
2.449855031886911672e+00
9.087267001966340629e+00
6.966048004262102467e+00
5.764014871760737790e+00
3.876224346525147801e+00
2.873547226472030758e+00
3.767675025943547418e+00
5.904945684498543734e+00
5.540860419252663149e+00
2.535365090777468300e+00
5.431166354650215133e+00
6.407159960099532370e+00
2.910943930744146257e+00
8.641173871726165245e+00
7.829184498373832568e+00
1.223506594777219458e+00
6.409324609119927629e+00
4.062744414667328385e+00
5.802644085785594541e+00
8.746406627907424181e+00
5.722489985663576917e+00
1.103909334887910321e+00
8.351295572531169498e+00
6.571777046686479551e+00
3.290200096140986297e+00
3.280548035846935218e+00
2.528049110682518474e+00
3.996794797711546110e+00
8.614261932557910839e+00
7.692991334586708696e+00
8.553237204900665525e-01
7.418373137409609797e+00
2.835988573391583500e+00
9.755743280693259578e+00
2.003968034772316553e+00
6.691505885103357087e+00
7.036108227975325313e+00
2.258290250148931033e-01
6.331552752804444850e+00
2.072989952066237596e+00
2.670756008538039961e+00
5.642011201897841666e+00
3.203186316429157188e+00
2.227172489459361415e+00
9.885116134041368241e+00
7.989490124171368279e+00
6.228344508882626585e+00
5.303755637934589373e+00
7.698435176427555149e+00
5.887145380990355115e-01
9.946268354236453391e+00
4.915728789455028114e+00
1.238039421066146062e+00
4.457285060964619738e+00
1.961843294303875496e+00
1.043225480067905275e+00
2.848324554437253742e-01
3.767705440215631807e+00
9.800241044399607304e+00
3.546232831789545514e+00
4.067118262388271788e+00
7.700828720346435396e+00
3.488988034124838045e+00
5.547600117432114786e+00
7.639893157040593685e+00
8.873755739308942125e+00
6.499343032586468727e-01
4.913249141574761225e+00
7.126162010621324150e+00
8.932764808061022244e-01
5.578268681768694393e+00
8.104581987479319238e+00
7.015994192798750362e+00
4.008794704068132653e+00
2.786806552254078362e+00
6.197113508007491944e+00
1.527577194210024691e+00
4.711328062311144649e+00
4.411995508763987495e+00
8.871166402444985444e-01
4.646092474055230070e-01
5.951214396364057357e-01
7.202800166509496727e+00
8.449357425883345485e+00
1.230368018480372250e+00
5.495735039985849113e+00
7.593892566505545005e+00
9.860390093296281577e+00
2.259034096396290714e+00
9.744273641101298011e+00
2.295885904433894176e+00
9.774826577241125136e+00
5.946760690035640451e+00
9.632094518459012988e+00
4.139703071948953372e+00
8.047620103138912739e+00
7.059174520615886905e+00
7.230501469244731361e+00
1.235017812034022722e-01
4.282299171823074069e+00
6.133387286564419227e+00
9.077458657557532007e+00
6.788531039252406529e+00
9.125530787972502278e-01
6.577890048262124978e-01
5.023932205207265689e+00
8.832223631642019512e+00
4.713968495570765249e+00
7.843120083665634290e+00
9.108784770150693433e+00
1.087182047651921168e+00
6.383447841402599465e+00
7.805777371729742953e+00
3.770554695800336642e+00
4.119803534898039743e+00
7.512192315127506959e+00
4.467199116541876514e+00
2.005051627569375050e+00
2.908912647687879272e+00
4.361123339077677130e+00
3.813070429236244951e+00
9.460501295215351103e-01
8.998712768960206887e+00
7.527039270849332553e+00
7.567567803966914752e+00
5.239837949799475147e-01
4.914949421446684674e+00
2.353406793785284279e+00
5.964929492725696392e+00
4.734086238090251086e+00
2.908885543441970256e+00
1.539924270432527775e+00
4.875556715430447774e+00
5.511880041815697684e-01
3.252305283988210505e+00
8.004127673383454322e-01
4.346909134273930775e+00
2.686147322377686386e+00
8.980409706193320574e+00
6.323396336214760716e+00
9.177757446198768321e+00
2.179318088410378884e+00
2.629883847647510819e+00
1.215430886366070107e+00
4.259162105549629374e+00
6.345709571008500305e+00
9.364743102788089857e+00
7.572249548178867862e+00
6.887319108955044733e+00
2.999987624623013716e+00
3.464386192630792838e+00
5.085591358017231833e+00
9.391130591779154102e+00
1.545540394406471618e+00
9.011049187558869633e+00
2.472816352565958553e+00
1.970676965159859906e+00
6.431124245142373574e+00
9.308024416583979388e+00
5.404795624530744913e-01
2.808903431966146336e+00
8.237203269273999595e+00
9.409968872846306454e+00
7.108940951936038033e+00
1.519830170261087243e+00
5.615035452795416049e+00
2.990223166306729130e+00
8.743886964306113896e+00
8.992526140377552935e+00
1.541349557361819667e+00
3.316969510368821261e+00
2.782703134386759203e+00
9.606423714469658037e+00
3.137163509855001031e+00
7.622593501031239782e+00
4.850485101483296368e+00
2.426374151446189842e+00
8.305102837976487962e+00
8.528910879056773808e+00
8.637517584189220443e+00
3.719263518558352466e+00
6.525140013966053587e+00
9.928015679351890554e+00
3.047932336573253576e+00
9.764079705933838227e+00
5.629643452649761848e+00
6.627991615964488048e+00
8.182358180130847813e+00
9.370404405306418383e+00
7.170625508783112778e+00
5.772689574544493496e+00
2.925199665334397015e+00
8.459014830591094380e+00
9.348742339960875114e+00
6.052251024847286054e+00
3.060947455006890472e+00
7.137938436625645977e-01
5.524160447699705045e+00
3.654499788982816799e+00
1.323769704169583949e+00
7.510781471290184363e+00
4.543450044080527661e+00
7.597598573158625967e+00
9.866721223281416098e-01
6.803203309889275019e+00
6.460686966260816178e+00
5.482199855825267143e+00
4.978142652660455525e-01
9.930236065334236528e+00
4.253314719901812868e-01
6.025595553880690680e+00
3.683796937749784561e+00
2.038652994818109576e+00
5.966840016536234970e+00
1.297273846905027117e+00
4.307708789951414374e-01
3.647451444000745724e+00
9.390432359622206349e+00
1.155948433142228726e+00
9.036353657163530784e+00
6.686520456014855895e+00
5.784279398738013889e+00
1.788703198383290172e+00
8.525688304947671270e+00
4.811249871824995417e+00
1.094204886211390670e+00
2.361068172383236963e+00
2.118996754005511018e+00
3.970681173956963406e+00
1.498157325022374531e+00
8.705887895853660297e+00
8.060738534369454200e+00
6.776010674939191958e+00
2.913134078078143396e+00
1.677787402695272156e+00
8.552209253553699764e-01
1.772905561461503021e+00
3.524863767098556089e+00
1.632800377364714839e+00
4.251991078530696022e+00
6.777477047470711113e+00
8.023387052949518150e+00
5.261731409028622686e+00
3.245500932520974935e+00
6.004146319808448595e+00
5.454818540162466256e+00
3.720638279442789464e+00
2.429432154762398710e+00
2.963090041486896808e+00
5.390797946437531074e+00
4.384666093380694463e+00
9.209734163949448771e+00
4.016737399855920820e+00
5.654758455437995934e+00
9.025838881147775439e+00
3.198031748464659429e+00
6.495172451002368952e+00
2.254687738318017498e-01
5.393455384416807163e+00
4.151883281357859445e+00
9.525117496228661551e+00
2.988578377382381746e+00
4.616626895371504169e+00
7.222924752598069098e+00
2.771797703178069394e+00
9.031801190759226827e+00
5.642069696920689381e+00
5.342125993027581288e+00
1.352323127953657389e+00
1.532109198579323373e+00
1.416126641601789249e-01
5.195523222465125990e-01
1.889887604416854439e+00
3.656395757130719293e+00
2.034040178203078142e+00
1.808698817276236381e+00
7.587687058629636105e+00
4.431241888641592297e+00
3.067822350753987237e+00
8.507491343054704558e+00
2.572631302787323548e+00
9.354028937186459558e+00
3.718121991666526682e+00
8.035359411126988149e+00
2.947095218738994049e+00
7.547558910825040712e+00
7.752568307445307560e+00
7.914585730449489098e+00
9.455298204681422902e+00
9.426674778089372708e+00
7.952597607096386412e+00
4.685604367585184171e+00
7.651685986224742386e+00
3.601885949286613986e+00
7.337699003375027118e+00
7.884634530058997726e+00
4.544984101894035788e+00
4.794472038926681279e+00
5.020314673568058161e+00
6.731073936516549949e+00
4.997651876138604621e+00
4.486614703033875440e-01
4.795743153347567400e+00
4.974542148004232445e+00
5.669211244482208478e-01
1.514720121298330779e+00
6.324222434381625568e+00
7.257362281443304752e+00
3.232812087700364323e+00
1.213998942347062071e+00
4.683911740294277593e+00
4.030521850447753351e+00
5.454331129071285922e+00
3.433936126288605895e+00
9.007276996997326535e+00
6.798094767293118679e+00
1.411820650030732871e+00
3.530000976758276288e+00
9.321777377655141805e+00
2.730708689138383605e+00
5.556157711050339287e+00
5.058247542177111811e+00
9.712687823957924849e+00
6.618916554020294107e+00
3.318327015210992492e+00
2.766890329628091116e+00
2.130716590638161989e+00
3.820895597870659355e+00
5.823903754827806090e+00
