7.875447661929662502e+00
1.062267347916150406e+00
9.564676904135252400e+00
8.908711732660036020e+00
8.094583800354040903e+00
5.759127831979609091e+00
1.994343820948358825e+00
1.832850765661797610e-01
8.370117602264631529e+00
1.753338056716228222e+00
9.478244617161456276e+00
9.654785059437864803e+00
5.364598679765383515e+00
3.607741588881265837e+00
8.101532294039015536e-01
1.198558480694920103e+00
8.446597735741653068e+00
6.674946689435349079e+00
6.135046009001326794e+00
6.977615289592930203e+00
9.752509973199789073e+00
9.886062977957223552e+00
4.123003382164043273e+00
2.528392584437244572e+00
9.932754726442958315e+00
3.074729181337406914e+00
7.697393791737900060e+00
6.014190628105410497e+00
7.392170563075264766e+00
8.880436875304972943e+00
2.402929504753244849e+00
9.963509456386910657e+00
6.259002643349172779e+00
5.000634736320281881e+00
1.245393950736543021e+00
8.887656196899378358e+00
2.248531479103794695e+00
2.373221856712990352e+00
9.110270188258717816e-01
7.100733802722304588e+00
1.402580186411900298e+00
4.418614198469979826e+00
8.122092318109924491e+00
6.451283645766642039e+00
7.005996582790384508e+00
5.738963685808152526e+00
3.024148225245752108e+00
2.723584413073985022e+00
8.544106446684232026e+00
6.230393587343648676e+00
3.610192918397206796e+00
8.073934666817153882e+00
4.849309848226082131e+00
1.381444367507603799e+00
5.944237815761459487e+00
2.465844939723131901e+00
2.290836986181359336e+00
9.591418111334746754e+00
2.703266188953328264e+00
3.015018985100246240e+00
1.445340348526691354e-01
5.482830474774173624e+00
3.986567441124475586e+00
8.324728095467733624e+00
1.253167476475764985e+00
1.720266715353089282e+00
9.401867160036381232e-01
6.943217151394639686e+00
3.514945438341563477e+00
5.761874495207766955e+00
5.864696699744382791e+00
7.295878164836377966e-01
4.575376680907354832e+00
1.410502959518823429e+00
1.084588523695805273e+00
3.206509799325309995e+00
4.349403115833890610e+00
1.335866785252068922e+00
3.725525532062592404e+00
2.655645951413633021e+00
4.575561035034347412e+00
1.369116823655127657e+00
7.121164545400485935e+00
7.090283559083902176e+00
9.971339893920731612e+00
1.851705206364140377e+00
1.377932344986573243e+00
3.801966836188206411e+00
1.161016662499541052e+00
4.780980756408755639e+00
2.427127634998511585e+00
7.574394026236369371e+00
9.871770564435999873e-02
1.019010993970520529e+00
6.562240460138678344e+00
4.505471508795030999e+00
1.926328097177892884e+00
4.596938490009041089e+00
6.022735467055484904e+00
6.587482010897941720e+00
8.556033767836911608e+00
4.048228185773502297e+00
4.010855354513699567e+00
8.653456751938332303e+00
7.293928655238107517e+00
7.990954939391333944e+00
7.713327211431977304e+00
9.211730282592597518e+00
9.713355127216775742e+00
3.534139678903019721e+00
5.321445378368846235e+00
4.991580936988313510e+00
3.988766187918541206e+00
3.646566347800623831e+00
2.482608536677242128e+00
3.946929494276617767e+00
1.944006628063821296e+00
3.350911236830909079e+00
3.033517840040768299e+00
7.087080959951840065e+00
4.151336161538030645e+00
6.265462768424686857e+00
4.854647748552865849e+00
4.047741407578265616e+00
3.828015799050665802e-01
2.368917112481105036e+00
7.905479739020408125e+00
1.799898369671415477e+00
7.118072990064306715e+00
9.290717398152917639e+00
3.352440421878868371e+00
9.248590376977352534e+00
2.917588760404653314e+00
7.363760201096594571e+00
4.995190015143794682e+00
6.263196207250634195e+00
8.565715964409761796e+00
7.931895148125837736e+00
3.672433711794806932e+00
2.017614885413760106e+00
2.570556763486538721e+00
3.498530307882916635e+00
3.337902716529481673e+00
9.587415206851822802e+00
9.603543603478074786e+00
2.061743730974966660e+00
7.953668459229101817e-01
1.499689154725364348e+00
9.058410656098285330e+00
1.118212570856302879e-01
8.594894891024841499e+00
8.119219115408057519e+00
6.695199524106554279e-01
9.408451460246347153e+00
1.910036310382169367e+00
5.449631166415208838e+00
9.655118901422209632e+00
1.399529851935223945e+00
3.623947884912204209e-01
5.270869495107191049e+00
5.476232865824019136e+00
9.881552057426750579e+00
7.212810610447406567e-01
5.146469407375490412e+00
1.393582154524282135e+00
5.431704336639853636e+00
2.099259699320864314e+00
3.429705867701305699e+00
8.473484360091482870e+00
2.516303569800232509e+00
7.890464512554546062e+00
8.151431414793066210e+00
7.745215772379698826e-01
8.354484228154587910e+00
4.074810171867881969e-01
9.844552072680517796e+00
3.334348675504121839e+00
6.597232276264514361e+00
2.362024680941858801e+00
3.167523173576233475e+00
4.894182611035084562e+00
4.864049944426596106e+00
8.003485063561573298e+00
5.084179193414565034e+00
3.577061049238341450e+00
3.288845118148762126e+00
1.865346241860291743e+00
2.724195098778574575e+00
5.630120352749265145e+00
6.424097064116077505e+00
4.072528740379945056e+00
9.061379081094989019e+00
2.819321846512390373e-01
1.346280549452406605e+00
3.330032703432206365e-01
4.985705170875773362e+00
2.661585439675965503e+00
4.440982438791097664e+00
9.334093468194312848e+00
7.672007971956395167e+00
8.666309292931858366e+00
7.656318570858657857e+00
2.221956076866791197e+00
9.296883161711619437e+00
6.541379162107298306e+00
7.736546077448646308e+00
7.216504519251650152e+00
1.795463089488453789e+00
1.977858692600009682e-01
3.748033927300185031e+00
8.220815231470727014e+00
3.172793183084732238e-01
3.162116209828601754e+00
1.681652174556591550e+00
1.962392160746375680e+00
7.290438534512079016e+00
4.034443901854460002e+00
8.427566469221736689e-01
5.729235875530621414e+00
9.057412494126467095e+00
1.757952653431615886e+00
3.929279319453142794e+00
1.086178361457428299e+00
7.489862744320683774e+00
8.502623761742317043e+00
3.406398106519604951e+00
9.165250738231492278e+00
5.435078124986146619e+00
8.605814327765010319e+00
5.007758354959374714e+00
9.331232944839127796e+00
9.465892970515998428e+00
9.717177426377292093e+00
7.497777787481503253e+00
7.756943370417859640e+00
7.379816548171769242e-02
8.819632498392783404e+00
1.706273571577023862e+00
5.506939059358336053e+00
4.146978518959318905e+00
6.677999929764010467e+00
7.715409537868134215e+00
8.459436558664050310e+00
7.202123714007981015e+00
7.402233102768818185e+00
2.504061108431879568e+00
9.857645513650148406e-01
2.022290776739072982e+00
1.110907473386082422e+00
1.555086544244901336e+00
3.584060141732124727e+00
8.274297147822542442e+00
6.608883855317974287e+00
9.077007330795410667e+00
2.949941637442990761e+00
5.933999171858372890e-01
3.819326391090263062e+00
4.803631529379073228e+00
3.375569631559904860e-01
9.163447883584780129e+00
3.368864726208492755e+00
5.907612943386309823e+00
5.775192773553761150e-01
6.752029517323418162e+00
5.299961305013898283e+00
6.896894611873615411e+00
9.306632617769421856e+00
9.975483555675667802e+00
3.258910100271077415e+00
6.871710984642142250e+00
7.347044453643203354e-01
8.839511130228114411e+00
3.121646087454225338e+00
9.376265948410933859e+00
9.523085203161501866e+00
7.207739207855983210e+00
7.335571534307794295e+00
4.291283579199728138e+00
2.222504215804335104e+00
9.541066844713130379e+00
9.461635905738383201e+00
6.101893891151866089e-01
9.905713512529315423e+00
4.716750517507416696e+00
4.922192527473229440e+00
7.464718531242233723e+00
4.867006429597192430e+00
8.083187250464421325e+00
4.580883520914047491e-01
1.285063204878745813e+00
3.908758100559122095e+00
7.501769550823697230e+00
6.063655700663513670e+00
8.219860765460325069e+00
8.781122182879435911e+00
7.005226650668721078e+00
2.057430591530562403e+00
1.088145958415421832e+00
4.612083039163251463e+00
9.439896589589132248e+00
8.844643545979309351e+00
8.088915154913138394e+00
8.491909979514714379e+00
8.030479885379548932e-01
7.688326017994961070e+00
2.695063636542853747e+00
5.503630575602072028e+00
5.460149002841397703e+00
1.489250421077620290e+00
8.566150574218454494e+00
1.029951955401393615e+00
3.833759919261412463e+00
3.749423851020627918e-01
1.489282437458994135e+00
9.097014093739792528e+00
2.535851326442868370e+00
5.308456273126981095e+00
9.449341623374314381e+00
5.143398569562837253e+00
1.979106292197004846e+00
1.443648085319255703e+00
8.591612993748206861e+00
6.858973315442872476e+00
2.785593588284638322e+00
9.870344837883624933e+00
5.587341724031256618e+00
2.038998356689027958e+00
4.230751172382175795e+00
7.500689792459493077e+00
5.056092991184747198e+00
3.028400803766246874e+00
2.115577236200780753e+00
6.214336883931629529e+00
8.505401728128941130e+00
1.503285886474043931e+00
4.186526108253456613e+00
8.167945337050086518e-01
4.866007293730735483e+00
2.086914648470892253e+00
5.607432631215560015e+00
8.362398039814499029e+00
9.318233311656319628e+00
3.723343388534695819e+00
6.164802175962730502e+00
2.278650967243142311e+00
4.862988609153519270e+00
1.149840780244341110e+00
4.416276361589966726e+00
9.416815111006785699e+00
9.524710257282873016e+00
4.524244319987895224e+00
5.163512578837905487e+00
7.251599560857662219e+00
5.127681066558827716e+00
1.589966362423911317e+00
4.121322828844520281e+00
9.742800946835368237e+00
2.378284949265505599e+00
2.861385108118881249e+00
1.549443890544807134e+00
8.984212028302172470e+00
9.969476890920253354e+00
2.469620092020194058e+00
7.855851696564977615e+00
3.982121220505498993e+00
5.166208833327945449e-01
8.015885645839965434e+00
9.109132152026162998e+00
1.702658465347941519e+00
6.519211688595259346e+00
1.825264360370656425e+00
9.279689650853622851e+00
1.897612799130556915e+00
9.824332385413391933e+00
3.575115671717604471e+00
7.795466951175207271e+00
1.395178262788610013e-01
2.719360516700450869e+00
9.466691595315078089e+00
1.749498312281634327e+00
7.483587808587397916e+00
1.645610279273707066e+00
5.356465139126598274e-01
4.598968287700596846e+00
3.549334282134550822e+00
3.188302524833241058e+00
3.504110453232325284e+00
6.337503804449622358e+00
1.571210073653876993e+00
9.100566706196071110e+00
3.983368879242235039e+00
9.933672659929307258e+00
8.105726265707740907e+00
7.790938828999919075e+00
3.232515608999237955e+00
9.963216304840422310e+00
1.051271049435920091e-03
9.334620527347569308e+00
9.787920632794401499e+00
1.386890010064034673e+00
9.768364025652887861e+00
6.527301182026507220e+00
8.634636095803024602e+00
5.215548218004748549e+00
6.845720360234675006e-02
9.001916969367917076e+00
7.402128408159685868e+00
5.360192650439821183e-01
3.574414672323196207e+00
8.606329687363968972e+00
5.155793999947811734e+00
9.806621786752788950e+00
8.100371351455775581e+00
5.445822604915344201e+00
9.846768884041111392e+00
6.955599565670507189e+00
6.015790521133604685e+00
9.669100707623369928e+00
1.107017010500912502e+00
3.223702894055416657e+00
1.354399882571677427e+00
6.641009306723406169e+00
7.917677668287527837e+00
5.885982332568389985e+00
2.007213820867147724e+00
6.086017017455277234e+00
7.089308508705952860e+00
8.913158784188858874e+00
8.980403938669404340e+00
4.962535082795234587e+00
6.586891792543008606e+00
2.396948632420908609e+00
4.298919947209844938e-01
6.175976238902549653e+00
8.290640830918508897e+00
6.584694183135758827e+00
4.863317399848659406e+00
5.173139905507678549e+00
3.073053457266538224e+00
7.152793962362430591e+00
4.319128111393995439e+00
5.728993850561414636e-01
8.285875857872410322e+00
8.802806025914865273e+00
8.748027944912836418e+00
3.705416203667712960e+00
8.491456954278932656e+00
3.944236659029844105e+00
1.487564352996240125e-02
7.064152260853925114e+00
8.984543136863896606e+00
4.587880952216153219e+00
8.592489450554397834e+00
4.437491835608917690e+00
2.656132660082191066e+00
9.140653262648793742e+00
3.015398502294993399e+00
9.434406887308604439e+00
7.956148516011662952e-01
5.135476096095421994e+00
2.875779346448086304e+00
6.245800784770726644e+00
8.396146025572836180e+00
9.409817710614884589e+00
3.000902502204549016e+00
3.370766483831590943e+00
3.874210350302410788e+00
6.523682493236856672e+00
2.340545597892120799e+00
7.011626906485645350e+00
7.598101466087436862e+00
2.955803378730090802e+00
3.508928640480140082e+00
4.078181448186883884e+00
9.804150400255073450e+00
8.604320848917579312e+00
3.201267148857737332e+00
4.811846758335508234e+00
4.982110511099588024e+00
5.022249566319976211e+00
2.144797195902647946e+00
7.959085726434716790e+00
1.472944458234887177e+00
4.683327393783494053e+00
1.510194337403536480e-01
8.925665534531654899e+00
9.027755877659750183e+00
1.342962459518959317e-01
9.157982907561723618e-01
3.718542606061054911e+00
7.885029273727467647e+00
1.296970245231656715e+00
5.042079090614812742e+00
4.335688713236574010e+00
7.192568394217629724e+00
8.227943916301592608e+00
7.535697828229114492e+00
4.277129534467177585e+00
6.266020487285083540e+00
4.632252954613376161e+00
