5.457564030364229879e+00
5.756078340359026768e+00
6.452645141085851854e+00
9.389029245965941683e+00
1.012912898983953092e-01
7.509704424053911254e+00
3.783832922237037266e+00
4.778315776641460566e+00
4.706396807046501429e+00
7.158635778799311566e+00
7.191122448491034547e+00
7.673011119144867109e+00
5.794901933816275275e+00
7.449981407594670202e+00
9.471648881818275356e+00
4.368842100397438699e+00
1.633480057520021456e+00
3.745757700101352228e+00
2.173841316689895109e-01
8.124664281417259826e-01
2.793778915986053768e+00
7.645567431330620778e+00
7.974254474843343488e+00
6.662584523713609208e+00
8.154617695468353133e+00
8.145985799123012683e+00
4.569900528914391025e+00
9.755567581515956377e+00
5.808448326482036350e+00
2.001364465419830374e+00
2.209682056169353093e+00
9.984537788106058187e+00
6.641939764442390981e+00
4.962027414526396285e+00
4.776126214073070919e+00
4.862771724452619182e+00
2.793771220002150280e+00
2.582192595725464557e+00
5.067974798205272080e+00
4.539969379255078152e+00
7.859678956929986526e+00
4.399060653120622000e+00
4.931862824551909164e+00
8.781560591202392629e+00
4.899153989132798870e+00
8.522003897489220492e+00
6.312513997750020422e+00
9.401749461016631670e+00
3.395971645417441565e+00
4.167136767940458952e+00
9.545113409815460415e+00
7.482874398814209904e+00
4.515018301337506479e+00
6.551220709509920859e+00
4.481324478522694221e+00
1.049374385718407909e+00
7.016235053082462869e+00
9.082219767268082222e+00
4.509901422305040430e-01
6.610615570594376322e+00
1.389344109725954013e+00
6.564764208092186415e+00
6.742962214065339133e+00
6.537582771893797329e+00
9.462232769141280642e+00
6.727334103685723932e+00
4.882930087357784998e+00
9.552786478562234507e+00
7.522965599469577658e-01
5.803904395805554728e+00
4.828544491643897096e+00
1.973554388410658778e-01
4.306303376643043634e+00
4.546388142731085047e+00
2.082160972922691755e+00
7.872349575114883535e+00
6.236562278627526545e+00
3.120605640998355135e+00
5.439522728709744737e-01
3.019102135311269031e+00
1.296123385586527288e+00
7.726263000877598763e+00
2.769165930144901200e-01
5.035353504404416203e-01
4.456152678923683830e+00
5.160089092370943931e+00
1.233122078213652051e+00
3.108743129977866726e+00
2.667356915442886667e+00
6.314929861248620213e+00
4.115988886003272285e+00
5.739663167131313415e+00
6.595886027728806944e+00
7.672862633554833334e-01
5.816144735061997473e+00
4.723679618977461026e-02
6.789539706444656098e+00
3.137353835453444706e+00
4.648734214341885718e+00
1.467288811848085350e+00
7.557046194261765493e+00
2.634007895115437758e+00
2.699200186918864208e+00
5.515543546318139256e+00
4.214209980828264257e+00
9.252145093893684447e+00
1.521622206959272194e+00
3.773016347559131844e+00
1.854941306915085519e+00
4.964776970849037241e+00
3.451172976057002018e+00
5.098471075821471743e+00
3.475466849932331570e+00
6.633005647002790717e+00
9.355778872634010312e+00
7.026313473154031541e+00
7.695788576970461037e+00
1.715521997128386378e+00
4.773893744908597192e-01
8.415443230272545705e-01
9.129398967464508630e+00
1.258057177419354966e+00
7.820984364055191485e+00
6.076144176559180821e+00
1.786502375094072281e+00
1.893231802928763141e+00
4.311071444655983242e+00
2.539214250999382028e+00
1.356313506122807100e+00
9.576635286579682216e-01
1.593411366487692549e+00
4.861335427043309565e+00
5.294363203952201502e+00
4.548191337762562014e+00
3.220095109886279339e+00
4.142343693913586034e-01
5.642174363790227076e+00
2.478361068719695304e+00
1.210849465529587610e+00
7.919186368714658641e+00
3.451480687386927482e+00
8.298516568588951259e+00
7.300373480750326216e+00
7.983453796586373663e+00
5.553273092190505800e+00
3.351301161653104099e+00
1.956193330133271235e-01
7.242334840031373844e+00
9.928919817831809880e+00
9.596945616688541847e+00
8.823456328328949105e-01
3.800688673619418090e+00
6.017115755426210910e+00
8.867951862781989547e+00
6.529185168384056936e+00
2.126158895168885010e+00
1.073167918392904374e+00
2.695190807506617769e+00
1.950437564711837712e-01
1.054851596131500813e-02
8.575356229020606236e+00
8.486229568312284144e+00
9.446560408444039325e+00
1.681601121411776534e+00
5.981074588615920895e+00
7.508981258870609743e+00
9.078848069665422571e+00
8.022701987058903583e+00
8.160574499775584911e+00
9.602536571318569969e+00
5.130147624913600879e+00
9.052119199405177952e+00
1.380280705129337537e+00
8.772953948860827467e+00
3.822073229210496415e+00
8.915444749180752027e+00
6.546502731614369353e+00
5.206435368593452573e+00
2.625661105472474333e+00
5.338778008353228799e-01
9.904736911104034647e+00
6.363878978703329636e+00
9.369524468232370396e+00
3.977281631160991537e+00
9.502281346367874804e+00
8.463153330440253974e-01
5.581074746857900060e+00
7.673230900288062983e+00
2.399247903005846894e+00
1.875165827853214617e+00
1.487387262131297794e+00
4.311611757415524160e+00
6.061440777755358056e+00
7.147646466283782196e+00
8.028411477577995115e+00
8.219870113078012963e+00
6.486944858659526858e-02
2.592456665174945662e+00
5.923374434015546086e+00
4.819837368558806290e+00
6.046318097812198644e+00
2.237355951438433355e+00
6.875007219703416439e+00
1.052548763249988584e+00
7.039154401204355871e+00
5.865134451162506757e+00
7.530395892141759973e+00
9.082996370754695903e+00
2.654774166025974935e+00
8.831894428088089555e+00
1.785147438257933539e+00
4.510092353508332153e+00
9.634104750004128803e+00
7.744788215414251553e+00
1.925372275606443973e+00
7.621414261047446459e+00
8.157768475229223881e+00
3.533433268231179980e+00
1.031228236330550274e+00
2.307608852633769914e+00
5.685187501584278991e+00
2.132935411872927123e-01
1.144416413214954797e+00
2.393046517639861648e+00
6.215126435974464236e+00
3.961590738433906633e+00
4.586824003386294812e+00
4.878375434683476009e+00
6.621647873094134162e+00
6.511002192945206879e+00
7.430861022750162803e+00
4.102601150374988848e+00
8.998893598875488564e+00
8.628279972962534572e+00
8.610569380897736380e+00
7.637751907407643870e+00
2.657925325574330699e+00
1.393023533538670922e+00
7.355504786573229481e+00
9.043641398529073783e+00
7.042406019739345879e+00
7.653543937857143487e-01
9.171615787677936282e+00
6.946321666648009874e+00
3.052676810866604917e+00
7.516744523460027416e+00
4.359842349272851969e+00
2.065308482406757129e+00
4.250618471022537648e+00
7.339058596753029740e+00
9.159201999891326551e+00
2.085120842432345079e+00
7.093835542023790630e+00
8.438109557441604736e+00
9.459625035112971148e+00
2.129752303982812567e+00
1.374706106490943824e+00
5.935838511090332226e+00
1.784658694919982747e+00
2.532260524231797483e+00
4.571075640479980606e+00
4.512221231505415986e+00
4.212604358926949288e+00
1.243321640908733317e+00
9.674629341456324028e+00
4.516448009965214005e+00
6.711781440398187470e+00
3.893192072296511874e+00
3.185893457959165787e-01
7.081509561323140467e-02
8.380074306416974039e+00
8.688790742467489281e+00
5.690015232742446472e+00
4.846449847797290822e+00
9.509933233999239732e+00
8.144869153136355067e+00
5.519088586106883021e+00
1.317332114651516006e+00
2.009756461466113642e+00
5.382339668974508662e+00
8.968238810525264171e+00
2.349967933817520560e+00
2.606837168367151847e+00
7.556814952737484603e+00
9.348222284088688383e+00
1.289130702133858275e+00
4.409208767757222702e+00
4.901756694534304515e+00
8.582663641153144951e+00
5.045212278860122801e-02
9.564105773814015166e+00
4.761899424204668385e+00
6.989348985206778941e+00
1.217659592869302365e-01
5.697957742908545065e+00
5.856071387795623195e+00
3.429736935337093229e+00
6.930249297587668167e+00
1.499316439273934431e+00
5.834415185433927675e-01
9.505677327412190181e+00
2.041702020322438749e+00
2.858017483743186204e+00
8.532023274610553543e+00
8.486758238376486574e+00
9.732895048546685857e+00
9.995378097500978498e+00
8.771225841258624811e+00
3.363845775080509526e+00
2.029424843525764466e+00
9.431576044521198909e+00
4.630831056346917052e+00
7.744862598276286647e+00
8.549597927868079594e+00
8.729228107496302513e+00
9.709409336122444500e+00
6.740213901303469868e+00
1.612703951618832399e-01
1.038667874928922430e-01
1.397226139722044236e+00
2.420251256445726806e-01
9.390884268457430295e+00
7.014118401500180067e-01
7.136470133922418135e+00
1.029125811910691635e-01
3.766786053610146290e+00
4.815794474645321621e+00
4.445039933508906138e+00
9.714673618866600080e+00
6.958809956989815859e+00
7.897331113103552624e+00
1.960198865059626927e+00
7.125665012620702399e+00
8.517429661792633055e+00
1.070996890716020555e+00
4.573231270821805694e+00
8.035728795796357460e+00
2.829706733552598052e+00
5.984434751275829356e+00
8.074588514830479014e+00
4.903997967121669355e+00
6.223068607123694029e-01
3.510870009751621001e-01
7.145629025280668678e+00
2.541276630023412419e+00
5.787743793239909174e+00
5.588064602025136551e+00
4.049366462308158887e+00
3.993960249602443113e+00
2.521282081571685207e-01
6.496767747310646435e+00
6.646711810705300039e+00
9.398408813913203375e+00
2.444745214229539165e+00
2.920497780111396047e+00
7.873733182023033628e+00
2.170185571096991950e+00
6.385542932503932789e+00
3.406222143232162658e-02
7.712565504778138070e+00
6.489919123637882592e+00
9.837344651371077831e+00
5.459205972591851808e-01
5.597312748538884719e+00
4.940897122446998857e+00
3.544610434471161753e+00
7.395596846770843058e+00
5.160928226178185252e-01
8.687099128016125604e+00
1.330131309883730850e-01
7.770424781857023788e+00
3.560627365075733408e+00
8.054561828638624021e+00
7.788271854265821581e+00
3.288050588534080276e+00
8.959569088713735141e+00
3.898721428746347861e+00
6.452389572016130614e+00
5.672881838920620368e+00
1.741840114734150013e+00
9.128781978385418938e+00
8.973792481366146490e+00
9.724754273702611584e+00
1.168899517947500355e+00
2.647177173201581191e+00
8.001583679628819112e+00
1.780423740902122853e+00
7.866307680415883574e+00
1.840017289301022485e+00
5.889402509429789490e+00
6.504953392869976980e+00
2.700629887960932507e+00
3.273393734500879226e+00
6.527016577818103293e+00
5.941961643157995354e+00
9.990751125679253164e+00
1.476664263988700654e+00
3.607008455024129923e-01
2.291835561100250551e+00
3.222511317580083468e+00
3.979952314148738068e-01
1.827769637424470073e-01
1.134660390811172981e+00
1.251767248783151043e+00
7.319545476196483769e+00
5.379638895491315687e+00
9.177198331498303219e+00
9.595750028123697817e+00
2.090915477209761342e+00
8.447258711139305376e+00
9.247691664275695445e+00
1.803055408322212783e+00
6.590928634492617455e+00
8.359492658232202444e+00
5.084027968480668846e+00
5.449323869731836467e+00
3.067608808576149926e+00
8.286413076932278798e+00
6.043254788972328484e+00
2.902445149308178429e+00
6.559640511699785570e+00
3.559807520150148896e-01
7.972411189117769581e+00
9.821508609907239062e+00
8.559042723285664067e+00
5.256278891298336475e+00
6.544716044552179035e+00
4.973079111890468695e+00
8.382614439469698198e+00
3.851682357031178672e+00
7.376832902271614145e+00
1.495313497677841497e-02
2.011561424961961997e+00
8.216073241296921736e+00
4.815081794294643558e+00
9.490803510301573098e+00
7.996915942545328448e+00
6.425944127944526407e+00
8.624296004027733886e+00
2.714466750355343017e+00
1.914364049275658619e+00
9.369081564687986585e-01
9.373190393756695826e+00
2.576365602633829077e+00
4.687996086568571918e+00
3.741852046185445424e-01
7.991852209417449338e-02
6.775736731744768093e+00
8.402578268562701069e+00
8.861917105445016318e+00
8.366759811565959382e+00
8.004956326494987451e+00
1.140099940752649088e+00
5.733280523825125208e+00
5.397219293423855646e+00
1.083884170330522423e+00
3.660472135050826026e+00
5.295973031571844736e+00
7.657791896254328101e+00
2.506895466275183004e+00
7.438654947900181114e+00
5.438370867164000089e+00
6.540131609153942982e-01
4.195578361122276334e-02
6.212354730981002326e+00
4.187286998458157328e+00
3.603826858023253532e+00
8.603165911260690635e-01
5.455549285079186461e-02
3.159457941795512426e+00
8.149565340287827198e+00
5.890452185319254852e+00
6.223887107117326067e+00
4.595102060965281510e+00
2.389546401229068806e+00
1.967249625335315555e+00
8.181804339899112932e+00
4.211929676505908660e+00
5.649928208358153903e+00
8.393122535330178380e+00
9.906589095990089078e+00
3.366112937601608568e+00
4.974415080690575142e-01
1.586071023089601351e+00
5.227790664996653014e+00
1.979832618798873511e+00
8.881245849178887042e+00
2.736926360534586156e-01
5.777489715946892979e+00
7.047453695130667661e+00
5.309475535258876278e+00
7.005832854654271635e+00
3.413522653887640423e+00
1.603269795366235595e-01
3.144809753631926164e+00
1.867994245797170993e+00
4.898783757701403729e+00
8.298385644393169169e-01
1.191452768680737462e+00
3.430805150872790144e+00
