7.375373632193998219e+00
4.534203509145818600e+00
9.708216686310453980e+00
8.232593843789693722e+00
2.048748564744018452e-02
7.788793984837446338e+00
9.076810624309350928e+00
3.712682861582496940e+00
5.682490508926400175e+00
6.370740034763922033e+00
6.020673057315932830e+00
6.625116406937063829e+00
6.884837551603981254e+00
6.439101984765361664e+00
5.161800232407220967e+00
2.545169426950286695e+00
1.973756656513842023e+00
9.890272760705377308e+00
3.083434826079262336e+00
2.910758385050392860e+00
7.903954431465114894e+00
8.032538129238819380e+00
7.456188138191567560e+00
1.227769445736406340e+00
7.568587946448102066e-01
7.831475100067526895e+00
7.414503727602425265e+00
1.505188107282016130e+00
5.800375431917686342e+00
9.621611115617650256e+00
9.487178326096504577e+00
2.737527981080703832e+00
2.991966392673728325e+00
8.998485512336232617e+00
5.507911717659952355e-01
1.505640551369121782e+00
1.011079928615504775e+00
1.944862846153989633e+00
2.927504458883714911e+00
9.843598212807286529e+00
2.197789034176894418e+00
5.463969990810398691e+00
1.992185566304682798e-01
7.216065005335060789e+00
9.560923103606040030e+00
9.045377860656170554e+00
2.850879884376242845e+00
2.560800132483870506e+00
9.791565194958925744e+00
4.605523728687549223e+00
7.731877574848756929e+00
2.857917387647864516e+00
2.999337219670015209e+00
4.633502641521104692e+00
7.597369770126994659e+00
1.568416018310760940e+00
3.333281234788532110e-01
8.178741335910370225e+00
4.364056108856657623e+00
5.170995131094756836e+00
3.952927582188316080e+00
3.465773867891996041e+00
8.046796393321697494e+00
4.389825749560890777e+00
7.668257072648473560e+00
7.024814014633803616e+00
2.801044101651233298e+00
2.195575305395793819e+00
4.239974660747670931e+00
1.625386554109672366e+00
7.077499850631876477e+00
6.519258830946345284e+00
2.064006233252749567e+00
7.456733950954619772e+00
7.523768954198355452e+00
9.357189834017455965e+00
6.309119470925821815e+00
3.713404360765401258e+00
1.556315124728524513e-01
3.326463551225220527e+00
2.797907768858616251e+00
4.917055539079733251e+00
7.447055226698049424e+00
6.702899418065704218e+00
8.070800205737336697e+00
2.410325026948390015e-01
5.168877629424968312e+00
2.737421085926640352e+00
3.356925795526568557e+00
9.643572804823627109e+00
6.102760771146646057e+00
2.756652629997872417e+00
1.589035762160175835e+00
9.442504629903954338e+00
2.683382863753775105e+00
9.057740262425276967e+00
1.367087869195058314e+00
6.270548179736997518e+00
9.392617684674997136e+00
1.678622452711289181e+00
4.242600800947848860e+00
6.267962295328219469e+00
6.040808600822349383e+00
7.814208808267199657e+00
1.465896505516309789e+00
2.401298601686068235e+00
1.821737720864491372e-01
3.310983348077685129e+00
5.933960557218558307e+00
6.611721152606683027e+00
2.144031024154458009e-01
3.253107417297291803e+00
7.757967357272662845e+00
5.659077896968878196e-01
4.701999624528903965e+00
6.101942866153877709e+00
9.627124123840957282e+00
1.605784828981663415e+00
4.102591468877285763e+00
3.432331223423725763e+00
4.451522371668569455e+00
1.457113529838943711e+00
1.287122323665780277e+00
8.411007174807789255e+00
6.507207331917904014e+00
2.712549270085859998e+00
5.265068663000428195e+00
5.599618976623785827e+00
1.347955495456518715e+00
4.202755958786052126e+00
5.376729518895352555e+00
9.484103824184970222e+00
7.697688363115843480e+00
7.064915186892687160e+00
5.875125690144000767e-01
2.341018221454539194e+00
7.165165611556142622e+00
7.233154536992881134e+00
2.010161577457848736e+00
4.473405947384709869e+00
8.485813936736297691e+00
6.599732713199840894e+00
3.941844572683609549e+00
4.901621381160794044e+00
9.364718175374239451e+00
2.232942843196743521e+00
4.301426767959921627e+00
3.801161564698233519e+00
7.939591966004639012e+00
4.291942657064439004e+00
2.823433208827865748e+00
3.458053886057527393e+00
9.176275270693052377e+00
9.548794884311003983e+00
3.352240987197144584e+00
1.575386351317941136e+00
6.206098126439275831e+00
3.153564203245082798e+00
1.017945486486759865e+00
1.883844128923035655e+00
2.137136472971428169e+00
8.229579882671229640e+00
4.967422193469119840e+00
8.638492335947420386e+00
1.226719475195335862e+00
7.456480595729598981e+00
5.606255440557255554e+00
7.080532200244014973e+00
7.523730059202913267e+00
7.435441131391055336e+00
4.423956052558515317e+00
3.373548710656721905e+00
4.495087027100913346e+00
7.141793200061270497e+00
4.389654526300067694e+00
5.208555750183152533e+00
1.347617804581313639e+00
9.558714895395391764e+00
7.557601049229193180e+00
5.070519453198181203e+00
6.656786220019994538e+00
4.233042730350855543e+00
2.299784483929307122e+00
4.011116912550067859e+00
3.978057791971523205e+00
4.434546304437256836e+00
1.638998080452032102e+00
3.630683772890503924e+00
2.639998659215522459e+00
5.619316176149027342e+00
6.902896750065359299e+00
6.185383984031396665e+00
4.102294103112313017e+00
5.672245225621770359e+00
7.208090406773396630e+00
9.432317361624782848e+00
3.321148866129899346e+00
1.006840010214825609e+00
9.922879932078688014e+00
5.329263488627242751e+00
9.689028365254468866e+00
5.517716186188742711e+00
5.894801620000398756e+00
1.739618561758622395e+00
9.151183076915213377e+00
8.512799399600446293e+00
1.832322091604499104e-01
6.661424273933142182e+00
7.048110387508396357e+00
3.522311526264157777e+00
1.685667460576349974e+00
1.068564331145882562e+00
4.027435624262883707e+00
9.155411484967419966e+00
1.916512611416648637e+00
7.850000362386696295e+00
1.889774980907910074e+00
5.170344185896419198e+00
9.491465930586738153e+00
5.186898697290831528e-02
6.037526335319867599e+00
9.137860924884634528e+00
7.517854593017066378e+00
5.053436603867789145e-01
4.572978879392614715e+00
1.423636204599176835e-01
2.035147773193792808e+00
9.192128118280717963e-01
8.951337539467761673e+00
5.712441850295441270e+00
1.340639253679938303e+00
2.272392948441765093e+00
8.065975335789740797e+00
2.919041305214414628e+00
7.026228912930666759e+00
8.069905542550371180e+00
2.730385405354331940e+00
3.676741183299527815e+00
2.885696397733938934e-01
5.601896156766912327e+00
6.901483582539444050e+00
1.545490059683207740e+00
3.567090962648462593e+00
2.701970800424589925e+00
3.144427429396535523e+00
2.803222232968738403e+00
2.733325631619178075e+00
8.298039963019030907e+00
9.770087697802633642e+00
5.613388298553192435e+00
3.786892070498877327e+00
6.211903522152335100e+00
4.416063513688927245e+00
2.448128793080417420e-01
9.096614627212598947e+00
7.703154028543051091e+00
9.272520015976086327e+00
7.492716061827437102e+00
1.783825618555698878e+00
2.691115141548370282e+00
1.824017258943542164e+00
5.363265218609470253e+00
7.993076682836811386e+00
2.737268777412772636e+00
6.814269744283175889e+00
4.215827628316484166e+00
3.720798134740316065e+00
1.390140946901048391e+00
4.777941315050659998e-01
3.235006066118883972e-01
1.109128594754356101e+00
8.562857127562921278e+00
3.797481156479147746e+00
8.642591103883603409e+00
5.902356407687152640e+00
8.024080405439399044e+00
2.379550587142817974e+00
7.023030477497551161e+00
8.787582849748432068e+00
6.120785221964702316e+00
4.621731252054388506e+00
4.236660476868933323e+00
6.047195817113399485e+00
6.683055392406389572e-01
6.676130307116504348e+00
3.676375993239719975e+00
2.346433408345769411e+00
4.377874172809258724e+00
4.718316868964011590e+00
2.090481394943290994e+00
8.103436246368696416e+00
1.357364874438683477e+00
7.217055221100663331e+00
5.722945319614000326e+00
6.956423073989311590e+00
4.087323403097902208e+00
3.315827192975340232e+00
2.615148280565431360e+00
6.562720763893453935e+00
7.438857196393415805e+00
2.672649558228664901e+00
2.329961206392332507e+00
5.069587287670961118e+00
6.086938316741145272e+00
9.595540434061682333e+00
6.405198162911292847e+00
7.026959155084425923e+00
1.824435246295056379e+00
6.655302890040034391e+00
8.352265925904379884e+00
2.365552757065264800e+00
5.772968743511634138e+00
5.321298772684443179e+00
9.616322201553421323e+00
5.762239207171523603e+00
8.500789892117454727e+00
9.137555666397567222e+00
3.394048135091507490e+00
4.387084008437332372e+00
2.511135891955740274e+00
2.425163313159766076e+00
7.563900726111713269e+00
2.895589506033597882e+00
1.625321255976285295e+00
8.036675346141779031e+00
4.707809978324364764e+00
6.543968168209306491e+00
2.483060513454003804e+00
5.278791174355119686e+00
5.412393280733819978e+00
5.417576083648816265e+00
6.684171737692381043e+00
4.102405824735676276e+00
4.078116545884115318e+00
8.874499957686954321e-01
6.268897539775854177e+00
4.856517704583841244e+00
6.754730879725624249e+00
6.562053865750741011e+00
2.130462195455891994e+00
6.477155326111370570e+00
8.576410424278851252e+00
6.851891051715574221e+00
4.836323801707397507e+00
5.715140444020181398e+00
9.899525414333108841e+00
3.167036171331920613e+00
6.881042402262512070e+00
7.283723229800250110e+00
8.123616323433635600e-01
5.070252676307270612e+00
4.338437369520338649e+00
9.575540588222176908e+00
3.642539675446879954e+00
9.144956542035169278e+00
8.889524776141954021e+00
4.195254731407104032e+00
6.710249390411719084e+00
3.523578792286963246e+00
4.921150753968697167e+00
6.199210002015416165e+00
8.659557783921945529e+00
3.324766316344782702e+00
1.163698958344538958e-01
6.632190940696710335e+00
2.445395138589102402e+00
9.469254811984157527e+00
7.868531517362939098e+00
6.391006776049056981e+00
7.190826111373915808e-01
9.397727851061588922e+00
5.486456373094395822e+00
2.891511187510065195e+00
8.259897036208442955e+00
2.855972723669355506e+00
6.687766187583759958e+00
1.168069005551891637e+00
9.603720500139230509e+00
2.740657994813260334e+00
8.697720660147558291e+00
1.121999599640080003e+00
8.477983456363455517e+00
2.827260316452492539e+00
3.457977102247731249e+00
2.507591770946211440e+00
2.049226774741448320e+00
6.649370948193437769e+00
4.000291813025771859e+00
4.660328307725274399e+00
3.405718607056810399e+00
7.782341215641790377e+00
2.611082373274643764e+00
2.870098200949744438e+00
9.253953378488873227e+00
3.885247274992918776e+00
9.071753780577485049e-01
4.729535263849359517e+00
4.636138158174896162e-01
6.356561751896256496e+00
8.085973847084677146e+00
7.824761388929458050e+00
9.762073116775425774e+00
1.486467437184773033e+00
8.269200637335011095e+00
1.022019222010084327e-01
4.551361964957527206e+00
7.912583155837424442e+00
4.255208237422232642e+00
1.864180269051363137e+00
6.817504290638355613e+00
7.147474441274555446e+00
4.063415848090047078e+00
9.033000229777403689e+00
3.382892177041437520e+00
1.072857342737806308e+00
1.896383885156210924e+00
4.794330345338758903e+00
5.698156846602731029e+00
9.642285247652811364e+00
3.826590660434789903e+00
1.337147914955074679e+00
9.189765100810344478e+00
4.359442655779063536e+00
4.944181241181238917e+00
5.807975787710289772e+00
5.807158413331129587e+00
9.133733154484868777e+00
5.080862300897966755e+00
1.612480081705079948e+00
1.496014750084165845e+00
1.235533904033816466e+00
8.804853006506887070e+00
3.675692558118837105e+00
6.316138099722099497e+00
2.663026798436962661e+00
4.510157508836111440e+00
7.355952020995431440e+00
3.596744240686181371e+00
7.164928776331191962e-01
6.956180520649754229e+00
2.354100558367630214e+00
2.504938079601942924e+00
7.046672906703377315e-01
3.275729235558795249e+00
4.543193493223487422e+00
5.669613400999857333e+00
7.866722858758930848e+00
6.398467459741880248e+00
2.023424284231004400e+00
2.753609478955076906e-01
7.877308456682912130e+00
4.404744903301676118e+00
5.360908860164958156e+00
3.737232072988960763e+00
2.514673243902477928e+00
6.460601805177735635e+00
1.699597988256867920e+00
7.505682824242083662e+00
1.287274781977804095e+00
9.809040046833739090e-01
2.898826892215095263e+00
8.105467102809145175e+00
7.549064643974157995e+00
5.156786688769909865e-01
4.459799257967017816e+00
3.132832538550264445e+00
4.303939357164187740e+00
2.542178742216751886e+00
9.414563629755079432e-01
7.140759593537511662e+00
3.571185346113399106e+00
4.300850934426213357e+00
3.386969034151388058e+00
8.336471856736334729e+00
1.916269903491842896e+00
8.341865421678535952e+00
3.410255801829210398e+00
4.938311381715410064e-01
6.830299138950327809e+00
9.180735747656104451e+00
5.860039581827789945e+00
4.166181293006140152e+00
8.024548855006628401e+00
2.240530644134419713e+00
2.677028686093225751e+00
2.162532369671864352e+00
2.365931681748748794e+00
9.428814233960569613e-01
9.323413665061170974e+00
8.091577078790459510e+00
3.999873077763115070e+00
7.074733996910564926e-01
7.987150566185237999e+00
8.227429329304095873e+00
5.828526754473997151e+00
8.679597047363472484e+00
7.960238540334620971e+00
8.192395182506162499e+00
5.207616145974841793e+00
8.748190099858184965e+00
