3.796529437195204970e+00
6.823404702227949592e+00
2.714970162113376162e+00
6.016929600263280165e+00
1.654895168236969472e+00
8.261051204937894354e+00
6.709754179740610169e+00
9.418738819070370027e+00
9.387619785318889853e+00
1.745454651901354737e+00
8.928667319428889471e+00
5.935213112015560455e+00
3.203774058050989915e+00
2.011036024130276267e+00
4.395980747907218600e+00
2.194837570635526980e+00
9.772876127149119796e+00
3.191105295035270295e+00
1.606171396364963755e+00
7.038783381260187433e+00
4.210425846253173177e+00
4.836766118778107248e+00
6.234291642933406763e+00
6.364789670134332944e+00
8.956404600674746419e+00
6.148882861714889181e+00
3.736319117217863361e+00
4.043421161887797766e+00
9.119434058185582614e-01
8.987003942185212146e-01
8.180684642305958931e+00
3.032671642055129180e+00
9.878780518560819957e+00
5.980229604126138909e+00
6.496625711230878508e+00
9.531434141289885087e-01
9.165923325560683566e+00
3.012759309665979046e+00
8.687443199985452225e+00
9.415592963859491960e+00
8.160591117793577709e+00
9.723280558715202915e+00
5.301236789592068455e+00
3.753577286610205732e+00
7.972051874105785529e+00
2.889212083672365594e-01
9.785344357504291324e+00
6.355479543882319504e+00
8.244415107170846468e+00
3.398444876601458553e+00
7.166282601059579704e+00
7.450875594383545852e+00
9.371942416844063928e+00
8.514255147903160292e-01
7.938882406039438955e+00
9.029221634579123190e+00
9.587264953891507346e+00
6.420360617576129414e+00
9.688440717778823430e-01
4.792359445034652055e+00
7.785564970346467994e+00
3.414877628057753967e+00
1.338224132294807411e+00
5.471574903083787689e+00
3.999820860025936398e+00
8.534806858100633775e+00
3.703358520652424435e+00
3.161848881421203128e+00
6.307050372092152024e+00
1.222232632861185442e+00
9.173472530627167387e+00
4.679077822270494291e-01
6.075096256640643233e+00
4.167444674621212375e-01
9.423168424525428577e+00
1.614817487002773166e+00
2.461134059069263191e+00
8.017749982821541721e+00
7.029831778839989553e+00
8.929518841189977962e+00
8.105620492415647860e+00
7.042809331794219752e+00
4.852671045213653223e+00
2.960228253996330938e+00
9.685756069450934813e-01
5.020499129584321096e+00
1.866704014196662875e-01
9.493517255187880366e+00
2.435941545390000407e+00
6.553502435071902887e+00
3.234059638553448135e+00
4.790726301401084797e+00
1.894919687319563950e+00
5.596728825188165501e+00
6.971125599724534716e+00
6.378584638228216974e+00
3.930704840173528947e+00
5.297063610300368985e+00
3.148768439647854578e+00
8.342558675504429644e+00
2.763164550405916575e-01
1.743050013119662456e+00
1.637143265545253357e+00
1.510802461736948654e-01
1.942987909021800519e+00
7.689912007413292727e+00
7.544467335741148695e+00
7.010177903835757007e+00
4.409723968913466408e+00
4.775248581764683031e+00
5.478808281543384950e+00
9.742444863956569279e+00
6.106102324745710241e+00
8.047245055010986192e+00
3.962778545200822400e+00
2.504753717774310662e+00
2.869041773066662859e+00
6.019705996968731654e+00
3.130835192673805167e+00
2.942523560317088283e+00
5.874465386189991811e+00
1.931764026752880170e-02
3.134322831318611335e+00
3.156322469996274194e+00
9.032159716585763665e-01
6.598684353648975875e-01
2.743138586247666488e+00
1.829451110836548544e+00
2.680722739637264596e+00
9.601294179134541196e+00
8.513582201416012296e+00
1.350672845710666481e+00
2.038087619339633783e+00
3.457140318375673260e+00
5.482256455957288388e+00
1.891713398147523151e+00
7.064170920323006087e+00
2.490670231562108761e-01
6.141340299768741851e+00
6.797490466286156163e+00
8.663307790463662172e+00
6.795564661026079811e+00
7.253384364615795832e+00
5.424657290100166840e+00
9.899903930169935862e+00
1.543312601704508458e+00
5.069608588188978970e+00
3.293911379604362644e+00
3.982350354811162951e+00
3.756428492602194247e+00
5.922831056815819117e+00
9.001593139284329581e+00
6.198185177280190139e+00
4.304696749364310904e+00
8.958574130428594628e+00
9.681322030491159580e+00
8.629086655182061083e-01
3.965815360648589305e+00
9.038839725276110570e+00
2.490415199913408095e+00
1.290760921845794940e+00
9.112597413570936666e+00
4.709332872948496451e+00
2.711793363393839584e+00
2.491926424196961865e+00
4.044947513687735530e-01
3.617913279388826897e+00
1.745021499933527842e+00
8.577953142725286639e+00
5.545120278796888957e-01
4.495291645939067493e+00
5.838665138894783002e-01
6.779299582483737652e+00
8.890464322674006326e+00
1.063164464443182577e+00
4.644978624401545630e+00
7.688047925467322852e-01
4.792617337015490087e+00
8.780678955708909328e-01
1.989001676730357548e+00
1.158384852726324077e-01
8.360104858963406826e+00
1.389872707593945433e+00
1.504707215746560189e+00
3.689382707175397069e+00
3.643497397213191213e-01
2.475022016320460594e+00
3.974462524542704323e+00
5.836468132533612074e-01
3.081231333416169171e+00
6.210536807569553730e+00
4.516504862948346855e+00
9.214155720540833983e+00
8.116662497488809080e+00
2.684187954876937621e+00
2.499092901287886193e+00
6.766707643218130563e+00
2.772315675339188878e+00
9.566722099929616974e+00
6.317197429307324086e+00
3.873421731385353617e+00
3.375360356731436084e+00
7.410204309487248509e+00
2.289892640881613595e+00
4.279719154553150773e+00
2.003674064648615083e+00
8.677435873106841058e+00
3.430216226017507530e+00
7.639115271947605201e+00
2.698791173448223724e+00
5.251489837026237950e+00
7.195972392700670461e+00
8.548637728764085786e-01
4.790592334052768742e+00
9.105238640550702200e+00
2.898529764954058674e+00
7.962185258606657712e-01
9.187288635912116419e-01
8.262862117791927474e+00
1.492263021059396788e+00
3.405936457335770662e+00
3.925500861059768809e+00
5.068994019047289079e+00
5.605923428513804652e+00
3.123034371184067126e+00
9.125458060548007566e+00
7.896364999946938745e+00
8.246080625709504730e+00
1.301860785263775355e+00
3.899619603121525557e+00
6.576161571595968702e+00
7.081697078887439822e+00
8.215802398107607818e-01
9.847116890050903848e+00
3.076996097391033747e+00
7.659442373185547659e+00
9.798298438852278025e+00
1.653454075480916829e+00
3.193052614021337554e+00
2.564371223421026968e+00
5.257401685064925445e+00
2.722001248041242327e+00
8.933357380302579642e+00
8.383353971770850066e+00
6.768125394573484499e+00
4.818970893948856471e+00
6.289202201604640941e+00
3.664988772933865935e+00
5.443568655174249038e+00
7.926244021478858315e+00
4.374450708848903524e+00
6.859755243856763940e+00
4.806711197379234690e+00
2.061261372551349780e+00
3.717459974582940418e+00
2.513435424864155721e+00
1.601460104927122652e+00
7.612267930184718701e+00
7.025804320960826743e+00
2.738296265884132552e+00
5.203969119589687331e+00
9.695245092024414646e+00
9.123840218928453538e+00
5.653709469313408675e+00
7.575371984284311466e+00
8.391976590022828475e+00
2.471384619361303159e+00
7.068191125931885033e+00
5.293582766380620974e+00
6.004914958851167661e+00
8.010167157026884865e+00
9.557878993766902198e+00
7.390349541461907812e+00
4.110939353172699207e+00
1.477051712236441272e+00
2.541152085574355013e+00
3.392439709246178658e+00
5.422629716840101644e+00
2.571974835761334788e+00
1.481211506713033810e+00
4.139624051707119889e+00
6.541577026226721436e+00
4.885698901588263254e+00
5.496473011090269978e+00
7.386956782330638127e+00
7.290079558188344855e-01
4.718552421518968032e+00
9.834711362669422030e+00
1.599436683373492984e+00
8.924707676679661361e+00
7.792210606005840035e+00
4.377712519839851879e+00
7.459224997156638892e+00
6.688057569377791722e+00
5.648539968138532430e+00
5.788059604343659181e+00
6.837821479310905559e+00
8.394589238402724973e+00
2.696681349527725313e+00
2.763783589131515228e+00
2.504536386243695567e+00
5.052004503549358816e+00
6.945167955752208577e+00
5.682344565070483355e+00
4.404248243435590737e+00
2.435964266375356679e-01
7.767118536643446980e+00
2.186662517496936964e+00
1.016654245243456822e+00
3.111617150634977680e+00
8.479363178728121397e+00
9.655996766750490679e+00
8.836427278062343404e+00
3.911810295852587771e+00
1.219456073703941712e+00
8.900970607136504675e-01
5.198625055777378989e+00
6.714972931786626020e+00
4.455954180951049448e-01
7.185889834270491328e+00
5.865479110936573370e+00
4.730608202508284066e+00
3.419937849857089596e+00
8.447974357444710591e+00
7.839315142300984363e+00
3.096468668174214844e+00
1.052416717110959965e+00
3.777700448147752965e+00
8.194167959147580227e-01
4.542630299472527611e+00
2.785648157784188506e+00
1.206454540175437851e+00
5.660132991337763819e+00
6.769480009717570468e+00
1.558303967288308112e+00
6.777056947904126716e+00
7.824232546367341001e+00
9.682618164909881031e+00
2.352112671674321476e+00
6.306288246883942072e+00
8.554614952452430643e+00
5.593432472410596823e+00
4.494516151539421855e+00
1.438400316632858500e+00
6.791589834280822302e+00
4.394784855840603299e+00
9.181602799238563151e+00
1.575048043561144695e+00
3.802979493501549513e+00
5.210914080486269029e+00
3.063676032519802916e+00
9.962567693695770998e+00
2.646615373009144623e+00
7.571850889644313298e+00
8.586454737389853875e+00
8.884040682459605875e+00
8.985320121163709928e+00
8.105153538577457795e+00
2.591544181170432282e+00
1.876024179395103797e+00
5.757222248264957543e+00
5.482065785392117085e+00
4.541860952077573899e+00
9.270511643447165717e-01
7.951708891116221700e+00
6.557701944738365540e+00
4.550485680245124342e+00
2.777909598459074036e+00
1.818840615334201827e+00
4.088601097134436646e-01
7.250560576024410508e+00
7.429980134236808809e+00
6.897934095261986087e+00
5.840185402205681164e+00
7.631073388801892676e+00
1.575755845174937608e+00
9.563768299467824363e+00
2.300005422086359719e+00
3.025655781373421949e+00
9.163770599589882160e-01
7.772073385759457942e+00
3.497960868441874815e+00
3.227628569470393227e+00
1.644483617949765719e+00
5.863385484054203012e+00
9.053815244120434258e+00
2.163838741392980491e+00
6.418003805817511065e+00
1.340290955034321163e+00
8.156234180717040871e+00
9.465810444506846721e+00
2.236774757098594080e+00
6.246981098722209857e+00
7.534505801785926771e+00
4.578269194601591874e-01
1.956575964600030249e+00
9.965253150156474504e+00
9.712992148723897934e-02
1.605509545138578131e+00
4.224606768464966855e-01
9.354050709435995259e+00
1.033028885998389379e+00
5.167408460722123564e+00
8.444114034207126807e+00
3.321712723580094728e+00
3.107522246052093706e+00
7.581533542724208097e+00
8.424451378159753645e+00
6.614978830981068647e+00
8.809632680442481600e+00
8.911462791988508769e+00
6.852193537285091729e+00
9.749729239598833530e+00
4.795320755610955388e+00
2.821851240796036109e-01
5.475772468869517517e+00
9.031949890104829848e+00
5.674865298715686457e+00
4.122186174190056729e-01
5.659822986284380519e+00
9.437623346371449173e+00
6.607255758846305227e+00
9.715993247045194181e+00
2.253899197596618276e+00
3.909711607766257480e+00
4.245726956893753012e+00
2.384808557661165729e+00
2.229333689952894826e+00
7.709416305431392225e+00
7.326583706075368241e+00
7.562326465380794005e+00
7.553578343814767670e+00
1.344985974945615004e+00
5.333123664206875780e+00
9.554692682709260865e+00
4.946665906344584585e+00
1.248072185458517502e+00
4.371534724766030777e+00
9.813168351942689327e+00
7.687253526525415381e+00
8.587206715942174995e+00
5.563785785208585466e+00
3.546345643193160591e+00
9.566772627514019689e-01
3.471487264728504663e+00
7.928872604965152782e+00
8.670898782518998260e+00
4.135915967631049739e+00
4.596325530575507301e+00
9.264220639423781378e+00
1.458763458114950007e+00
9.965879479061197088e+00
6.756168721372567632e+00
4.396800298321840827e+00
6.784231171585888731e+00
1.593714313517022862e+00
7.288534455252437816e+00
1.334758396716276829e+00
6.618987041327501153e+00
1.325061020845756943e+00
9.948254558712910978e+00
8.286475894266434494e+00
2.698126547499568595e-02
6.867533009897469398e+00
8.948761986348879205e+00
5.601131267917931922e+00
6.473185418210708697e+00
9.487400110020724142e+00
1.265447470209631886e+00
1.546518972032608907e+00
2.255487282709893737e+00
7.730119841886665455e+00
3.070433118225497360e+00
3.415405021648501016e+00
9.597975417112710517e+00
7.775424093819602867e+00
5.662092658812543533e+00
8.327191153686431591e+00
7.799971787449171856e+00
3.137597218763757745e+00
8.224556756203059038e+00
7.132330284950264776e+00
2.214017388384602825e+00
1.371445074091969252e+00
6.378469716566481651e-01
4.391330284109776549e+00
7.071529812362784995e+00
2.226416878530911525e+00
9.632997915953001922e+00
1.211880702817619282e+00
8.600923398346793647e-01
8.813799726280644009e+00
3.796314168088707142e+00
6.340474945970012044e+00
9.369975214081327053e+00
5.663630760047007051e+00
2.038254474100545721e+00
4.336694127701390400e+00
4.008986728932441679e+00
1.256431429328850324e+00
