7.267401663673371814e+00
4.660314278278466560e+00
5.605995736721177458e+00
8.850364371618342219e+00
3.655691520703965303e+00
9.089703760017814105e+00
8.166833702555212682e+00
8.118936611408161141e+00
1.160838786166025205e+00
6.608553413205661364e+00
1.777981122291532046e+00
8.566120157832649795e+00
5.621069682687870994e+00
2.621378138643688516e+00
9.318850275828234331e+00
4.442441712824715339e+00
9.459766204985520233e-01
4.457610251531967549e+00
7.267079372120026193e+00
6.958963146414349765e+00
7.299442285391286589e+00
7.601131000373221092e+00
3.056082881528254802e+00
2.747886224154304280e+00
6.549795536665055984e+00
9.558750117288839832e+00
1.656118951597375100e+00
8.401304908638529412e-01
2.728592300345028754e+00
8.011592496871926983e+00
8.199048040233531509e+00
1.347183968339434879e+00
4.535461765819680302e+00
3.519124573755351371e+00
4.560400288167323346e+00
2.713006284968804138e+00
4.911835860851248015e+00
5.994261541268899762e+00
4.762414573220493885e+00
8.076072455946777140e+00
4.677309983733168863e+00
5.111193112448320086e-01
6.483443418694689875e+00
2.736147583130476235e+00
3.361703283924435404e+00
8.184085682938480488e+00
4.451514750300257006e+00
7.070558857532445174e+00
9.109307527186649267e+00
1.534634085882574661e+00
4.579012371487119815e+00
1.162127656217296634e+00
8.859156854838419193e+00
5.080942993149380804e+00
6.687155945536598090e+00
7.657856203145404272e+00
1.738817839803205034e+00
7.667277200776191570e+00
4.879333608716807547e+00
4.108179019983275282e+00
5.807836517614913596e+00
7.114736432508729891e+00
1.163710762839684776e+00
8.922248457453704873e+00
7.916889207136956763e+00
8.330465935326181182e+00
1.497542401614221363e+00
2.764961357715377765e+00
4.928266506101239841e+00
5.951436200879275162e+00
7.665434997628723046e+00
1.136417193029791717e+00
9.580556785396254771e-01
4.296373336467111947e+00
6.383134051541672349e+00
9.301545353137925076e+00
2.791973811454906418e+00
7.287317174923224616e-01
2.869650803795054106e-01
6.855533891280872538e+00
5.420517046168990660e+00
9.407309981341400729e+00
5.896278476769322374e+00
4.172702161688071065e+00
7.453090900056133172e+00
5.380009926931550446e+00
6.105682960061976416e+00
8.745154485883093187e+00
3.077903320254684605e+00
5.700879335793775482e+00
3.942127401340196347e+00
2.134898193290920787e+00
4.793451061079810671e+00
7.435180061701842646e+00
4.860282916690788824e+00
5.234033293447226676e-01
7.203992373503687041e+00
3.017776054193857860e+00
6.001518563507548976e+00
7.433332745111117745e+00
9.745702978664207095e+00
5.863043382717622265e+00
8.631624485796326240e+00
8.346812075275613196e+00
4.469925110676053137e+00
5.738861656647867626e+00
9.481706062606198415e+00
1.206827378554307106e+00
1.557104897306705871e+00
2.427242427917279066e+00
7.026648615509150098e+00
8.656741078805985978e+00
1.040854766061412029e+00
4.833078030027078142e+00
3.736896909017306534e+00
1.052180732214258452e+00
9.186653866870230445e+00
1.522650704847766656e+00
1.796448629867800628e+00
6.864396624327619989e+00
8.523078234439315892e+00
4.139252341725320861e+00
3.757138675044226162e+00
9.514110509742055299e+00
5.752931069914048123e+00
7.785388717390810065e+00
3.480822895435324860e+00
6.667277845481743626e+00
8.744842682844147674e+00
4.115270260882814668e+00
8.601395499719616922e+00
8.695864707142813899e+00
4.756456847870811799e+00
6.788371908511685149e+00
1.737043350446385581e+00
5.904903196831035039e+00
8.140764477306367652e+00
9.504224903802754199e+00
8.075154089915081101e+00
6.494433524672085234e+00
2.808972422313567030e+00
7.653085571829537415e+00
4.181253534739740374e+00
6.378968441709625736e+00
4.962445408306708217e+00
1.734418036558125209e+00
9.058231793149975175e+00
6.131796738615458153e-01
3.884222699010640767e+00
2.103119401042166103e+00
4.009584002095115451e+00
5.843344573403618014e+00
4.178522461849304648e+00
7.091236585752782595e+00
1.650779349301467747e-03
3.491445219861538440e+00
9.536638934441043602e+00
8.800512712942655469e+00
2.283374886227440559e-01
9.907094415255921049e+00
9.660539545291031871e+00
4.913210115362196539e+00
3.603203526591969297e+00
7.403478568843281593e+00
4.390801788827666030e+00
9.030313976272651644e+00
7.901838975798225917e+00
9.996522948411934451e-01
5.186580090704965507e+00
4.968173003706288782e-01
9.184561533617307205e+00
5.474724921914018161e+00
6.059066567584403984e+00
4.351053550221658739e+00
4.551815499252649388e+00
1.748544007175167891e-02
9.289984926874319981e+00
2.058756136741390907e+00
6.322729304445858567e+00
2.853803331582291936e+00
4.699888802615509675e+00
9.492595513042381583e+00
3.180755111544706359e+00
7.295336789014269741e+00
8.765240126348389893e+00
3.353987365194572856e+00
5.213717665015405345e+00
6.828669102748113673e+00
3.899867694696983467e+00
8.625692942256385720e+00
5.210512855661991516e+00
5.890803873896919285e+00
5.428211125459602826e+00
4.644902734022815505e-01
2.484897555336028852e+00
3.581799134553532937e+00
8.564832926768964683e+00
8.263037501674604712e+00
9.376329820256387393e+00
9.513499910075065458e+00
2.839366559043756677e+00
8.958582341048911601e+00
4.403516685209616810e+00
6.956187747259746423e+00
4.399569076918885546e-01
5.629693425414892261e+00
7.885934116198982657e+00
6.633428655580986266e+00
2.468574441423930566e+00
6.924799892386287681e+00
8.111126847219485292e-01
7.486264401928269585e+00
5.568054204634331761e-01
3.412711763833326195e+00
5.573715413299584753e+00
9.548261333942951623e+00
4.365546978800997735e+00
2.498160055800464630e+00
9.372700630159265245e+00
2.058917838032279235e+00
6.355227810940189404e-01
2.035143290613467215e+00
7.307064332296431264e-01
3.877900777796420506e+00
4.514353814486415928e-01
5.382867199034371275e+00
8.153237003702761498e+00
3.766338257014480106e+00
1.877183620603736225e+00
5.036614702805474408e+00
8.362692918170335332e+00
2.141843960001298619e+00
3.498041061432415333e+00
1.300526663846101050e+00
9.223027336831348677e+00
3.064639602134820784e+00
3.470517167800285740e+00
8.412459958214391076e-01
7.780144601468579779e+00
4.755805084062931343e+00
8.665833450979427255e+00
6.738998332343573594e+00
4.684453276651479037e+00
4.549695468261281128e+00
4.433808339170282942e+00
1.912637517540229926e+00
7.889284208211586602e+00
8.236444489375138289e+00
1.184349583050663401e+00
7.318417080448172740e+00
4.331659175921092064e+00
4.389630743897713572e+00
5.733945660740874750e+00
1.864762280435314779e+00
1.586955823975824131e+00
8.673133205672243662e+00
3.493373587037148731e+00
1.740281876196748678e+00
2.414524913892821534e+00
9.401189282867685293e+00
5.376556503887409910e+00
5.975805332488470789e-01
5.516372129112917300e+00
3.921942673004212843e+00
8.295567605856284388e+00
7.528166044351751296e+00
6.990768849351591818e+00
6.517292626218892160e+00
8.670144648197675608e+00
4.235833197195452371e+00
4.452504572977023400e+00
3.259324087539499093e+00
2.272010692699080181e+00
6.923189198732523586e+00
7.052389417149855788e+00
2.180780248607895544e+00
2.671781681083065241e+00
1.948310402967633470e+00
2.593851340229929026e+00
1.015053271377563959e+00
8.855306435349799443e+00
6.028235225576819900e+00
5.614656956277782385e+00
7.426108633532495062e+00
5.370769350162134970e+00
4.889503959896380536e+00
1.639375206551531017e+00
4.936686581433502141e+00
1.396275737765715341e+00
3.214210643354855623e+00
5.122895933544716840e+00
8.362138061120173660e+00
4.143082292126959665e+00
4.819972531533811555e+00
3.317882602066349662e+00
4.457309078284303894e+00
4.625103604489041231e+00
1.385933054387306074e+00
4.948390941926382069e+00
7.087813195672568511e+00
2.750108154978753383e+00
8.437685863860489022e-01
5.580707256617047918e+00
3.389130645752032045e+00
9.825632768084824331e-01
7.244058115337354664e+00
4.260037373920734893e+00
5.960084288323259649e+00
2.711396033479918977e+00
9.823663764415673683e+00
1.088393433506338326e+00
7.788219570204223174e+00
6.060980294880189412e+00
5.555973452585608818e+00
8.893783310807503284e+00
4.881936307968848254e-03
8.884216869433934960e+00
5.774644212535895438e-01
8.438621717458445914e+00
9.360607273127056871e+00
4.275502223246370193e+00
4.789574883161693108e+00
7.280361585244571110e+00
9.748410544011644419e+00
7.040375288326416126e+00
9.194549214583220831e+00
2.279341635138221189e+00
3.508317252781731899e+00
7.818224067822901802e+00
2.213206191711247772e-01
7.144968736080338445e+00
2.447815501922547821e+00
4.139256445269787754e+00
8.861151512666868513e+00
8.804909910957847696e-01
6.957366703391532070e+00
3.297190315926392667e+00
7.657091473852339902e-01
2.546782370029567755e+00
6.674882381870881787e+00
9.135804283788047542e+00
9.177381161165783396e+00
6.732465698419031419e+00
1.119899131434575201e+00
5.298345777657416100e+00
5.419839749689348452e+00
3.581677618162869337e+00
6.063180795855610761e+00
2.301778157334888331e+00
6.311773181645784270e+00
6.304810905639258500e+00
7.485293096808148583e+00
7.632510205413062465e+00
3.813777212438625774e+00
5.978139563222453212e+00
2.531450746711489952e+00
7.622505201482204562e+00
6.380784380565089897e+00
4.584414988083146625e+00
9.976791789931432675e+00
1.134889306973182466e+00
5.728246268394454610e+00
8.426453034363071026e+00
2.670150957131522951e-02
5.968619917772923777e+00
8.092198939085160081e-01
2.651656718802640533e+00
3.285182144641102475e+00
7.678808050114112049e+00
7.071403438968770772e-01
9.146952574194511243e-01
2.403302420029463704e+00
3.041192348432272041e+00
1.575266099809673470e+00
4.672627489550656321e+00
8.917769307597513517e+00
8.765919531228016481e+00
2.476383329300250402e+00
5.199395712103983769e+00
5.242119135402032448e+00
5.229803010246047990e-01
4.355100795450645101e+00
6.911718604302289570e+00
4.447710729210230696e+00
1.536587094211029347e+00
5.170808261738227607e+00
9.917390164224070048e+00
8.001224845403848818e+00
3.085413621664452322e+00
5.746559111841309520e-01
9.214224022819845317e+00
3.731123992964650249e+00
8.565904150360609037e+00
2.065349978504360529e+00
3.570733718119746491e+00
8.446175943454791835e+00
7.587251066984922687e+00
5.038910541787250175e+00
4.839061691040225988e+00
2.573502276727539506e+00
7.500422934328311086e+00
9.853878664809224475e+00
1.570989959026902749e+00
4.913563743329472544e+00
4.084409543087104133e+00
9.319037086249744917e+00
4.421710118134449807e+00
9.832866686603507489e+00
3.943742325250896297e+00
3.476086067534373214e+00
9.483558072993389487e+00
2.905683553475000291e+00
9.440603299413860228e+00
2.658008636917050804e+00
8.299739216267953523e+00
8.067801913783755552e+00
3.869272889717057851e+00
9.795359729850559916e+00
3.269840431309382289e+00
9.368211500557876548e+00
3.844809446056305369e+00
6.183877415049206405e+00
6.830504979313723801e+00
3.539639802846299421e+00
2.242045074982734754e-01
9.902446860723559396e+00
4.457585590594649538e+00
2.293368336622779502e+00
3.185732653690026339e+00
6.681601485169527344e+00
6.326818160235291089e+00
1.378703458888363986e-01
4.391082646567872949e+00
8.679047793176229320e+00
4.585678487126206626e+00
2.453061752187663203e+00
7.352999800255483720e+00
7.249301594333998899e+00
2.781751951546572954e+00
3.521679112386673083e+00
5.930427506799048842e+00
7.203084720868374369e+00
1.980207496843159332e+00
8.913754837462079195e+00
6.540178287643171551e+00
8.557004672093412978e+00
7.385615521354336188e+00
7.559406904752945522e+00
1.760868281685608050e+00
9.640228799484445332e+00
2.405094794940164427e+00
1.206185399696366733e+00
1.956681238316614335e+00
5.866347572092510454e+00
7.221097541110070850e+00
8.758368215919766442e+00
2.989645554626409130e+00
8.078425585983740831e+00
3.289546793267094316e+00
9.621816807569823382e+00
3.515659693287517484e+00
1.247809400856867423e+00
6.093323005388430857e+00
4.267334993263982579e-01
6.917806701140318815e+00
8.619618092189236691e+00
5.799873122005711146e+00
7.505338256498272909e-01
9.823862934204424135e+00
6.205208155514000623e+00
9.660007489658326563e+00
2.384876309875079148e+00
8.530079342421148070e+00
5.944316090326662305e-01
1.326470051127803806e-01
9.872786281102985839e+00
5.294187227099249604e+00
1.651048132180085171e+00
2.444427403727372550e+00
9.338952339212875486e+00
8.874256651022310649e+00
1.369315430008872791e+00
5.192845967059587231e+00
6.433558286455421715e+00
6.410247102896398097e+00
3.376972107203633833e+00
9.055525283980937701e+00
5.918820506877244370e+00
4.058871624802462552e-01
9.557688691358460886e+00
3.389179554684712770e+00
3.265926761688804358e+00
6.722550423303819134e-01
2.590460838965342738e+00
8.571406245107354493e+00
3.038008851615690009e+00
9.587642398187464110e+00
8.966517689741351660e+00
9.425708753231976100e-01
3.240628577613610339e+00
