5.777233086833205356e+00
3.484430375601819119e+00
9.505793691117592203e+00
8.392158195197239934e+00
4.238397245418975778e+00
5.250314778581289588e+00
2.620519297653789437e-01
1.604735685578417836e+00
5.947632934765429091e+00
8.213012964637343316e+00
4.591487146628018934e+00
2.777948743300806544e-01
7.814228121590316434e-01
9.154672193374361555e+00
7.381259198661882515e-01
6.037578098230778068e+00
7.616184053193796544e+00
8.076640560278686820e+00
2.781868160462638073e+00
3.568840683742143582e+00
8.044206704969363741e+00
6.499603383307950288e+00
8.142366431194949072e+00
1.386928599084537028e+00
1.476544178547301023e-01
8.992231031368092431e+00
4.747055305509373380e-01
7.744388466743412636e-01
8.710578350879764287e+00
4.479884601806503497e+00
9.553680513294711574e+00
9.294501692384193881e-01
4.101013788092100043e+00
8.072703360488793223e+00
5.703038039358954592e+00
8.811362930784792269e+00
2.577645939995076851e+00
9.799087538490436344e+00
3.192083318781734569e+00
5.598973435331423332e+00
3.879014381402495992e+00
6.150614617635596915e+00
7.047125314969391319e+00
6.643271085125680209e+00
9.474273763624211142e+00
9.547204821385651741e+00
6.598711754871891877e+00
8.645249120872500193e-02
7.126500401161756315e+00
2.020396047772333503e+00
8.882683916755523157e+00
1.187301023296278846e+00
5.677079434152670245e+00
5.389264016312045769e+00
8.053912736131000116e+00
4.565934990563316198e+00
6.521127940870780293e+00
2.695977991323621481e+00
1.163505686181324217e+00
9.475985498658385353e+00
5.191615713804878851e+00
4.969938585220358362e+00
3.026987726618406427e+00
5.781816964752900745e+00
1.355685446943614147e+00
3.811452680778532276e+00
3.865544197708492558e-01
6.849732844167128576e+00
9.902006039991013253e+00
5.761420228698110879e-01
8.111041531648032432e+00
5.406529492003391724e+00
3.553549458472817779e+00
8.865178441411902810e+00
8.293867011587504834e+00
9.009111671769495899e+00
1.395072514647837103e+00
5.192026984303987902e-02
3.911489160259248088e+00
9.663044553420650828e+00
7.715952348740917621e-01
3.972649572316023558e+00
6.043310126171319574e+00
7.384504853929208856e+00
4.738507683402727544e+00
4.158768883016008999e+00
4.747455565876179673e-01
9.026379428565711294e+00
5.737283765375122968e+00
3.492636093829695199e+00
2.830352867890836066e+00
4.510958568136599567e+00
2.793513925293011901e-01
9.610330990967359099e+00
5.375059842463530302e+00
2.093178209120332145e+00
2.339008392825669969e+00
9.054334126878663014e+00
2.659629620021655150e+00
7.131877935876865138e+00
9.781172875330542027e+00
1.540082967353926247e+00
9.945010801986548188e+00
3.293370411061837810e+00
8.716998243208124109e+00
8.903124301784197669e+00
1.841443855512292505e+00
1.585684911716581658e+00
1.573103272595263169e+00
4.479539036091805926e+00
8.292303959614656605e+00
4.512553319679431851e+00
5.683396246737748569e+00
6.434241947893479363e+00
1.818906654143929158e+00
7.171644595988253101e+00
6.934754532036663477e+00
3.810800931876628717e+00
3.306107424743109924e-01
1.764826143231923439e+00
9.202186326768002189e+00
3.681774640010773147e+00
7.195272025340282429e-01
4.426747860120364919e+00
2.114898448504187733e+00
9.074871454299415774e-01
1.980281342678255063e+00
3.714598077477944127e+00
5.263214685596708797e+00
6.956472400229407604e+00
6.616388069497199709e+00
3.797652186859300727e+00
3.095541287268329889e+00
2.866531051117885198e+00
8.898164783493600183e+00
4.321917403484705211e+00
8.645439318283459684e+00
3.893124280249533609e+00
6.313155373449069074e+00
8.711137810817135119e+00
5.637068304155508081e+00
9.457209907624047673e+00
2.153316297577113403e+00
4.792274735600276614e+00
6.259947621446757537e+00
6.960790263692976154e+00
7.808042549992388004e+00
5.453344581662150858e+00
4.023748750605800062e+00
1.634372967812515176e+00
3.786997215435535580e+00
7.883411750415929120e+00
4.257475050453217946e+00
5.380888997751180014e+00
2.556431291955707508e-04
5.031172680006807063e+00
1.267434324270622081e+00
6.508859226442124779e+00
8.215823717600725828e+00
5.366716381711119865e+00
8.322148905153717635e+00
9.595839090916921776e+00
6.853538077902904035e+00
6.469298697928102193e+00
1.097831452851391054e+00
9.898582362240933463e+00
8.109992669856042724e+00
3.162961242171740128e+00
3.128729976826754022e+00
9.414124768031499002e+00
5.125946392435666965e+00
4.237589240589395345e+00
1.635388084741407067e+00
5.529289949166802387e+00
1.537241230240944390e+00
4.960515499653139315e+00
5.329796214866915349e+00
5.987323420312763211e+00
5.573884469056782365e+00
5.936859709356129500e+00
5.423181672804514797e+00
9.408584269965361457e+00
7.828742561423096546e+00
1.137751649232043860e-01
3.460356122559431480e+00
4.027567206070146177e+00
3.884245745285650475e+00
1.443227457529777658e+00
3.885535392398098420e+00
6.586396941522854043e-01
7.381626524965331448e+00
9.622834090912389726e+00
5.365734550890154608e+00
1.243849874994364946e+00
4.540952695919894921e+00
5.094725485122685527e+00
4.078726364732187193e+00
4.101587585952330528e+00
8.889226099763767763e+00
3.907282685548016055e+00
6.144568933557152945e+00
2.822728106110247381e+00
6.149984140578624192e+00
2.084147987316349315e+00
5.852234282951470412e+00
9.778961020211857758e+00
2.265096655440328455e+00
6.360756427355129361e+00
1.760150647451482753e+00
3.663370621647871417e+00
6.466967200254782888e+00
1.437662144198873504e+00
4.691359612871933038e+00
4.903787041627781562e+00
8.935050053325307218e+00
6.836542108043346389e+00
9.075964249216905699e-01
6.480771659183520939e+00
8.233792964207880871e+00
9.385820815455070409e-01
1.291128334257571897e+00
3.300278738993726257e+00
1.491063477374261481e+00
6.581229566489803062e+00
1.949559763906745236e+00
7.576047234365446137e+00
9.243970059003414619e-01
5.767968351669393812e+00
8.748829025429881057e+00
2.823583435714669410e+00
8.588391770673521108e+00
5.325891597321176008e+00
7.298080960228940484e+00
2.960562895081275681e+00
6.617617855374967384e+00
3.330383023899081696e+00
1.916138860268652433e+00
4.186686582938316192e+00
8.005563280087582001e+00
5.640298404688637302e-01
1.355308587929664466e+00
7.006485294748893367e+00
4.549387590476495546e+00
4.577094439915001090e+00
3.375388062238238174e+00
4.027713826342252723e+00
7.197938155090830570e+00
9.373731507745082681e+00
7.242905777925724209e+00
3.949778938597203748e-01
2.553942355182112767e+00
8.055070188856149116e+00
9.081055173608348241e+00
1.757705859119264025e+00
9.034667098132384666e+00
6.751515768231032055e+00
3.596183039138375115e+00
2.665067906233855588e+00
6.654008971488369895e+00
1.942817244074857008e-01
5.517568752117486319e+00
7.579492871406897869e+00
1.665714714986770151e+00
4.250121311279778880e+00
5.716670920389932409e-01
8.018637507047454704e+00
7.141436418726483382e+00
6.817707110392751346e+00
4.524992327267360892e+00
9.803208237029858552e+00
7.663531558918370123e+00
7.258843076198822075e+00
9.716246957362439929e-01
7.678378646134521368e+00
6.180109967141432570e+00
7.378514268170837553e+00
8.406583581958493312e+00
9.426514553085413084e+00
4.753439600005661347e+00
1.471119824448153812e+00
7.128815556507563045e+00
1.554274783695908102e-01
4.389153778317758992e+00
7.602043547194663020e+00
2.825558116233116479e+00
3.295345076904518944e+00
9.156699304061513445e+00
6.454944121572442128e+00
4.854348246214467366e+00
1.028943576430549900e+00
3.315776057993592651e+00
2.417962119363497919e+00
3.548286458099347840e+00
5.740936198462907925e+00
9.789805203291304991e+00
3.957805711453544539e+00
9.496186827801590624e+00
2.820898218416756364e+00
1.145662777148116485e+00
5.748637965079630874e+00
4.545799043071506063e+00
7.253559382023089697e+00
7.819415100655653816e+00
2.349971349348266791e+00
9.490035930486882876e+00
8.817787346279201799e+00
3.948245933315852607e-01
6.911472318266995707e+00
7.037952455261785367e+00
1.765592164875321446e+00
3.887200099670965692e+00
9.211913267127647131e-01
3.924369027651977149e+00
6.038725337450791208e+00
5.104822760105827584e+00
8.720672355317871105e-01
5.722999596440535797e+00
4.531368241307465183e-01
3.781241866020772502e+00
5.670478042523615869e+00
8.191103806435929613e+00
7.541294552083721570e-01
9.888055431185860389e-01
5.561262069355121795e+00
9.767884535129415013e+00
5.679991288965007712e+00
7.183263936203332367e-01
8.540183278806690481e+00
5.412497532260237776e+00
2.437275746301545976e+00
8.579913821393375883e+00
9.553481763226256973e+00
7.340819494820043367e+00
9.913693571820132888e+00
8.768107090603759701e+00
7.885882927673266707e+00
2.929348927083022858e+00
2.093185232981854327e+00
7.071711639959209705e+00
6.340839449478348655e+00
5.151452139180932477e+00
1.055009873818490984e-01
2.448270678833901481e+00
4.967989607818656062e+00
6.774000923717361289e+00
5.488885751603019614e+00
2.035571694054938430e+00
7.206639868430450235e+00
5.557901232513982492e+00
9.292552078108219149e+00
4.665003197693787129e+00
9.490944684764215822e+00
9.397074290690820675e+00
1.589706667319409350e+00
9.827886914852438593e+00
6.010956238241493832e-01
2.376551609422411282e+00
5.184071132763569345e+00
6.796656989400639226e+00
6.373765107631268467e-01
1.304248031792830664e+00
6.500679784404400863e+00
6.789870173055931879e+00
3.899710854149299522e+00
5.153298791335664042e+00
3.729788688580770728e-01
2.835278607144310570e+00
9.867208642534897933e+00
5.659758961701288893e-01
8.139326828712782458e+00
5.415902584748589987e+00
7.690275832797865974e-01
6.557252887496744620e+00
8.992490772155100842e+00
3.665234406112078958e+00
8.255226665018097876e+00
3.428524790442866177e-01
6.422994366504202191e+00
8.984735511007460929e+00
9.157693481253026846e+00
5.536054183168504395e+00
5.570184578873138559e-01
4.772416745711549613e-01
7.110737822800803798e+00
3.570250812754816927e+00
3.078804926906250294e+00
6.217302712148282673e+00
8.621214997892819198e+00
4.638109528001079340e+00
5.195481342829346261e+00
1.722517178066141907e+00
1.221800741256995337e+00
8.882768243857317003e+00
8.752190695499400874e+00
4.467563009288822329e+00
3.432187841050492239e+00
8.464449167042163324e+00
5.775025736774860974e+00
7.556288927770255626e+00
9.880304512106944159e+00
6.080900475286857620e+00
9.904976938609937775e+00
5.812492021592285951e-02
5.870896428040143000e+00
5.336402958253456674e+00
6.610853151823199880e+00
9.630983396287383869e+00
5.860416269287266111e+00
9.782522225497913837e-01
5.184244306470134234e+00
1.993781200039446144e+00
6.746850044835994709e-01
7.574448799990251224e+00
9.454128435562893173e+00
6.160488172794088335e+00
6.067927602179016056e+00
3.784993647337364653e+00
6.473687841956083489e+00
6.738325867173444728e+00
2.998999375691113745e+00
1.138637639985308203e+00
4.443330144795277548e+00
8.534145324239766239e+00
3.557859518377566310e+00
7.236165059115599263e+00
2.634776310139708144e+00
3.306926681293877124e+00
5.963882503430633086e+00
3.829957011065875605e+00
3.987509745461739197e+00
7.727404594925223691e+00
1.615437212460406613e+00
1.842357862893749809e+00
2.226716724317614471e+00
8.735088830300020035e+00
4.617934006349233567e-01
6.883447882659638140e+00
8.433919665008891897e+00
2.185890727966700808e+00
7.936899180930979014e+00
8.726993315476832436e+00
3.790637171818784790e+00
3.992764841940817711e+00
8.969199681859320705e+00
3.726374873558481404e+00
4.537089233174318892e+00
3.617027197387839621e+00
2.019566772601644189e-01
5.929512524818400188e+00
9.939965057812305105e+00
9.723100680095072335e+00
9.263408186596880256e+00
4.861912205701949041e+00
2.493473229758008891e+00
2.742771970904425149e+00
2.245263965022676889e+00
8.824189942407651088e+00
9.148490692070309294e+00
6.996409117934476729e-01
7.376757058137877188e+00
2.296508116771467378e+00
2.310959441141708925e+00
8.868636812372676204e+00
3.838519669317955518e+00
6.322374335920059707e+00
6.843802342707991926e+00
7.673735079823746474e+00
4.669731227143561370e+00
4.775978333619979033e-02
3.107913618440010239e+00
3.093132022233380241e-01
4.993856309380412029e+00
7.105298734230616198e+00
3.766049585198740779e+00
9.900074362539912354e-01
5.228901803725086950e+00
1.460793582863874063e+00
6.135938904847623832e+00
4.720872709524560840e+00
6.551428827918670095e+00
7.479418269302292366e+00
9.948512232870481142e+00
2.282299486091035057e+00
7.065912135178509246e+00
6.537358870727314475e+00
6.203274250997223405e+00
4.910781565554227512e+00
6.674534207337515568e+00
6.154837865663475682e+00
5.975496081288017791e+00
1.850960153431363553e+00
8.018673575084413585e+00
3.204350869586360950e+00
4.918168532313997865e+00
2.081209857906289873e+00
1.935815274361700755e+00
1.000950284852464289e+00
7.097308101353869247e+00
3.552316723973535595e+00
1.635912804778743013e+00
