5.565857646748481713e+00
9.296160009229790688e+00
6.283228524392356462e+00
2.081198848965718717e+00
3.453220776586929386e-01
9.940215230387139389e-01
3.585371518771461652e+00
7.079503546834398087e-01
6.482223159572112259e+00
2.151515249196465973e+00
4.529160369259633612e+00
7.194903361100842609e+00
8.409880369397420452e+00
6.589347465586950392e+00
4.316416196472816491e-01
5.058206043363577820e+00
2.537093289642658789e+00
4.044024762075201451e+00
8.898078087848208639e+00
2.747203819373459588e+00
4.954884695845068521e+00
8.405088301465186262e+00
9.513365966639165450e+00
4.320819149312022489e+00
5.201251423457841305e+00
1.955554107165341504e+00
6.225842142297254966e+00
9.465501541513006600e+00
5.342370777701427542e+00
4.077728573165098069e+00
3.160919368848241540e+00
5.187661003335445997e+00
6.861578707634103047e+00
4.127498448299260492e-01
8.461461255287774819e+00
5.745862003638368964e-01
1.060787129304313625e+00
4.442661193156124178e+00
8.092089054527074055e-02
9.631637016838334731e+00
4.387605375711965294e+00
7.481847495656723801e-02
4.892379587846241051e+00
9.618734234990697018e+00
3.912361756086062403e+00
4.401481849788546619e-01
3.146408844331756161e+00
9.796245047033982800e+00
9.762130933510640318e+00
5.806674632711251505e+00
2.417606991937897298e+00
7.373972236140835079e+00
6.174055507374962559e+00
8.415030152449736178e+00
2.716122432703302891e+00
3.850699401901438446e+00
2.427673584006413421e+00
5.291371083054324131e+00
1.509850080127227434e+00
7.650079902172236324e+00
1.090658512267720370e+00
4.744540737186037305e+00
9.314745899761321724e+00
3.040017344020089496e+00
6.605318525475746938e+00
9.091336724649123013e+00
8.930092039488291888e+00
6.719330995246265203e+00
6.148503451853616575e+00
1.712393174585941091e+00
3.564739136968585242e+00
5.983346846139650843e+00
4.166528780838993029e+00
7.301603729936440246e+00
2.980682040840188840e+00
6.480473201413450290e-01
5.561134170082925543e+00
9.308855146380022205e+00
2.457879552552166835e-02
3.273816572151768689e+00
1.104033979809165844e+00
5.975372449511160866e+00
3.590830708372501068e+00
9.019840927927772256e+00
7.601900031517826228e+00
3.571742568501546700e+00
7.077516903836658102e+00
8.438549374750692778e+00
6.501806839712184427e+00
3.956785918913776623e+00
2.380745994142014155e+00
8.130076264859241064e+00
7.140085607361013054e+00
5.216811509271472858e+00
5.710678153984062533e+00
5.839431516454341775e+00
9.730957421030243637e+00
6.534167978805406563e+00
6.564256455889782238e+00
6.627573900402161655e-01
3.419956266005944379e+00
5.950883176276022812e-01
9.526941475361572209e-01
2.634211062794572733e+00
7.138449077105240015e+00
4.402405777258165287e+00
9.006204560135728343e+00
4.385545849531028217e+00
1.481302580872827512e+00
6.884470397013719989e-01
8.557206493933662728e+00
8.615342975444306717e-01
2.938458840171857211e+00
3.700954045377287116e+00
4.983341719519678747e+00
5.636305066253371798e+00
6.595551434066909913e+00
8.907953270856840078e+00
8.147984419782328125e-01
6.412510648049431161e+00
3.393748505101892299e+00
4.328049584416246098e+00
9.350608929106043021e+00
7.245810978841028316e+00
9.969598243186983400e-01
5.818560900023793891e+00
9.173897657826426411e+00
9.792372421207364397e+00
1.760078816894968812e+00
8.867653275430910753e+00
2.181998176963749536e+00
1.291472124866709370e+00
8.775452029138628873e+00
7.161391617777523866e-01
6.682150058414263682e+00
3.139305292469960484e+00
4.346190603412123821e+00
8.168769707601434504e+00
6.920803887435833524e-01
7.959242736239202642e-01
4.710315105220308496e+00
4.096257873150580764e+00
7.980172141537789088e+00
5.176339599799819169e+00
4.134398679008617350e+00
1.784263111198347573e+00
2.753611554303677877e+00
3.340998993952774221e+00
2.963440789962359379e+00
1.122624780049044091e+00
3.274712985766876638e+00
4.992881562041353583e+00
3.785395417787356998e+00
4.949112184511673007e+00
2.613930313713372922e+00
4.352198171082230616e+00
4.838548650616326441e+00
5.062804558719658843e+00
5.735686792045853188e+00
5.848576122861745219e+00
2.296121404985942416e+00
7.626206738298668686e-01
1.690838301955139844e+00
5.733288745835038114e+00
5.683758021976297314e+00
2.295271180418666290e+00
9.385302543520882779e+00
2.179254464795167046e+00
1.737062889300894364e+00
2.115264737501638681e+00
1.560961915764051966e+00
7.869613343769335856e+00
4.093827739824400069e+00
3.261026943398512845e+00
1.571334900242878918e+00
7.159420598204270902e+00
9.732300084133147067e+00
3.146606270033664110e+00
1.346676175849896850e+00
6.396576214988699327e+00
7.686360619730589150e+00
8.291077170383434947e+00
7.508189136545162512e-01
9.618572504926101274e+00
2.045262549966548882e+00
3.197771101475722411e+00
2.604417408510240062e+00
2.802335518590215457e-03
5.500434893236711531e+00
4.568164302566132484e+00
8.837623225391633142e+00
9.474539616321660418e+00
5.754323215461209173e+00
6.500522815740456650e+00
5.991332961972195559e-01
1.796442409655045758e+00
2.743461549527919097e+00
3.062648313053908389e+00
6.242667307922759257e+00
1.940501981952680310e-01
2.487743946735794243e+00
7.780525930199106988e+00
6.435391375606425157e-01
1.560307630251375199e+00
6.173925704277771764e-01
6.760038671255874654e+00
5.501635915062870197e+00
4.464553523029605842e+00
7.742349061755219530e+00
4.365405850991566084e-01
8.796659859683476412e+00
8.199941648464395882e+00
8.544757010118571472e+00
5.932481905485581741e+00
9.603790283886979751e+00
5.226237517602948301e+00
6.647589940066723990e+00
6.276570945787468325e+00
7.698398218304189911e+00
8.703726410344289732e+00
8.523349659661604960e+00
5.114094039396420044e+00
3.659913754756253468e+00
6.607871686328374849e+00
3.081977058279343762e+00
2.569008056164196141e+00
8.093585038115223895e+00
6.774483327378871600e+00
3.295171040231703596e-01
9.272892078034759678e+00
2.713761476521048266e+00
5.336994929551723388e+00
3.330831701801497680e+00
2.024301051825588615e+00
6.542097094241285049e+00
8.467899849489796793e+00
5.022884587159335723e+00
5.004532619092188384e+00
8.550532531193633545e+00
9.331322189668235012e+00
3.759063497719796754e+00
3.819392959308510527e+00
1.868887541227508553e+00
9.579552179409695611e+00
8.286466887960742156e+00
8.571141420625000507e+00
2.302569190590322279e+00
9.752224509837372324e+00
9.949337624708251226e+00
7.944424036006566325e+00
3.063125469073305851e+00
2.853305850082930917e+00
6.035156037629465509e+00
6.975065812676861654e-01
6.683972445290244480e+00
8.945445130226884700e+00
3.374591104043924705e+00
7.682146264187760032e+00
2.916967524539217926e+00
2.515219876260887943e+00
2.391224790600880112e+00
6.767524643576363630e+00
4.628478833945485427e+00
3.525711921778825975e+00
3.932844552288605744e-01
3.186446223033374547e+00
4.031092294641815954e+00
5.239326075648124359e+00
7.917690153073005277e+00
2.994665477398570363e+00
6.808673304163130879e+00
5.384483112412993044e+00
1.547077928223350440e-01
1.531565537319773407e+00
4.061426679677757612e+00
6.248691474313555538e+00
6.311429119458590975e+00
9.149783193698722172e+00
1.265374698585441937e-01
2.509541884173811521e+00
5.283355168389315182e+00
7.958372531258723015e+00
4.914150873855630763e+00
4.714649544023019612e-01
1.329577896203265608e+00
5.604859047965280894e+00
9.105972873702627979e-01
8.585465460748483935e+00
3.617920363145138651e+00
6.712656776897480526e+00
1.028385142886315551e+00
7.691365675895221798e+00
7.667573447346441640e+00
3.142237940537175866e+00
6.763057632920030038e+00
7.076367370030661519e+00
6.451981723161200222e+00
8.268204978197719157e+00
1.953604311179997222e+00
8.576170837523621415e+00
3.817651369780865611e+00
7.443728530068471905e-02
9.959885775820142229e+00
2.838524129862344481e+00
2.879584993140746008e+00
8.001326522420452392e+00
1.359159533714546786e+00
4.517452557083300846e+00
5.279069182026558060e+00
3.049977575475417702e+00
2.268157591204952084e+00
1.416348563942655403e+00
6.515574147954936279e+00
5.011642455270118646e+00
9.817418604886469780e+00
4.608249946487451787e+00
3.701766022677418277e+00
8.108590353464528278e+00
5.760174841777921273e+00
8.250685051825378480e+00
6.285486693466405761e+00
9.397630310306041679e+00
3.356060592468272930e+00
2.526121142268039854e+00
8.892838435193450408e+00
6.313688408767479388e+00
2.812395661251472223e+00
2.897989712703283871e+00
1.304667339567463502e+00
8.683484309827020908e+00
5.760015419200740894e+00
7.075378553426581174e-01
4.022421556672941989e+00
6.730613182226381497e+00
5.835710888733007806e+00
3.814374739421512395e+00
9.696306160093359772e-01
8.710113379121281696e+00
8.143762571808972339e+00
2.035318789603438816e+00
4.074473755957823684e+00
8.076960668911304708e+00
4.489574700513006889e+00
4.836553579424678340e+00
9.793096433319604444e+00
4.706346170155145003e+00
4.486890430842638722e+00
8.302547260223310133e+00
7.440471620176877465e+00
2.706588717120190779e+00
8.953910038216314149e+00
9.054034240095473862e+00
8.998187049862615083e+00
4.024053450910156648e+00
5.855958279058572913e+00
5.416609400746493996e+00
2.601106148888602476e+00
3.437547858018084046e+00
8.693543349750587623e-02
5.182718926952073701e+00
4.704414378580028533e+00
2.785400155640006759e+00
8.692312381101416463e+00
4.291256006042814874e+00
8.531383589099961640e+00
8.484379433539425364e+00
4.546800730232275711e+00
6.229844658748051600e-01
8.530175409762142280e+00
7.013305113778754318e+00
3.607986091334034473e+00
2.063019821534339826e-02
8.241390681187825251e+00
5.714066518396617944e+00
8.668920763657817830e+00
3.309358595878753029e-01
1.549103222793188905e+00
7.298669242105938260e+00
7.313812809157830941e+00
8.938909652388677074e+00
2.115618275341690779e+00
6.817651780335383549e+00
1.176211563342671740e+00
3.112447611150346294e+00
3.172753452942760344e+00
2.851556870997975501e+00
6.196103006167533955e+00
1.592683646485100191e+00
2.409802893551181491e+00
3.550883862128829449e+00
6.185402384671132126e+00
2.002694445833315129e+00
9.501110281512643141e+00
8.135879545929384449e+00
5.215047898818893302e+00
3.262704206181465061e+00
2.461319383400706329e-01
6.396059545333439900e+00
1.330288250141383743e+00
4.637262139561629581e+00
6.311671175396752709e+00
5.637012790567890619e+00
6.516667154049066824e+00
1.134549362805057360e+00
9.850758122509644110e+00
6.704546467696246737e+00
2.788673226477880185e+00
8.052012963483523578e+00
4.606421548770745389e+00
7.340183284098435124e+00
4.420369089440445265e+00
7.155442430056613290e+00
4.427538148070768287e+00
4.815022967253509201e+00
7.142567879107931006e+00
3.235901659547809395e+00
7.432879648582435550e+00
7.070827225032770613e+00
3.476881293542197771e+00
8.209950890383010957e-02
3.620472056532730853e-01
9.457367750198404366e+00
1.602234621843670048e+00
8.520060193117508618e+00
7.028765125783121626e+00
5.400298091118092003e+00
7.619849347195896350e+00
4.659042762874089583e+00
9.597187017957271138e+00
3.988726127339026206e+00
8.656445776646373602e+00
3.258080011633416539e+00
6.808823280572161352e+00
1.248070927722403356e+00
7.185377443538554232e+00
2.694016115382234844e+00
1.111747670332264848e+00
3.953792235753328388e+00
4.599499906368221147e+00
9.383422185424448614e+00
4.693436325488287153e+00
5.675672282117663059e+00
9.062453489785786687e+00
2.294492847615325903e-01
3.049945666654667598e+00
5.550223550681946172e+00
8.581891659781945236e+00
4.258540515589551489e+00
9.940071313839254685e+00
7.108583938627044407e-01
5.478895736670892802e+00
4.052816888872215806e+00
9.614829910028854343e+00
7.619136255695099003e+00
4.102757589242470360e+00
9.578549587286925515e+00
6.730511092448460353e+00
3.160074424106205981e+00
2.809034921028868759e+00
8.112695572820951995e+00
3.448584261980058852e+00
6.757807078354880481e+00
3.303793285461595897e+00
5.447021363307682051e+00
3.349848492443490144e+00
7.337190721078003186e+00
6.657045801264360740e-01
7.997996766040174066e+00
9.025681420238669261e+00
3.060155126279946458e+00
1.119110383234910300e+00
5.981660204448212781e+00
1.079448847200242811e+00
1.640593400810295144e+00
3.926018124443254820e+00
7.497261270583633674e+00
7.173631962680079077e+00
8.977526806200206266e+00
8.566873369714500086e+00
4.991862413362353479e+00
4.545252214349709163e+00
6.027197189916593700e+00
3.491122956948581546e+00
1.901548203815492943e+00
8.033050098700810437e+00
1.022071761294600645e+00
5.730265463430455064e+00
3.539026333408294978e+00
3.344408569031037892e+00
8.725375215063190026e+00
8.374222901307810218e+00
6.857514879255499629e+00
3.145443496892885715e+00
1.110133436447765520e+00
3.632158517773231843e-01
8.610549176311605990e+00
8.809125708086991580e+00
9.878940254572585289e+00
5.966242452879576774e+00
4.910897714956608873e+00
