1.389443085390129617e-02
6.226259321162355143e+00
6.577393100187006070e+00
2.807959135093875958e+00
8.869860738245338716e-01
5.194822764457374120e+00
3.013959089102234756e+00
2.291228149700953232e+00
7.105915382158203286e+00
5.104966759394277354e+00
2.812210698254280494e+00
8.363456895080179976e+00
8.657092607654121252e+00
4.959428591395170116e+00
5.325638329272353033e+00
5.235722992030642509e+00
7.092027305662637282e+00
7.949050302794846701e+00
6.003512291609476748e+00
2.719400287465820742e+00
4.859376714382897866e+00
5.168232044530814306e+00
1.341546557824987440e+00
6.090051654840924478e+00
3.389870464870698985e+00
6.725308581429478849e+00
1.414057391225840288e+00
3.281981568401679539e+00
6.007020956319752969e+00
3.750938582370216601e+00
3.859045378124892345e+00
9.126288485384026927e+00
1.477940046974216548e+00
7.423354917179350032e+00
4.664999777353694199e+00
5.729408733794118191e+00
8.328331400060482892e+00
7.216571673499971862e-01
7.243218516378920668e+00
7.180993458957891207e+00
2.501054048745783298e+00
1.065308262739737000e+00
3.897210272374298512e+00
1.326074720966778919e+00
7.342623650611935560e+00
9.663398380846954794e+00
2.858135547534694787e+00
7.127849259672106363e+00
2.893420904455793696e+00
5.368535637768569124e+00
5.328753076381913090e+00
5.663426437337117036e+00
4.005894558586242660e+00
8.658311460237866353e-01
3.028807550699804452e+00
9.500872287082973600e+00
3.249547161638677295e+00
8.086857936680281966e+00
7.735788505845837548e+00
9.386037198463927922e+00
1.399177205624827502e+00
8.466505653646791529e+00
3.315161261677894711e+00
4.202170219322186817e+00
9.557449400562642694e+00
4.308995586956154700e-01
5.514109003565392797e-01
7.843042627744293505e+00
2.498129244665562076e+00
4.624942080047484971e+00
1.643803966891445034e+00
1.986660958722213932e+00
7.551474843334043285e+00
9.661600786060857260e+00
9.037412527752138658e+00
9.255508751721125194e+00
7.503423782590049385e+00
1.297056149820680071e+00
2.247281033571534081e+00
8.994050346783469152e+00
8.006421697257422920e+00
9.242960400263278142e-01
3.653024597543926610e+00
3.918905281250068207e+00
6.513854101180939438e+00
6.783080910956275744e+00
8.493267353846063017e+00
5.700255563838676487e+00
4.553027451172874329e+00
8.601542491574388549e+00
7.829221280062277799e+00
2.454352612049268689e+00
6.363419749460686781e+00
3.178770826761482482e+00
6.046731390827332575e+00
6.386755093870293720e+00
7.962037840764876861e+00
1.487861041208781154e+00
2.401711336199002567e+00
4.895135079148408508e+00
2.081071158091719830e+00
1.544906236250030984e+00
3.871936488518429087e+00
8.116119721656328778e+00
5.368291670449655939e+00
3.268771663697301655e+00
4.694788624293141588e+00
9.374545055189662079e+00
5.490087336867879308e+00
5.335425626420363443e+00
7.575662704808465264e+00
7.197635265398116822e-01
2.480946934558310168e+00
3.569130267713205296e-01
4.432456706601223928e+00
7.350984299073283879e+00
9.995048841734945455e+00
7.954301090712958100e+00
5.036085292622672682e+00
2.897145176887799600e+00
9.044762650015005789e+00
6.413571448185980906e+00
5.094809553042417782e+00
7.220867603801838897e+00
9.184525479085870359e+00
9.109863967083430936e+00
8.356569296305245587e+00
6.965518025515681444e+00
2.395352264198047365e-01
7.734768298826988797e+00
4.511773381037712305e+00
1.907065448940031827e+00
4.791286810070497282e+00
9.722714366964535060e+00
2.214118928737751624e+00
9.660036720004427480e+00
2.885666174374776904e+00
2.122173203651778195e+00
5.709202426507934192e+00
6.891112169745713167e+00
7.172000013783681460e+00
1.963441629232188790e+00
1.932866455833602837e+00
4.929703639098570456e+00
3.224094888564460248e+00
3.357737039316651462e+00
2.720638433787510913e+00
8.544127677304212298e+00
3.105986647843741455e+00
4.497370650518805135e+00
1.109275452967961595e-01
3.883927643511349004e+00
9.853331556452681994e+00
7.600205082689372560e+00
9.577168063193719050e+00
6.057094382593254167e+00
9.146661869253815524e+00
9.356753738819117316e+00
3.864956051709956597e+00
2.947847864073065427e+00
4.550267724014465109e+00
9.447737782480395197e+00
5.382455046167330615e+00
3.838385438423332907e+00
4.523192687937967804e+00
3.644767552895671336e+00
9.938475916204485117e+00
5.644552161506704024e+00
9.869163328986791939e+00
5.070774591492228645e+00
9.369067012530193139e+00
4.797047807897087957e+00
6.623517864813710521e-01
3.580040274114204557e-01
1.930751678506289482e+00
6.749655788871978146e+00
7.770559962699769230e+00
2.953595137274722671e+00
2.608322343689527756e+00
7.240260463497437016e+00
4.944964810960476242e+00
1.074418546671307428e-01
8.070888641510201467e+00
8.668772266958562511e+00
2.613743662964407299e-01
7.270568886279562548e+00
7.841398438013429839e+00
5.931358878269193724e+00
2.071491185881479957e-01
8.457104155761886233e+00
8.808847291631442644e+00
4.987174750881814944e+00
9.641567116054341469e+00
4.232619515602684679e+00
4.949831153460015010e+00
1.220743014642469149e+00
5.608917406459000610e+00
3.765155849544834510e+00
1.953532578170658063e+00
1.823587840847329389e+00
2.468126648115998911e+00
7.951444693986155166e+00
8.841096131459876162e+00
3.597372107234241057e+00
8.415475372730563564e+00
6.635427692143050393e+00
4.342236220971622984e+00
6.990892290113720264e+00
5.338943776337929492e+00
4.326569953504711741e+00
4.715119395653316836e+00
5.954539128439265916e+00
2.185227025267405310e+00
1.555876289567496018e+00
9.224107881943730547e+00
1.364449577435511429e+00
4.336793723130892175e+00
2.444939342319075948e+00
3.025924019854912217e+00
8.882951888379810867e+00
5.656529474222293796e-01
4.849582273111430197e-01
4.700361754193806973e+00
9.598046686491628066e+00
9.189704426223038070e+00
7.685012182231614197e+00
7.480088010274945631e+00
3.851157071730887616e+00
6.010934120159956429e+00
8.267764034529465178e+00
4.967599756376883668e+00
5.081978217356879490e+00
5.261731123920604603e+00
3.723758792694631392e-01
3.928355360425299647e+00
9.535943688289803433e+00
1.867306240596444677e+00
3.894062965011311217e+00
2.033486699274944520e+00
8.112624145618315907e+00
8.278838828565403318e+00
8.133782759265097084e+00
6.439185652778789404e-02
8.656771942725910662e+00
9.110796012396789934e+00
3.972817711271060759e+00
6.490368270937487694e+00
5.687121033123951008e+00
9.660603076715991833e+00
8.067217490286671122e-01
5.256996815379078036e-01
6.797428717988617919e+00
5.371402859344634351e+00
6.772692952163329672e+00
8.571295114189616982e+00
1.202811393112338534e+00
4.855156599559191655e+00
6.811544190403441057e+00
1.042743397029043395e+00
9.503757594158125599e+00
1.647674319667394860e+00
3.682487033306957258e+00
5.347585665044395142e+00
4.416486760011860468e+00
4.289580663576581188e+00
3.579694289438260846e+00
8.911811159595098175e+00
2.389695197420320660e+00
2.944542561292962102e+00
4.446015442679412288e+00
5.620378698527867201e+00
6.519537161072373799e+00
9.561056071536240708e+00
6.049948080492590918e+00
7.713313262829335493e+00
9.874899393189313201e+00
9.624412063903118764e+00
5.019190598655326241e+00
1.137929951204873502e+00
3.750304438107743277e+00
6.458871728487881825e+00
9.738761260338957726e+00
2.942071308474557334e+00
5.409236664812727469e+00
7.570313325119384373e+00
7.779978685373731828e+00
9.756432635876535642e+00
3.036629021701862996e+00
7.761714643442872763e+00
8.846909866476497797e+00
3.898953321635485469e+00
8.739243032817545220e-01
7.481008427622988677e+00
4.557758153265774936e+00
2.680383797280310176e+00
2.689760342517055758e-01
9.978572711486244362e-01
2.465274832084676238e+00
2.358541070047531996e+00
6.165539073965482508e+00
1.760775067291742157e-01
4.144603464431835249e+00
7.526537351976503309e+00
2.493303225558125558e+00
6.559175022811171374e+00
2.951591358257349640e+00
3.251833864768430615e+00
2.126026673423209168e+00
1.653957873096393305e+00
3.604992204432998726e+00
2.609765691237843299e+00
3.782406449404106752e+00
1.816056249024152747e+00
1.273821796461156453e+00
8.145830872451458760e+00
5.326891152864750900e+00
7.778003453362558606e-01
9.923762454849478942e+00
9.127878727806793435e+00
7.702325516270343897e+00
2.324752821022519900e+00
1.542664374087865387e-01
5.345379287922769063e-01
6.888051368209802128e-02
7.238560267107824409e+00
8.564519614175246431e+00
3.657143471395035483e+00
9.615222042627054932e+00
7.040217745633237101e+00
9.831729186227031292e+00
1.973334441956231533e+00
4.566422510699448267e+00
5.409994774775583437e+00
7.553900271791072818e+00
9.873776674017662458e+00
8.315897992807746775e+00
1.333756782282043973e+00
2.193944806194412234e+00
1.508080365709796311e+00
9.815431630007218189e+00
6.240209953072211491e+00
9.202691383730618568e+00
7.742947709476989182e+00
8.448077496089419824e+00
1.634559218403872638e+00
9.173089475149780014e+00
8.660057603778382074e+00
5.236308442179379519e+00
4.172377557672549031e+00
2.918832884367805747e+00
3.780358903709728491e+00
7.771371129318049853e-01
1.338345659731988713e+00
4.076253448568978310e-01
7.192078371644851309e+00
4.867347788766027250e+00
4.844888876567155833e+00
2.314074732361754982e+00
8.596596176868525063e+00
4.422280800783624954e+00
9.598658286959620867e+00
4.863930506266987308e+00
2.378721307211307590e+00
3.606699850689316644e+00
2.847472910822912429e+00
3.823187587854903757e-01
5.439023527884351061e+00
3.383316318591286453e+00
5.188912306830227195e+00
1.624380804268490408e+00
5.989903730040071039e+00
9.430204934288943797e-01
3.588397076445681844e-01
3.207895697024484072e+00
2.671969191730625415e+00
2.925509175487579494e+00
1.915588240616120652e+00
9.762686422672256725e+00
1.790924095856870624e+00
1.035521902087568336e+00
8.835352844465640842e+00
6.602857954462412415e+00
4.840441795444453632e+00
7.134286806851827478e+00
6.213851335980854707e+00
5.420699782236905406e+00
4.515062769361520623e+00
5.041142712149415672e-01
2.406054289391434953e-01
5.385737553131110467e+00
8.041656818005352036e+00
4.451920870371153249e+00
9.240793108878680329e+00
8.570317126879483993e+00
1.388369772414341785e+00
5.971588422028965226e+00
2.804456601381977165e+00
9.910138166562141748e+00
5.307573130604817280e+00
7.475839612746001173e+00
4.230215699007697339e+00
3.905681821804185549e+00
6.744024568785239815e+00
9.575754482539549528e+00
5.143982688996362462e-01
8.204042399530409035e-01
5.520224486502255168e+00
8.111915813037727574e+00
8.241210495637208311e+00
7.703757133553153835e+00
9.044045251978527489e+00
8.752818507316410646e+00
2.307539763685787726e+00
5.707623459262756160e-01
1.985343818133905591e+00
6.288844739322181354e+00
8.447956472622045965e+00
2.220296299371038451e+00
9.769003655372285877e+00
8.020869059490244979e+00
6.675519005762002855e+00
5.091429384765964627e+00
8.926161736740281683e+00
1.908558161786277907e-01
8.980610707120860070e+00
4.061126038207133249e+00
8.280517546617939928e+00
3.583885833998424530e+00
2.064475607264987467e+00
5.256963151708693438e+00
6.210934601268304434e+00
2.471197586132389823e+00
1.772918368377649490e+00
8.270789787500421042e+00
5.942824111855182778e-01
9.994943177612036322e+00
1.006923048185903724e+00
9.475924821810947307e+00
5.615656395127528455e+00
1.813253804529850743e+00
4.560033889073452862e+00
1.563072070025084415e+00
3.922386680703482398e+00
9.142399541361934112e+00
1.228097362560949257e+00
9.536483467289340155e+00
8.506503062212395605e+00
6.337268535637319289e-02
6.401378045739117617e+00
9.508461042094595861e-01
2.857102960794670743e+00
1.638941857576641237e+00
6.076850188971380184e+00
3.753512562685496157e+00
6.127858328387025821e-01
1.911132360827237919e+00
4.840328083445966101e-01
7.653826698241505078e+00
6.004030665544581424e+00
3.800520376516114407e+00
5.981164535111219038e+00
8.728255902725001736e-01
2.026586482620929885e+00
9.018369074881626091e+00
8.576430725711809089e+00
3.236469378474980729e+00
4.776648411556527307e+00
3.842847054423630393e+00
7.763434137097409149e+00
2.414922576720294423e+00
7.082899598083042036e+00
8.083485935509655107e+00
2.478754605063922867e+00
6.419866487584908299e+00
1.835684551873761894e+00
9.273834417079550363e+00
7.536117039900045000e+00
4.858666844583482636e+00
1.912687465968542222e+00
1.824947580610070119e-01
8.281895841313533069e+00
4.135455085278056941e+00
9.680422367557072860e+00
9.730822914777494503e+00
4.341678022602051712e+00
5.363238632254918592e+00
7.636007214683719013e+00
5.601880964582909073e+00
3.738418689674865014e+00
9.261934261675410340e+00
7.101530987344943036e+00
6.161988748991593212e+00
9.819391508773220423e+00
3.715048944678428278e+00
3.589477143636877976e+00
2.864364517855504388e+00
7.197534620519741466e+00
8.172960842612131405e-01
8.433087648521354396e+00
1.652736449449658807e+00
