3.719668931735088613e+00
9.633470915011114855e+00
9.189801075112676187e+00
3.041647755306930989e+00
3.307094113556670045e+00
1.416935125585575550e+00
5.790780065713359015e+00
4.092666394151266651e+00
5.537506855239016090e-02
4.072322404777894977e-01
5.960142614466205302e+00
8.884237163666728776e+00
6.803424908982071528e+00
6.376633268709852587e-03
5.683575269280818354e+00
2.514501691097663638e+00
3.843715203462481078e+00
3.863536149710489198e-01
9.630954128712970075e+00
1.549911389603042533e-01
3.227448089244426832e+00
1.810777411470432252e+00
3.422535416645011708e-01
3.150118057840383123e+00
2.354389405096274146e+00
9.018643460800920053e+00
8.037943568708369568e+00
7.119789965525916031e+00
9.623739756926386946e+00
8.586391551180783566e+00
3.152241967338555995e+00
6.744823831790334623e+00
2.228025940419424700e+00
2.453856271515755250e+00
3.908231591889367529e+00
2.289286632793770870e+00
6.150631895102144142e+00
8.098514284452529299e-01
7.671083255655467781e+00
9.040702969429963431e+00
8.689557978994063347e+00
5.321676080665348252e+00
6.814407158241069240e+00
1.160377543593260619e+00
5.221600135593873482e+00
2.961296139691188323e+00
8.269572838903098244e+00
2.491575153276773591e+00
1.733359156184552941e+00
5.870892302431331089e+00
2.431682575696003656e+00
3.021228157870929909e+00
8.420792512999760504e+00
3.696768348633393764e+00
7.390104770624449593e+00
5.944604858534620284e+00
1.566195628308378884e+00
2.624428234054071218e+00
1.658688714690280674e+00
2.091618040672751366e+00
7.389489409987665347e+00
5.488086130638341054e+00
2.140691576401299034e-01
7.095740017260869337e+00
6.491594839044170229e+00
5.409865877771005138e+00
5.714896333527923034e+00
1.361742924398023913e+00
2.964039159864300110e+00
2.807328790919267902e+00
3.744891522633739811e+00
4.222276999701707112e+00
2.841388425872995782e+00
2.284318835583436513e+00
1.242345966494831089e+00
9.813754548582209747e-01
3.965577817359948742e+00
5.580143280704188413e+00
8.309203154492507792e+00
4.059063759004956751e+00
9.549084541154734040e+00
4.358605832193063634e+00
6.252705628871303212e+00
4.621473328542407444e+00
1.993386155582264063e+00
3.983742270364732718e+00
6.875426666652932006e+00
2.794352986719763621e+00
7.827160375632411515e+00
9.212423609009960046e+00
9.645479500341565426e+00
8.297188586047218095e+00
2.537186252300394074e+00
5.452901807657926980e+00
6.300201093297520316e+00
5.010633277898980609e+00
2.153382287039846688e+00
8.702613052947473449e+00
4.711878851294311055e+00
1.167679804866462723e+00
7.163343182777492046e+00
5.713117611365349902e+00
7.878473256573085948e+00
6.866742420741092090e+00
8.687199614618508647e+00
8.042996753640674346e-01
6.608403275964520596e+00
6.251237614611482307e-01
2.015931847547639322e+00
3.501900969770603833e+00
1.650461834827858798e+00
1.677770098471449423e+00
8.918042576428431900e+00
9.799007012468960554e+00
2.364684203812271512e+00
1.218398490362740949e+00
5.082105655695966284e+00
4.197492942862403709e+00
1.298656118464246445e+00
6.394875899280836329e+00
4.527736760212509814e+00
9.623847293256453383e+00
2.032916352425465867e+00
8.924901909802567701e+00
9.476765637572695411e+00
7.842472968997213023e+00
8.762532472006889783e-01
4.066869872851119894e+00
1.505792638083914836e+00
1.843822851617676895e+00
1.950957648361302255e+00
4.026776319695924755e+00
4.401259595338364861e+00
1.582717015419451423e+00
4.161052108879970124e-01
5.363281312449163174e+00
9.375709048709779836e+00
8.403084324281973050e-01
3.007590746207155163e+00
3.532830113514717763e+00
8.003134156768702212e+00
7.887674924508480956e+00
3.456221900381418521e+00
4.389957449796263234e+00
1.174444035420464383e+00
1.034491575781948391e-02
4.193891382764696196e+00
2.423601709564419338e+00
6.474784634289598273e+00
4.789186892755670222e+00
3.722781816149713929e+00
1.850147415091266678e+00
5.287835069427516466e+00
4.667622347635078661e+00
8.960723719482391658e+00
6.552113649944804052e+00
4.057885119062808243e+00
8.253198320652817443e+00
6.694665439601164891e+00
2.859119757144641394e+00
1.822012482197957750e+00
8.811130242671372237e-01
1.977919625992828889e+00
7.560703303992610813e+00
3.145454126255510019e+00
4.849604788283057299e-01
1.422830777187521489e+00
8.426297199673355109e+00
6.278973962719465618e+00
2.077141728017672051e+00
8.585153749929704148e+00
8.479793969784175545e+00
5.732338533514940160e+00
9.466695484942215799e+00
9.775862740563701081e+00
4.123600788366895031e+00
7.660683163342464574e+00
2.186259225100378956e+00
3.102126029175672706e+00
8.434194532890005647e+00
1.086096844472617118e-01
5.342909276352378889e+00
8.383731229623423431e+00
8.169360726198441114e+00
8.050881510963439069e+00
2.832792010496466339e+00
1.097261281656591869e+00
8.200604101075116503e+00
8.392685133135710629e+00
3.244100033518246828e+00
1.436528768775851006e+00
1.753312954042707261e-01
1.346436751942513554e+00
6.571186258881821729e+00
8.594956197298461831e+00
9.133734697877793351e-01
8.994282553562936045e+00
5.302604758326277867e+00
7.986998599993774484e+00
6.247856849280875480e+00
5.456360132380400962e+00
3.831267308181284470e+00
5.209353842497630893e+00
1.523477261508726643e+00
1.587126195754466895e+00
5.764216466875460299e+00
7.535820098114822230e+00
8.688721613190695692e+00
2.790093977164572969e+00
2.544204718716416291e+00
5.721249105329934359e+00
6.080049265272252867e+00
3.982784167863332669e+00
7.686145957805496032e+00
1.735609512401226073e-01
4.934055558760530591e-01
4.702952135957430890e+00
9.060158492879242687e+00
1.785521697252784312e+00
3.479714497552823804e+00
6.546550169759619564e+00
9.420937304079288310e+00
2.570718735333088478e-01
5.747975567005267905e+00
2.560938292204611777e+00
4.818063561170080611e+00
3.691031889358968865e+00
9.066382949544690817e+00
8.935889996792656831e+00
4.220431507892809186e+00
7.285144940063558394e+00
2.229235814215315692e+00
3.872439336374959851e+00
7.235888539338216852e+00
5.187429386252839336e+00
2.234388673069060971e+00
9.433922484857003354e+00
7.880068546889495984e+00
2.879613525688327069e+00
6.565692106070005529e+00
5.102583854409981079e-01
5.725180293640991458e+00
3.324168110897721462e+00
6.130127939486502697e+00
7.997611508506813571e+00
5.047988371019368259e+00
3.126592520909264650e+00
2.532936443020379347e+00
7.097398813142464569e+00
9.610588549417906634e+00
7.528525969229780124e+00
5.065807346441431047e-01
8.604075401016930691e-02
5.715305004208294015e+00
2.032665733083176551e+00
6.066146285578566832e+00
8.761729105613458302e+00
9.106304602138672877e+00
7.993961470844924477e+00
1.187847404477799795e+00
2.357701042544100289e+00
2.449671380411053700e+00
8.207316667185937664e-01
7.520218416713345455e+00
2.873455313609390771e+00
5.959307350226675126e+00
7.740530816255116520e+00
6.634964557957902187e+00
5.031694720282234634e+00
3.469027262847993676e+00
2.184858357011316699e+00
3.017780100506048058e+00
9.394909502929658984e+00
3.627943154588049168e+00
9.350613092715686747e+00
9.437210081078864832e+00
9.145285383000796742e+00
3.049993589323557686e+00
2.867873841770667287e+00
2.215161104494201894e+00
6.735638266588532375e+00
5.751225304701797825e+00
4.414888279672053883e+00
3.072757216913823974e-01
9.421802682132995876e-02
7.473420462490738103e+00
6.405231958187687091e+00
3.804986937619652121e+00
9.663849046920525154e-01
5.784048177849298256e+00
3.317111561072321191e+00
1.700030210929540653e+00
5.726359334394684808e+00
4.726601310089893815e+00
3.842238115923223063e+00
3.861117808625358361e+00
4.498621272042947261e+00
8.391072775410549411e+00
7.709151870318923017e+00
2.413648314456128041e+00
6.144822522274844268e+00
3.413512228671019777e+00
8.093061739052554771e+00
9.892147950059154482e+00
9.845933934351874584e+00
3.267268588703763577e+00
2.781456047241502638e+00
8.816012583881072118e-01
6.424388957291212954e+00
9.931657435541707546e-01
3.186876367296778145e+00
4.533558920290245986e+00
6.618703896330102587e-01
1.954115380670267133e+00
8.393520410927759912e+00
7.689660733964580608e+00
8.575751935933343617e+00
6.027338557697456523e+00
5.103658593783682029e+00
2.932359259646455385e-01
5.185979848053101193e+00
4.150074713389654057e+00
4.760443471350617184e-01
1.706753671857283994e+00
3.909169774225329519e+00
2.714571674010404223e+00
1.197964534238958878e+00
8.239023388370835477e+00
5.330778738681423157e+00
7.288542400557461498e+00
6.242535178862698153e+00
1.511736949184624423e+00
1.857610986125591834e+00
1.982721326140935991e+00
9.325574601179834389e+00
6.139971529749383095e+00
1.973960964883108016e+00
1.522551756136165668e+00
6.870964713895634901e+00
1.832546630964720924e+00
3.923045919540922633e+00
8.418741831343057314e-01
6.058521261755713816e+00
2.188210483959355024e+00
6.767547279995445031e-01
1.449210794521273993e+00
8.426683731863695570e+00
1.406087909901154731e-02
8.725476214746852310e-01
7.955641459465093490e+00
8.558671978253205026e+00
2.008800807973303293e+00
5.354666501352554064e+00
1.726035296226162696e+00
5.131215122506104009e+00
2.493579942984648135e+00
1.605486835026285197e+00
9.197766852130001780e+00
2.244028955122037150e+00
4.666561690207800872e+00
4.449126709927156753e+00
6.706236364737947042e+00
3.539777567550856041e+00
9.880247677629421688e+00
2.230338984311668327e+00
2.577757732250969269e+00
5.322066374458944704e-01
9.488751409388164859e+00
6.910839267744567138e+00
3.632808370932325559e+00
7.670752569619514460e+00
7.551413560208658282e+00
9.008036107432380035e+00
2.925019438648959191e+00
7.107116804570560831e+00
7.778277952073298085e-01
7.075962810702391970e+00
6.068949989446206672e+00
7.292657797357087190e+00
3.705870270804332289e+00
4.580732558345878225e+00
3.159295593428418591e+00
1.456747248742877865e+00
8.791384354784629096e+00
4.199998494693524265e-01
2.529992708965427273e+00
5.506179277356237911e+00
8.167592496401721025e-01
8.833802881899909920e+00
3.422788637234152276e+00
9.970619020004164668e+00
3.750076238326747191e+00
2.987070796589552657e-04
4.785067016858941535e+00
1.708076658641567436e+00
6.921134317567434469e-01
4.129055193128117196e+00
6.231949094038669035e-01
8.060818749785209292e+00
2.563131943998549822e+00
7.581022368720007343e+00
1.961006550370993917e+00
9.653196822048453640e+00
6.099569548500523908e+00
9.748731483019246191e-02
3.850080624206947633e+00
5.837405949982009901e+00
7.627797435420069050e+00
5.915504154897359257e+00
5.709518326298018920e+00
9.126177269027712313e+00
3.464229924463465338e+00
1.796548181871971961e+00
8.094103201856935215e+00
4.885749351909281835e+00
8.540015603330225247e+00
4.173687450023908951e+00
8.534787880104688362e-01
3.636013697875486450e+00
2.750529737085881443e+00
1.142117406188136730e+00
7.659402713799938311e+00
5.420483484408426200e+00
3.420038569402801265e+00
2.561399926889593726e+00
8.330516003345577403e+00
4.486601095705818665e+00
7.986514961584017414e+00
4.430833988231427156e+00
7.729430292714582151e+00
2.122763742504533369e+00
1.248067574838968019e+00
1.999782364404071311e+00
2.089193892239316064e-01
5.935479365638570926e+00
6.749123556650753031e+00
9.574138523167174952e+00
8.340145493277624666e+00
1.449461250534966883e+00
4.938382148680503292e+00
2.236293059748672984e+00
3.934478767420822365e+00
5.245422936201409314e+00
8.526153438751620683e+00
6.585248763891805801e+00
9.076500799844271938e+00
8.741282013721225042e+00
8.020665240203317392e-01
9.362615703172709303e+00
2.195306418414078031e-01
1.235250983746534192e+00
1.244470833260280518e-01
5.857451724472620747e+00
1.661741411481524322e+00
7.339942190805319733e+00
5.597470118956477059e+00
3.998304704029909118e-01
2.273407964266593861e+00
6.156824699095608366e+00
2.544117961612158751e+00
1.741086451561127957e+00
4.479640257032260209e+00
8.284976597034475532e+00
5.935590860260381518e+00
7.079368031810120421e+00
1.029769621067176955e+00
5.233416876694052533e-01
5.968653391933075092e+00
7.255414123420811379e-01
6.586416543414683744e+00
4.851356808776130514e+00
1.997091167961917435e-01
9.052512357669982634e+00
5.334982114080996318e+00
1.998788323070770367e+00
4.436464588228830941e+00
8.725190970123541945e-01
7.410067911032327537e+00
5.107083060651946838e+00
8.836082503805942068e+00
4.719654089267548258e+00
1.241724906836424447e+00
9.932855947411260544e+00
2.318487684959054995e+00
8.354947140465760924e+00
5.221396828857582051e+00
6.430714135347740168e+00
3.316937260317121883e+00
5.501021759366836683e+00
9.981710648650621298e-01
1.031484545255806351e+00
4.830105376968574227e-01
3.963301434493471387e-01
9.647158419750137881e+00
9.767012050481027607e-01
8.929789936037257903e+00
4.832233233731103361e+00
8.878257125436892494e+00
9.203883871902156955e+00
7.494178227324601593e+00
