7.131399301772400889e-01
7.011452437175947239e+00
3.043443962600327346e+00
3.168249463575344649e+00
7.593999849037573746e+00
5.856916192549262767e+00
9.326750957903851003e+00
9.403643129485434571e+00
2.456663276427502929e+00
8.348304101497125984e+00
5.597431705404564362e+00
1.047590354070908614e+00
3.014053537983572006e+00
4.345329008023463224e+00
5.444446050121066527e+00
6.400717976014580479e-01
3.975124479379512632e+00
4.392957731016405631e+00
9.004661574069318775e+00
5.025454234230002371e+00
3.670645943402566225e+00
7.453651361514068707e-01
3.028161080016067430e-01
3.553937730200713574e+00
9.024756464524589461e+00
1.515174118255903091e+00
5.596051941310856925e+00
7.997190092599356426e+00
2.654908333245388441e+00
3.688399641852004862e+00
2.791271352378638326e+00
2.105130254164844228e-01
2.500025723161765079e+00
3.407998342418645521e+00
5.548008129180789894e+00
3.640226814250686616e+00
5.859570068126065401e+00
3.754959368012507070e+00
9.939232998671812425e+00
7.936394378614441969e+00
4.452015898302724928e+00
8.361105220899059276e+00
3.394317599252592021e+00
2.028408664100065373e+00
4.008270812492366275e+00
7.538535888337737134e+00
9.364911463800718039e-01
4.510367320549723225e+00
6.855054539539429115e+00
3.758547859231067267e+00
2.143607944853800351e+00
5.626885222149009991e+00
4.744677397470364877e-01
2.830423858749031574e+00
3.882744831451652168e+00
4.076426543724906537e+00
2.757265425775545786e+00
8.492022064561707495e+00
6.455811742857095581e+00
2.230751981032263132e+00
5.176049352557764216e+00
8.796224937862472615e+00
1.367099645240188455e-01
9.002992984997909787e+00
8.485817965343972702e+00
2.198418324817189351e+00
1.738182579389238036e+00
6.728343958777635692e+00
6.427041245398614322e+00
3.080687762924782191e+00
4.575837472571108400e+00
4.873100269722573152e+00
4.059395397338763978e+00
9.173513643800930595e+00
9.324462717198245265e-01
6.798656902354957232e+00
8.806857352125831540e+00
1.197002655642456226e+00
5.599160356264885507e+00
9.619839672555112742e+00
4.968026211260755609e+00
8.258732731675028305e+00
3.290671286953731567e+00
4.939906336373781848e+00
5.304017743703700383e+00
8.609182489980861774e+00
1.509543203049346083e+00
8.765536563614100274e+00
1.698631932728326133e+00
6.093583288613000803e+00
5.333476950811661510e+00
7.738222294873099649e+00
9.583464672591349043e+00
1.257276448927575618e+00
4.966470557701764932e+00
5.479122581316229201e+00
2.795854287515432191e+00
7.199426357681185884e+00
8.476174402504163652e+00
2.609907481145481434e+00
8.665553442783778593e+00
5.495151377358897804e-01
8.721411179218016230e+00
6.885348361622760649e+00
1.497499946561110518e+00
4.671637648621857153e+00
2.416798829125297310e+00
3.345304574568686018e-01
2.616940864788706023e+00
4.058373621988019764e+00
4.047292335202272717e+00
5.738422195128648262e+00
4.652309880415645971e+00
9.489447485501610657e+00
2.214774457802504148e+00
5.055736276733036938e+00
6.262426778592777854e-01
4.681468638103888580e+00
7.209851289531448160e+00
6.615877520010282620e-01
7.375094549282521506e+00
2.526648839616711939e+00
1.695589798295948913e-01
1.215337157309737126e-01
7.807918670105006953e+00
7.053147057253820407e+00
3.753565619600172099e+00
6.716878903944971668e+00
9.668129555979144030e+00
7.897822589652141900e+00
2.991944126328815123e+00
4.176181739499967627e+00
3.299993225502551031e+00
8.252472260334183574e+00
8.479621541469594348e+00
3.291140545579338550e+00
4.270983717218536313e+00
3.330510635560741672e+00
2.528476803015977659e+00
7.447802266884318012e-01
4.482037266018609856e+00
5.568910987347761576e+00
5.265616058777059294e+00
9.367403659073460176e+00
2.011090139469275950e+00
2.779381233833265519e+00
2.299989756098808069e-01
8.157749591110324161e+00
3.880189765800189150e+00
4.219129640596928965e+00
6.420419517407713883e+00
6.928799979901932637e+00
4.968150071401815637e+00
9.507677647986152891e+00
3.403663076585528913e+00
3.620051845502545440e+00
2.279146034492325334e+00
4.126784524406483357e+00
9.100249520863522790e+00
1.021488336145673914e+00
7.937841528569009597e+00
4.133933670378645786e+00
2.982461804121909754e+00
1.851908212522097585e+00
5.728908131670973347e+00
3.956442067804928353e+00
5.316403438828603001e+00
7.059351043095331235e+00
3.719699173956715121e+00
9.036350873191590694e+00
6.136078242501906033e+00
5.913484105231276544e+00
5.253007666648150220e+00
4.669835335597513293e+00
6.774802758906909084e+00
2.150527053483670681e+00
8.686199401590226188e+00
4.634511067740858081e+00
3.330643710489323617e+00
1.775150987361566735e+00
4.755348250539548349e-01
5.423203147266653090e-01
7.870420986525084928e+00
2.332885796079415819e+00
4.863552562767377907e+00
6.905032230915649549e+00
7.881204333656395278e+00
1.262606722497389145e+00
3.652608509964294647e+00
7.460228483562110213e+00
6.551165225063360076e+00
9.211916661837518561e+00
6.836528554567376403e+00
3.910426263950350645e-01
1.189030390327114883e+00
1.120265952777707019e+00
6.845051218184236674e+00
5.460166991124556723e+00
9.712976632147791278e+00
7.941464133916845469e+00
7.963836853893274892e+00
3.349175854230665994e+00
2.243649654196192778e+00
3.929338272287419276e-01
4.877157944926197253e+00
3.011496270889825411e+00
9.514436193871262049e+00
9.387205910222174765e+00
7.911243860452675136e+00
9.562942034206036723e+00
9.864481018531201517e-01
4.032351461045841745e+00
2.325801541184928656e+00
9.426141289154720937e+00
5.308349790201779328e+00
8.901294291340068554e+00
3.121967876740998626e+00
1.521034031061184733e+00
4.084429261118480703e+00
6.475046883550953147e+00
3.057258675106522272e+00
5.065863071907489967e+00
5.480711752872503340e+00
9.181540142132531557e+00
7.574548962903437044e+00
7.875155720256429959e+00
2.716660773165991749e+00
4.217494156444251630e+00
2.127914807406128261e-01
1.498850832187360593e+00
6.777654350396500327e+00
8.139926937648148453e+00
7.600330411746366366e+00
3.731284979331128682e-01
8.096705698997720191e+00
1.621058245535015319e+00
7.479577156744754873e+00
1.604508527321393263e+00
9.665918408001036966e+00
5.553333361388874678e+00
3.421738495280238546e+00
6.490358049372670024e+00
6.280166114527078847e+00
2.992180250387296070e+00
3.065830100075671361e+00
9.277904561397104288e+00
2.588336302303510195e+00
1.302203103756539582e+00
6.913344734201261055e+00
5.946026960546959117e+00
2.164986097294978595e+00
3.350188547233127423e+00
8.849810381884473998e+00
3.025281133934520916e+00
8.768626620462287136e+00
7.225522784688843458e+00
1.166864559355537123e+00
2.284695439388768623e+00
6.536512990609809393e+00
3.795070390689749829e+00
4.855339263983582399e+00
8.705695669792181235e+00
7.884828112192453275e+00
2.705400657110202722e+00
1.229868805868074011e+00
7.711666640300647302e+00
8.317795857272582083e+00
6.891839638324893436e+00
6.022603481492660116e+00
5.262103080048694537e+00
7.031331416372785803e+00
2.590669894537954931e+00
5.249199770182581659e+00
8.717949827324444900e-01
8.013118743724852777e+00
5.448066688610090580e+00
5.775119878027735965e+00
5.684487722628950301e+00
5.714783040792188018e+00
5.384894129054295320e+00
1.686735197970459232e+00
8.083863506641984387e+00
8.812167838186347524e+00
9.440163863834401425e+00
2.146847266613207683e+00
2.177043814515510434e+00
4.301238806393243408e+00
8.324559362979561783e+00
8.495436202843562157e+00
6.914981734990160334e+00
3.895517848809594064e+00
3.005682529958767724e+00
1.365264691437838573e+00
4.418647460613479794e+00
4.269503343307603060e+00
2.864444708433422360e+00
1.972225435913517178e+00
8.088778055027713521e+00
8.763785877667961799e+00
4.353428713548512796e+00
7.136716658888088816e+00
8.756368111290987244e+00
6.328023664607900223e+00
9.110862947124148903e+00
6.386597267689064772e-01
4.918481138929974961e+00
7.813922089642647784e+00
6.436889582908181140e+00
2.456450669086108540e+00
8.184892048424476485e+00
9.699329289981514890e+00
4.637540296993321043e+00
5.324642257046022564e+00
4.300465667749966414e+00
8.283064512799713341e+00
2.708861797759136714e+00
5.889586467370335754e+00
2.616677337961045069e+00
6.377176804299350188e+00
6.941199894181544039e+00
6.028748182447834836e+00
6.381260053743043059e-01
1.080634761733308968e+00
5.269254046509322720e+00
9.609579416253172468e+00
9.594269867766232807e+00
9.850362517058128375e+00
1.154515904011071958e+00
3.992985002129803895e+00
8.787722215029475592e+00
4.378065327642825189e+00
8.540511960816871806e+00
5.088231061269902433e+00
9.065169245203936299e+00
6.229706021514326508e+00
1.661113437498408230e+00
6.461995410762093606e+00
6.177130832142733396e+00
1.474079578976219551e+00
4.781651107668782874e-01
2.478942351549414447e+00
1.447563325497809306e+00
3.406940575311337760e+00
5.275081124591115334e+00
3.987512792194864986e+00
2.627909341775702678e-02
5.012120171296603033e+00
4.248386491000227139e+00
9.010889014859625235e+00
4.333298657569240042e-01
5.051102019079393379e+00
1.565852556510016758e+00
2.419389647021069401e+00
2.257177866288035961e+00
8.454201552199387848e+00
4.478927258575584602e+00
2.562717718981197823e+00
9.131750584908338908e+00
3.543617571140700306e-01
3.993106129668719806e+00
8.549431261407008265e+00
2.506936455954064336e+00
7.567774343218562905e+00
1.116136094816165825e+00
3.053876451290079785e+00
8.673891512624276601e-01
2.499041117306580517e+00
9.885324354396647806e+00
7.154250718563496036e+00
4.898849133158826419e+00
7.273468773219692096e+00
6.144816568495681253e+00
1.981735313599903847e+00
3.831042370066346514e+00
7.102594973954889035e+00
2.189455002000637585e+00
9.826207834833297738e+00
5.791661877302659356e+00
6.924021286795741581e+00
6.698635315556931147e+00
9.332773946015317179e+00
7.546474891037973975e+00
7.477913418548100211e+00
7.213496104580222834e+00
7.484230791321358822e+00
9.857980044262941277e+00
8.332365101593611101e+00
6.862051519720583137e+00
8.650270689241864375e+00
1.402198165510504246e+00
1.378345611822344718e+00
9.206866603413987882e-01
8.267089374599681406e+00
3.284595711093595050e+00
8.960143229369686324e+00
7.953921481689977036e+00
2.292801606544665471e+00
4.726292484522196524e+00
6.032726252976794434e-02
7.506887696155044587e+00
6.836432475161460687e+00
6.991600523755603369e-01
2.232851706149869830e+00
4.822691741484952388e+00
8.083447006394614220e+00
3.707941385197173201e+00
8.658809865410399542e-01
6.461259515346227111e+00
5.398416397272278289e+00
3.750422449488373111e+00
3.847841510659399056e+00
3.235829921544217669e+00
5.936449997710527171e+00
8.988677314959812037e+00
1.168926768543865347e+00
2.542719083279556536e+00
5.048473736709613746e+00
8.712466077313482771e+00
1.138056330476250322e+00
7.024434138253962345e+00
4.167499839570915299e+00
9.417550369958506806e+00
2.185075719737610278e+00
4.811060333899243702e+00
1.252766988545498394e+00
6.135825681944907295e+00
4.724947525263263337e+00
9.021803136785810917e-01
9.362135039865291830e+00
8.762567287619804635e-01
1.084018165770934683e+00
4.163762941147718166e+00
1.418355950087381023e+00
3.606376832126376719e+00
4.221295482018913248e+00
4.470231177226570374e+00
5.689594478929690169e+00
9.288025709573698663e+00
1.383135996979389937e-01
1.618711795140599374e+00
5.300567660027443395e+00
3.998159844323236900e+00
3.887913451451407987e-01
2.048922256399605679e+00
7.350613805701544656e+00
3.991317990879195143e-01
5.368346614759661684e+00
7.335196171304703583e+00
3.440711714554106848e+00
9.469891622380913532e+00
8.382506451542591108e+00
2.786449341863280971e+00
2.287038090393880285e+00
7.721901509049258649e+00
1.124517311926997998e-01
4.241619200130442913e+00
1.763707620891241667e+00
5.160143631695433442e+00
5.733686170371621316e+00
8.800822983918209275e+00
2.287305799746421009e+00
2.886215508568553467e+00
1.274350652466820222e+00
9.383954590836049547e+00
3.899227188206679795e+00
2.349718491031196343e+00
6.290891487897997791e+00
2.826089480244764474e-01
8.928219327573366115e+00
7.574979749897481796e+00
9.685711949713631697e+00
2.471281075699019780e+00
1.120822930449051347e+00
8.420636389762373497e+00
4.032776430843423299e+00
5.598475536472302672e+00
3.017215057488194851e+00
8.682707539023772014e+00
9.478275079025449301e+00
3.698492627993397175e+00
8.924022671696009823e+00
4.183364835984553665e+00
6.715976497978124016e+00
7.452265319901840712e-02
4.588128338961658947e+00
9.202859428375280260e+00
9.895973765924514609e+00
1.583222775070940447e+00
3.628997622317547744e+00
7.662674839941300498e+00
7.292543346152483785e+00
2.519897608816961121e+00
5.638898477116715213e+00
6.346294931912432880e+00
6.564345028557333706e+00
2.893124395132756987e+00
9.924929499146772915e-01
6.012182927754078143e+00
2.584444513313303382e+00
8.340584364770501580e+00
