8.844946296134994057e+00
9.954343824494761961e+00
5.916325661754646248e+00
7.790812612826124806e+00
8.529045835792851804e+00
6.313877572945366445e+00
7.272952582162242052e+00
5.028020474413751550e+00
9.203435044306096380e-01
8.873822406663649076e+00
9.866695568160517738e+00
6.063108040283450961e+00
6.765710080272705262e+00
4.488208816606245932e+00
8.880138122506119558e+00
4.465635089197609986e+00
4.462277167420355184e+00
5.358230486725727992e+00
3.333057878952190300e+00
4.268474434018959762e+00
8.466178342957575431e-01
8.797526049431137807e+00
4.488456074527982231e+00
6.191852672431988225e+00
8.682828045616421520e+00
1.530245077012682975e+00
9.229177992855554180e+00
4.749184106280791795e+00
1.926840700341027057e+00
5.167369731640673258e+00
9.363094638872906827e+00
1.908058950917931318e+00
5.323703120671577693e+00
9.413430317880923326e+00
8.523232506354846194e+00
4.954405303591585152e+00
6.016212381709499013e+00
2.324703324444493902e+00
5.198364659144150135e-01
9.638109942898223537e+00
8.853851748157557822e+00
6.816160992771570726e+00
6.414588252440419858e+00
2.946758259776443012e+00
4.946189044521739575e+00
5.571289869319987709e+00
4.303446736836274766e+00
3.483316145743722281e+00
7.934602457720863811e+00
5.348588924340624828e-01
1.007146217463598115e+00
2.546475285652403997e+00
4.208003965904556054e+00
3.306867426236703711e-01
7.740133708614276742e+00
8.839796919707133327e+00
9.201011584210998961e+00
9.167157139604325877e+00
2.773300154485656144e+00
5.720558897584909985e+00
5.024850526819590879e-01
2.405670936903305801e+00
4.634620417925845004e+00
1.324078557416423774e+00
1.451630238548925478e+00
2.387135377574856054e+00
1.411466471581190874e-01
1.680807431688511322e+00
9.757615157909533821e+00
7.437867484101593263e+00
1.894315269013895353e+00
4.405058637671132260e+00
2.887252747382997864e+00
3.432006672860236307e+00
7.073152117306491515e-01
9.509728179478207366e+00
7.934890994817644927e-01
6.557507570055200574e+00
4.338573306444142297e+00
2.402148107839986224e+00
2.907159872158071590e+00
4.388612157315817441e+00
8.547884253155466183e+00
1.026911481172093632e+00
6.705514195695277735e+00
5.821885267259581553e+00
2.819547825241585315e+00
7.891191074846567233e+00
3.886515844972060485e+00
5.585973554184558765e+00
8.050308167178210628e-01
1.460909122794259440e+00
7.106688286068640004e+00
2.729934895349898305e+00
9.210235851854731592e+00
9.935340938632103658e+00
5.827439025084508728e+00
2.528941572642282587e+00
4.364900878892459701e+00
9.699850554809248848e+00
5.603405064778943512e-01
1.932249493010163022e+00
8.148974453590739131e+00
3.382296822444026407e+00
7.404601659519959078e+00
1.650048620133873767e+00
9.850125309244706528e+00
6.183430619501117942e-01
5.577499544202013659e-01
3.702893531066764332e+00
6.694383487838944546e+00
1.593665855402779385e+00
9.414803459286270382e+00
9.044225528173303275e+00
5.863864160961925975e+00
8.713347940343600939e+00
8.382069003281063857e+00
9.065963503489538056e+00
3.046918133027253006e+00
9.054396520638647416e+00
6.455406214101189200e+00
8.991527551380540384e-01
8.189971001791045424e+00
8.845418747089532019e+00
4.936133927371251673e+00
9.831465590529383292e+00
5.003899869753714036e+00
1.626249563852598667e+00
7.421686040325781164e-01
7.658847135263208372e+00
4.256123153874185050e+00
7.632718761856283063e-01
3.477715329703072733e+00
5.468731252041941993e+00
5.392591076380831794e+00
3.679221760562904286e+00
4.563311960109553311e+00
1.498552591588331317e-01
6.925424337235530636e+00
4.415928953072112417e-01
4.031186856436485222e+00
4.500902804330091378e+00
7.298192917594984230e+00
1.716940352227804834e+00
3.272530696980402443e-01
2.590606298643680638e+00
7.443589340510799346e+00
4.905286189066759839e+00
4.904390457158545935e+00
2.299399274451507935e-01
7.813273233981664845e+00
1.739710542375316749e-01
9.912674294848089485e-01
1.599453978418424738e+00
4.668853130621215541e+00
1.981166784966482686e+00
6.241901965746916581e+00
5.522555380634221578e+00
9.621824584480592080e+00
9.730208387159054340e+00
1.358593824094352920e+00
7.921622734655615616e+00
3.093308192036853477e+00
5.710218695775777675e+00
2.062903473842601088e+00
4.621139225226977842e-01
8.000263513152022554e+00
6.288842696529552967e+00
1.122958386022809840e-01
1.809219046107732876e+00
1.178797433135749806e+00
9.266596687259582410e+00
2.819805806755910638e+00
7.502385144603951339e+00
2.751206793176470544e+00
9.338220152326554668e+00
1.916216327438148292e+00
5.729734632691618756e-01
4.544742876136679044e+00
1.570170231349566903e+00
7.450072430552832081e+00
9.585659452156116700e+00
4.686360393387111856e+00
1.013080915056109310e+00
7.139199707796896277e+00
4.632648753042204248e+00
8.856238837141056308e+00
4.432032396360430226e-01
8.805822437969050398e+00
2.449690361086254153e-01
3.653421682430456841e+00
3.461797469805005800e-01
4.364050729776231208e+00
8.167233617849371186e+00
1.921547064114584868e+00
6.223285742277312238e+00
7.770669186084183444e+00
8.428669145474687596e-02
6.084938236405506018e+00
3.420563347168983359e+00
9.835384909202533166e+00
6.083392384223116345e+00
1.099622239556186098e-01
3.066552243154325730e+00
3.264308856112021484e+00
5.047961668192716189e+00
6.865629532862192796e+00
9.995185155256168130e+00
4.113176608614318219e+00
2.659013918994893366e+00
7.228140192031711209e+00
7.495312537922055540e+00
4.780282877242738593e+00
6.742729125181201155e+00
2.996529340497720018e+00
3.860179816427489197e-01
8.955518591900773373e+00
1.658579421356667360e+00
6.371711968348864552e+00
2.819018336896763621e+00
1.831488314020622843e+00
8.262008722456663179e+00
4.097422200519382329e+00
1.143964959114753821e+00
9.439877620254804924e+00
8.450315095551442113e+00
6.806139468212784926e+00
3.245086808570829540e-02
1.463434597808788151e-01
3.013834317787080774e+00
8.425179412780368082e+00
9.612284890956303229e+00
1.001991507603963161e+00
5.841899592916592887e+00
5.409851209637222880e+00
2.758988402895407255e+00
6.165611041484120314e-01
2.719948610821823820e+00
9.313153121019382752e+00
2.994134663425768395e+00
6.209186002777156155e-01
8.554456380475054189e+00
9.234868535043403881e+00
7.301240257203947870e+00
3.866121558314800311e+00
4.843842100361076319e+00
9.077224051859451137e+00
5.217452564528340275e+00
9.153573038411256135e+00
4.615331692762659976e+00
7.318560020460327387e+00
4.500395989674776942e-02
1.164016410334762774e+00
7.515804831929906449e+00
3.139124936778992847e+00
2.768289591060237864e+00
3.068230322875831195e-01
3.257368997308451863e-01
7.784259883110714817e+00
9.881944636134454285e+00
6.285341509484592137e+00
5.580344145110505139e-01
4.102132094887213754e+00
7.315313504973255831e+00
3.360339239807619283e+00
8.109286496371161945e+00
4.045877789240432065e+00
3.606571133670005480e+00
6.060523719315506597e+00
1.959730169306493908e+00
7.565387321255821362e+00
6.136074973885233597e+00
9.066654442829525706e+00
8.605675300802634098e+00
6.348363693902619787e+00
4.759372098797443051e-01
9.911452095649384120e+00
7.465026641906126414e+00
8.826673918349538184e+00
2.673049200461917962e+00
6.461238452449210357e+00
3.650672797873565578e+00
3.537750917419727692e+00
9.950489652106199401e+00
5.353666002897167431e+00
9.884833804262177281e+00
6.565186384563792998e+00
9.928392719462919569e-01
3.351132121541527731e+00
9.418545480245715140e+00
5.320499529253322812e+00
9.005915806428921755e+00
5.914750353324135013e+00
5.330492120068562656e+00
2.252097906285798423e+00
3.517649998904412989e+00
8.887997555736744104e+00
5.586793481156159480e+00
5.630549269579948835e+00
2.092579608481752729e+00
2.179397254380598170e+00
7.387359625347526659e+00
8.791690662858961502e+00
2.802282397370021716e+00
8.609893136279618275e+00
4.264279253408098658e-01
1.841356811383105807e+00
9.805038805511980371e+00
3.067836853099825678e-01
3.779601083247474680e-01
5.725272805864890735e+00
1.750718055630872128e+00
2.494835585303001313e-01
7.006660201171249547e+00
4.983894817046731873e+00
4.811315166500158114e+00
4.048087965362880958e+00
9.173885911840839569e+00
8.141645701808281288e+00
8.228346696131360716e+00
1.511074990817959929e+00
4.215524280885285524e-01
2.413298579485723128e+00
7.193370749549088394e+00
9.524527566313315319e+00
5.084716217940947303e+00
1.199711115038746279e+00
7.222390909393235248e+00
2.371925034040500702e+00
6.600569363021402403e+00
8.400783393761203754e+00
4.981848224660570423e+00
6.245955232147260894e+00
9.201079059391025439e+00
8.625488514494241699e+00
8.828796538382990278e+00
9.759071724654015512e+00
1.675753293119440768e+00
8.511723102560747378e+00
8.193621474386697301e+00
5.423334571361443146e+00
2.882621038572168448e+00
1.570467948118096091e+00
8.003934350120399444e+00
4.207405696084609570e-01
2.219754785900022398e+00
6.316799548185940694e+00
9.678109259258171893e-01
7.202800070132076904e+00
1.587438693379182864e+00
4.603909549714778393e+00
2.592201162254762714e+00
6.449046617579145213e+00
3.632011762174368386e+00
3.177808568574124415e+00
4.445146716994484493e+00
8.496891713102449728e+00
3.534925421258805489e-01
2.509422479894702906e+00
8.050433726731489159e+00
1.889068953421676467e+00
7.993382401418569927e+00
5.874533427183389556e+00
3.974260758506358293e+00
1.625068441865907820e+00
3.930732515913581082e+00
9.620678992045521127e+00
7.583840265856204077e+00
4.074571393254289298e+00
4.646487957841621608e+00
4.431141447211967233e+00
5.172353596340131254e+00
4.482155562733306731e+00
9.560618032842921110e+00
9.377743992285903829e+00
1.555744604361196659e+00
2.187028990126872685e+00
3.596930230420267716e+00
7.185963171601442490e+00
3.583094740019217017e+00
4.973378897278521116e+00
6.630508873379550749e+00
7.231490015086389000e+00
2.995419490025205356e+00
9.154453112496845790e+00
6.866331273669579183e+00
9.136138040319748299e+00
4.417845602107034253e+00
8.294878037168922802e+00
4.588567473873203184e+00
2.558276099412539750e+00
6.756113305994274398e+00
2.861553545019319689e+00
1.428790477664765302e-01
3.036569635207426732e+00
1.953326317428276671e+00
9.908827742932738047e+00
3.855537761624883153e-01
3.528179356910214892e+00
9.249433554535890778e-01
6.808880313000260642e+00
5.297025452751784158e+00
1.681181028266330868e+00
5.081185870098792634e+00
3.453956317385004304e+00
8.097189264744034887e+00
7.827687166829273124e+00
7.729881635042775478e+00
3.746552173277328812e-01
3.538347992642087991e-01
2.472707429534644064e+00
5.309189190210710230e+00
5.889110949793159300e+00
6.228023499961443665e-01
1.925317373659696241e+00
8.633781470755613086e+00
6.179555512463609013e+00
9.164395713520212539e+00
9.905243478593188655e+00
1.798305716329390291e+00
7.826310557026687320e+00
2.186514026956012380e+00
3.207309502553612468e-01
2.770902987230315695e+00
2.189021040566259124e+00
8.372990722029356903e+00
9.105182419684002326e+00
3.393539220426575742e+00
5.715587579889883862e+00
8.559502543579158740e+00
9.368913697917379935e+00
5.699488365015314972e-01
8.834727077146611762e+00
6.676765404080823529e+00
9.128431946232698380e+00
3.552951490485264152e+00
5.963395569867841139e+00
5.967510779827184919e+00
3.978968470123442902e+00
3.555419871281033650e+00
7.412184506577972343e+00
5.742322899503671252e-01
5.850659962203421216e+00
8.039949849251765812e+00
7.486256171490407674e+00
6.689102560296812605e+00
2.917621640623563550e+00
1.594584735762420991e+00
1.705667247901064831e+00
5.151798309612695803e+00
6.558869544771114946e+00
7.699018964304765511e+00
9.674480887993808231e-01
6.306253541913871885e+00
6.832471240268066737e+00
6.372952273102061582e+00
4.337672965011380555e+00
9.491419795080169308e-03
7.004432687773542998e-01
5.566413408177323774e+00
7.621120753967280947e-01
7.281518763974990094e+00
7.653552837911094642e+00
6.556681065000918629e+00
9.575042052746038479e+00
4.191228599128960397e+00
8.457034663054194823e+00
4.721860688311466880e+00
1.407564149074307380e+00
7.692699553939696955e-02
7.954485153100515404e+00
9.249165438672124040e+00
9.087583059845744771e+00
4.586757812436164983e+00
6.819002133161111701e+00
8.173046267979543700e+00
5.774010773211526448e+00
6.112136481425678447e+00
1.062826088872601549e+00
6.536139829733576434e+00
1.914377616468297960e+00
5.794810130123178027e+00
8.851219624362919092e+00
2.213258172650578448e+00
3.607264676295399930e+00
7.414052653103395230e+00
1.681900890221414979e+00
8.853137078099798885e+00
1.599434638591088476e+00
8.641863500040496859e+00
8.162602742205743667e+00
9.479967271108047377e-01
9.546603175923172202e+00
7.482040649834466706e+00
5.726395536883551074e+00
1.549456724342477276e+00
5.428591566549366476e+00
4.668103837762604957e-01
9.195429370759166332e+00
9.735262750781956242e+00
