4.612416895084381352e+00
9.156801931547586815e-01
7.226500333467004822e+00
7.884432613087001940e+00
4.259779268389708662e+00
1.575602285635483435e+00
3.209396587134164314e+00
3.852577819474825027e+00
8.296534904949858458e+00
7.588711812224873121e+00
9.506081509674830343e+00
9.962600460821645854e+00
7.111305028895265057e-01
1.530921730095804456e+00
9.893128353384570417e+00
6.809758493100486199e+00
6.835165098251306581e+00
7.968928230671976642e+00
3.584137670303530143e+00
6.415749816431072006e+00
7.747867845552470989e+00
1.777755760352692782e+00
5.992879945606865988e+00
9.263306326253923473e+00
4.126613026441203758e+00
8.189923760570676947e+00
8.757039939406904949e+00
7.295861034099360154e+00
6.902791894196105282e+00
7.512526395940862578e+00
1.059068383523062984e+00
9.832371905125370404e+00
4.633017745724030689e+00
2.300639533377334622e+00
1.282929061627627876e+00
6.481166415051183627e+00
8.968857243236191934e+00
8.623297388192652235e+00
7.750269202956239223e-01
3.791607533631258242e+00
5.243332011059148812e+00
3.920716863539863706e-01
4.197730129179645608e+00
8.048579750043989733e+00
5.734032048144431570e+00
3.007501288202344192e+00
6.548306808003903079e+00
7.898134450875669010e+00
4.955974734181522123e+00
9.601251529697000464e+00
5.874173346469624413e-01
1.656589440870285257e+00
6.402661322549495715e+00
8.093794577506535859e+00
1.251935270769733988e+00
7.933635987019469482e+00
7.578593624295455911e+00
5.140353623856006138e+00
9.921019803619067545e+00
3.087425204217536745e+00
3.224237021059038533e+00
8.541974464856830096e+00
6.421270519922139819e+00
1.955051480901408567e+00
4.834558325747076779e+00
6.827734751451713713e+00
9.655611948366333408e+00
8.438069497841167887e+00
9.189086048154225139e+00
5.886581805373748644e+00
5.873708506587655087e+00
9.728020664241487481e+00
5.621474765829575837e+00
3.008140888621358755e+00
1.913586137888217964e+00
5.394176858177490708e+00
2.181377514074740454e+00
1.135434394184953177e+00
7.140127316348262809e+00
5.944108543389859278e+00
8.424737082777198793e+00
5.205869084784936263e+00
5.476200760117855282e-01
7.841918393667755005e+00
8.887086991308898121e+00
5.077883977256441028e+00
5.830467560756588341e+00
2.597214317296660191e+00
6.365656248282636653e+00
9.211724455966781022e+00
9.521646781244333724e+00
5.923599588661455861e+00
8.719371637315265211e-01
2.491069821801166206e+00
7.805023854904328040e+00
3.255989631245925775e-01
2.123954746213940759e-01
4.612934672310656126e+00
3.074449431653767384e+00
1.031872811000866808e+00
9.602213910068824188e-01
9.264087808897699006e+00
5.949335013012450268e+00
1.616594480874286033e+00
9.439459784525629615e+00
8.933739208584366764e+00
9.749022312455215555e+00
5.078555666004110236e+00
7.672110288281136725e+00
3.719089155785371137e+00
4.724979482102005690e+00
7.198296509343915517e-01
8.432620333250858025e+00
6.795900251396340686e+00
7.595328032083576097e+00
7.252698166168478622e+00
1.147404544178761698e+00
2.928598687437245829e+00
8.959952726686581936e-01
2.972474992768643354e+00
6.912738563856244411e+00
8.011417572588507952e+00
1.383737124248018979e-01
8.936446552957944434e+00
8.436841275005535934e+00
3.372418929424925160e+00
1.015330457301345524e+00
2.438937015068416425e+00
8.952636302547173131e+00
6.659922145438845753e+00
8.446591471615853663e+00
9.178921068245237791e+00
9.415764576047921608e+00
9.137133508990810782e+00
3.833329256477429059e+00
7.291141338573131847e+00
8.763365654951796202e+00
1.335397439329416569e+00
2.464162219126754039e+00
9.763016282500224463e+00
7.287765744824524106e+00
5.883662884656205350e+00
8.252493358432696269e+00
2.056855976119964513e+00
8.881451505905324950e+00
8.011071525062348542e+00
4.933884293127349885e+00
6.662472804713102548e+00
5.485202380212018447e+00
1.963621265266310978e+00
3.322672382238627264e+00
7.209327414266279987e+00
3.208399882952476467e+00
1.204450671878146695e+00
3.639589305852299006e+00
5.261933877808655513e-01
6.871029852360085677e+00
4.958586247073933251e+00
9.311614623718345030e-01
7.975099272927238303e+00
3.825201568476778391e+00
7.921587979254685941e+00
8.949830882144556909e+00
5.773302422975078230e+00
4.915482823164997406e+00
9.269528326332160617e+00
5.826774613314011475e+00
9.460081562743594130e-01
7.285872306431487644e+00
1.373505066762190641e+00
4.960717174003485219e+00
3.538057326267579406e+00
7.607136165584056364e+00
3.084036149778569325e+00
9.046996524969219688e-01
4.483593113451796341e+00
7.750244022341917116e+00
4.304768817177793139e+00
2.929457475783137088e-01
3.983980692735710427e+00
6.749276966400785671e-01
1.757055972125749488e+00
8.064337368427743513e+00
7.369437955379142480e+00
4.417212807911129246e+00
1.372697553064750053e-01
3.464499905575565641e+00
9.009322883965239726e+00
7.802242879982774326e+00
2.046291349020218142e+00
2.255597728500526866e+00
1.265689443443175355e+00
4.352440094698347473e+00
4.976651072656920860e+00
1.601827041355390335e+00
2.401204365867877222e+00
1.006938047956261739e+00
1.348803774847956438e+00
9.791968573893433003e+00
2.069176755587958105e+00
5.958909667451695924e+00
7.111113871000009468e+00
8.260772478970729082e+00
1.356865861274765273e+00
3.999268275935187411e+00
3.965687755151070526e+00
8.484513985741604092e-01
1.193801304013418774e+00
9.784692758955310765e+00
5.299778293823660391e+00
8.369836787570461567e+00
4.972528027050856281e+00
1.087054788597602295e+00
6.038603869739959329e+00
7.358109448335396152e+00
4.127684360534399133e+00
6.884718598412697954e-01
2.159610920280120361e+00
2.480263923972758633e-01
9.882384400656540890e+00
3.853923053839843682e+00
6.845993586383652740e+00
4.826405287375814979e+00
7.773756180661206550e-01
7.363119782308374717e+00
9.660414324842905742e+00
2.058341778206945527e+00
4.983813857048923879e+00
2.214033720380881309e-01
3.517649493124066495e+00
3.581808837081721375e+00
3.670680165702788766e+00
3.330433284022160656e-01
1.378160988280363597e-01
1.235364096382481902e+00
3.468990332042574121e+00
9.436190406860994528e+00
7.936345781471195515e+00
9.529675314823460752e+00
6.808944076437517534e-01
4.717265750947100322e+00
4.453338710436371972e-01
9.075329775116328435e+00
8.963552015418445151e+00
5.228977610230667317e+00
9.272047650408421493e-01
3.631987684380542980e+00
1.069916248481298515e+00
1.460932325315688063e+00
8.714136823432896861e+00
7.420715163105498391e+00
9.982336898669126768e+00
4.237867449299381306e+00
6.506410050045658089e+00
3.632622279688729527e+00
5.488766788060370772e+00
6.926453138579247160e-01
9.935204691056515713e+00
2.038531667100578204e+00
3.317456757694725589e+00
9.017089299437369476e+00
4.419991454760511473e+00
9.895955768798636587e-01
5.424209350906902927e+00
7.806260523161031806e+00
4.066677501824496055e+00
2.426369234988148271e+00
3.996749894746360887e+00
8.891269666841633779e+00
7.450153162642374483e+00
9.150765744479752328e+00
9.988754402308101632e+00
4.556838390959661034e+00
4.228294026067169753e+00
3.765267249941697258e+00
9.488914982961905054e+00
8.027527978593806068e+00
1.121637825954417966e+00
5.539022099376111896e-01
4.383671953589207693e-01
8.099349922182707218e+00
9.416344206204223966e+00
3.024119962944377349e+00
8.043081926527273495e+00
5.874989708125869292e+00
9.150993018753201369e+00
4.326689028004255810e+00
4.657774929848619294e+00
9.246159415367703360e+00
7.630430565038990309e+00
4.369963875705199285e+00
7.285028220567153490e+00
4.143918220070705871e+00
2.079426248532532995e+00
1.074664868869201761e+00
3.170000434198828820e+00
5.872142225140484229e+00
5.528067551896694631e+00
1.568567338409287970e+00
3.933067286391855877e+00
1.730385619231640248e+00
3.091261341243486171e+00
6.530921020970064994e+00
3.036267054909373986e+00
5.189747471496493070e+00
4.357320403912497753e+00
5.628428545611231293e+00
1.722565720885568252e+00
6.143967218048870471e+00
4.354166812548610821e+00
8.810170903304264556e+00
5.541508777306841438e+00
9.415425101084451409e-01
4.853108809614003150e+00
5.603041034143236843e+00
3.424707603538047707e+00
2.950433217519984552e+00
4.769069077558826919e+00
4.763415713312935118e+00
8.155612683589275047e-01
7.416037012277755025e+00
9.855771392615153559e-01
4.311602296528294964e+00
9.993903596017453594e+00
3.428012831206840083e+00
3.990786227008155329e+00
5.130064552211180740e+00
7.497512465330528286e+00
6.350388056753919486e-03
4.260148995245778281e+00
8.278417781353116567e+00
8.011391984920974707e+00
6.563111816293809575e+00
5.227031157841715014e+00
3.227116826908313918e+00
8.038779904450199965e+00
1.105635453446227601e+00
7.055884280230040329e-01
2.571031290839540517e+00
8.845563237319911565e+00
1.206367834899628733e+00
4.081784179295668835e+00
6.310695204164055383e+00
1.906424255321196304e+00
7.447555172343881758e+00
6.417899123157441821e+00
7.031933599634834664e+00
5.327998793200716676e-01
1.670827805742457484e+00
5.383551898195455543e+00
6.826198844422060041e-01
5.259813412465181415e+00
3.021239918178202366e+00
3.946425739976517910e+00
3.371055563203884109e+00
7.696454450044592832e+00
1.007841420373959407e+00
7.724816315160031088e+00
1.711535939652738536e+00
7.163400100563600326e+00
1.883551843195123698e+00
7.566802430533026147e+00
9.615115315634714221e+00
4.831880336314569035e+00
9.628491379067243727e+00
7.371270718501606645e+00
6.652747484775285436e+00
6.603553023557716450e+00
1.924826000929343861e+00
3.932549402259995830e+00
8.026465164336588742e+00
9.379670202704721405e+00
1.998831931232959436e+00
3.962719712412754447e-01
8.182029400490520299e-01
7.403156151276858665e+00
7.563783136955198216e+00
1.713950940925069721e+00
6.202816744378428560e+00
7.755114241813734210e+00
2.317346004535730586e+00
4.811104622946268172e+00
9.772507340706322765e+00
4.936344966796232470e+00
6.470461480264910747e-01
3.890777015625224156e-01
7.755515054896449989e+00
7.981655464634853203e+00
4.302856233649029249e+00
9.177743660427580608e+00
8.681249664132145938e+00
5.836660030574723379e+00
3.947703627740738241e+00
4.360086442550501928e+00
1.291474225637049278e+00
5.067696736584062833e+00
2.542746415321028852e-01
4.184836820101215160e+00
9.203464807781569945e+00
2.484289199282510907e+00
6.092065444110476236e+00
5.421069383211451154e+00
6.440811288838524717e+00
1.930875436367931464e+00
7.741961245223264676e+00
7.389515007965940185e+00
5.986941082645071965e+00
1.912346256026772329e+00
7.821800574613223311e+00
9.776461120581338093e+00
4.611301538402750921e+00
7.493699714036264226e+00
1.921506580523070218e+00
7.945875860352921372e+00
1.744678006711206653e+00
8.586385925163471100e+00
2.609098552696279327e+00
7.159114249018900367e+00
8.389783226588921394e+00
5.791211552146618757e+00
8.924170776862315080e+00
7.374526744854375870e+00
8.374604824877550868e+00
4.758220558945039258e+00
8.309471791576783062e+00
3.424225728973995242e+00
7.373594622315375879e+00
8.155066232029867024e+00
6.724859554603902723e+00
6.599000847714522777e+00
1.745662682500724872e+00
2.177401778523083919e+00
3.321427074419553094e+00
2.677591898087929856e+00
1.947137612555445152e+00
7.745184130465306183e+00
3.305165363143565127e+00
2.573139741957245263e+00
6.457100425701748136e+00
6.834478982409921244e+00
5.922738901250808929e+00
5.819505816058212488e-01
2.805715076376626982e+00
4.427581044610107597e+00
2.623122975192209161e+00
3.398723788265511914e-01
1.738559949877775956e+00
4.992486387628414235e+00
5.774282394650377626e+00
9.888286456103976718e+00
7.670349520077638594e+00
4.066379051855840920e+00
4.198700166017856894e+00
3.345969874658216714e-01
8.062346060321951668e+00
7.013713257557553149e+00
5.450398330701156979e+00
9.218548454020217164e+00
4.937759299000303415e+00
1.206149390621469308e-01
3.531158715164695927e+00
9.279108482767796318e+00
9.799039098025879468e+00
7.203070421312899541e+00
3.424023139365783841e-01
2.978584438211774099e+00
9.436285139960192581e+00
1.373024089252044000e+00
2.911377291887623286e+00
6.338569392878068420e-01
6.934016810306729006e+00
6.039047686895901101e+00
6.485548901000384170e+00
9.144954250068096258e+00
4.528145896043596075e+00
2.297925277885461970e+00
4.457664886798858639e+00
6.740653088711056284e+00
4.113381249718846000e+00
1.911739685999345184e+00
5.086148109897913550e+00
8.068824268815719236e+00
8.294658195458508132e+00
2.553959464322766770e+00
9.064874764926504014e+00
1.157085748429254046e+00
3.927612893264122107e+00
6.956162154515231677e+00
7.219433597273672731e+00
6.359223195842212739e+00
3.617806040091919861e+00
7.308912790129608261e+00
5.556276348522601438e+00
7.074958037307954584e-02
5.269415492204176932e-01
9.979569302836175382e+00
5.836510683805919975e+00
5.140846024501048994e+00
1.037585863986090207e-01
6.102232628041952545e+00
