4.391879060978070015e+00
5.999165852326644455e+00
5.112883190946536871e+00
5.082877854649079374e+00
2.185510192842033739e+00
7.277378718300599125e+00
8.511156061619139734e+00
9.354279973741874699e-01
6.834922215827941905e+00
6.494312766242689605e+00
9.657240873481139687e+00
3.533471073899649983e+00
5.011801354537276154e+00
4.062902056802979445e+00
1.841435625206433446e+00
6.536773431304111703e+00
8.978406555777207032e+00
3.912327123648482452e+00
8.689054112281247910e+00
4.889164838856002504e+00
7.028298310839490526e+00
4.242192543403527694e+00
3.808129623584352252e+00
2.577398214257064168e+00
6.648162027937322804e+00
2.635748810799287689e+00
2.677849370082652225e-01
2.705514669665136651e+00
9.555443957177278236e+00
8.371912500338634544e+00
4.001842016762396703e+00
8.876477626256265907e+00
9.324759228327677008e+00
5.186189803284682931e+00
6.143094284047945219e-01
2.491773686570365243e+00
8.959067074266840791e+00
2.365484391920300578e+00
2.079034257394148710e+00
7.865850041195294295e+00
1.368352342608351035e+00
2.795289187098907391e+00
1.044315273399937238e+00
3.260485235834240658e+00
4.514960872413392501e+00
5.382500772575012249e+00
3.032990339259455936e+00
4.520248446879678639e+00
5.461204960208108083e+00
8.765376366301429911e+00
8.744020254259467606e+00
8.973531059923828934e+00
8.851154821380170290e+00
7.739201685017789600e+00
5.516734799119515031e+00
8.110742806393000492e+00
5.653478041956716549e-01
7.829359520415643203e+00
2.722309034092486257e+00
2.901097505570159107e+00
3.085693593359650766e+00
8.862240945925814462e-01
7.068516203759076078e+00
7.913440739040265903e+00
3.973676719677285973e+00
2.637245907317083748e+00
4.036124384106401841e+00
5.272783828860331035e+00
8.102798117183871440e+00
2.747877525797869147e+00
7.241668754752743631e+00
2.481355033633908747e+00
1.421029724416495998e+00
4.583691104514958425e+00
8.776768787206522759e+00
9.308591374454044498e+00
8.421085110562092524e+00
2.115131367725512135e+00
3.385552314779749494e-01
8.279653469989337822e+00
9.438891699751136954e+00
7.576731336871032063e+00
2.409743604334488865e+00
7.353069784359135497e+00
2.287015377384849835e+00
8.194610150626422396e+00
6.469797659889008123e+00
3.623697001028745035e+00
5.804161247861618911e+00
3.468020365202674427e+00
8.546748126922453892e+00
6.519169541164423265e+00
8.072064976251638768e+00
8.611916528594377951e+00
4.275335635745884488e+00
6.519045720429488711e+00
9.597599193277536855e+00
4.015058492445270133e+00
5.006036411074253678e+00
2.466825215882224587e+00
5.027359032848865539e+00
9.009463691459962398e-01
1.831168895573487276e-01
1.309160791570728177e+00
8.658608222738395366e-01
9.033712746458588683e-02
4.925378548053708450e+00
5.189105326725251821e+00
6.074178517184176229e+00
5.448887158626077643e+00
5.345049292075102265e+00
5.872417107837494044e+00
4.805906933431433714e+00
6.666934876412494049e+00
1.157127914832100091e+00
8.320216570183085025e+00
9.569023931168658237e+00
6.660682332399808558e+00
7.965530957179447924e+00
5.983074338641729994e+00
6.422464909816437917e+00
4.532829599969155687e+00
2.717306749824087930e+00
1.767407753373065882e+00
8.355284079329559077e+00
6.771011120218258128e+00
2.689996547506721125e+00
2.759816452080576799e+00
8.914670054787157127e+00
5.633859103900115350e+00
3.100663298538983703e+00
9.058369065094257877e+00
4.400333666693441614e+00
3.096856629783021120e+00
8.684110233205359464e+00
1.095111231987541123e+00
3.702488126450083961e+00
2.168605409824833075e+00
8.306083884353903102e+00
6.418424240830086447e+00
5.254684784068248682e+00
9.132270372970580752e+00
2.987598154656879501e+00
7.359212535165693403e-01
2.333622486837238164e+00
5.023168457651062013e+00
1.832543052600235089e+00
9.422375054152045237e+00
6.777281291002448249e+00
7.673380240401739272e+00
2.299615960138861936e+00
7.819517240976123773e+00
6.542388751642778999e+00
6.718010902339088819e-01
5.612559759756162947e+00
8.712239085722495169e-02
8.134952240166615223e-01
2.147504538936133578e+00
3.549517838223610333e+00
7.657329393037130671e+00
1.666183236937089918e+00
9.368337810869554971e+00
6.116088475306899142e+00
2.619979745222758005e+00
5.559854725140080944e+00
5.490628467376303057e+00
6.532059378940246575e+00
6.540080143580144778e+00
1.098865268014170837e+00
5.749846163134875177e+00
4.566378228852702392e+00
6.541769125449425903e-01
6.391470978915444690e+00
6.871991563836943318e-01
6.705598247533172795e+00
7.320894383892131430e+00
6.728015369309243709e+00
3.355775474172197903e+00
1.744961227419860039e+00
3.367478672468387835e+00
7.243321691853249256e+00
3.653734724350821139e+00
6.696014397199881785e+00
6.574306631502045306e+00
6.440998073904535826e-01
5.111574748781296584e+00
5.258499503878253378e+00
4.337131582788790851e+00
3.713747864573901047e+00
7.408235717164267875e+00
6.933059121727036533e-02
4.336935824236531900e-01
2.262110869552841130e+00
7.467670133412021904e+00
7.758817371011472730e-01
2.146262058828637187e+00
1.884547307033977992e+00
9.026551096187684919e+00
4.835987032644670336e+00
4.095481394984678225e+00
7.977210570892822261e+00
7.422115219533765185e+00
5.231968800974446054e+00
2.653308753600625014e+00
2.139732294695926296e+00
1.807043752730531638e+00
4.275813466759990078e+00
5.940893236699573698e-01
1.617526816170345993e+00
4.600542832904430668e+00
8.426871467465725019e+00
6.006152447345170842e+00
8.052957992302156587e-01
7.682804699208759303e+00
2.280518283340180474e+00
6.343011528062836746e+00
6.485990311643807793e+00
2.867160147660026137e+00
2.757125362997437712e+00
1.370658830302196041e+00
8.071361164296469326e+00
2.106919298800078444e+00
9.159555046902328357e+00
2.582735907969301081e+00
4.021031374920658763e+00
8.154108437391775155e+00
8.694162370555014618e+00
8.176335101350213463e+00
4.906428438825040317e+00
5.537624067557112006e+00
7.897498406819938310e+00
7.764453415381183277e+00
8.073412844874235716e+00
2.104328639016912472e+00
2.277219378349179202e+00
3.292652101983406521e-01
5.659970013997306371e-01
8.318748093317241299e+00
6.221313646192692559e+00
4.644298577283436202e+00
7.699504979010873829e-01
5.893202545299836004e-01
6.865343693072805564e+00
6.902074493320049520e+00
2.431729546603707881e+00
9.143406869535388282e+00
8.350863114807829390e+00
9.788273587408408360e+00
8.436384351724914410e+00
1.923459158257241342e+00
3.459616919369206123e+00
8.431288571189526238e+00
8.573418869058679448e+00
8.924035389512180672e+00
8.868890194208132627e+00
6.372955283632839141e+00
6.169177198301502685e+00
2.690079963154068388e-02
7.820251451820902311e+00
1.483332251404777535e+00
7.567061253790004827e+00
9.875095393364089702e+00
1.671774006232579213e+00
6.449846420522854729e+00
6.161575510272397693e+00
7.092418890994692582e+00
3.335882625510789623e+00
1.933225683965242858e+00
3.062989586076454440e+00
2.378141979440671072e+00
4.134264197314094780e+00
1.001401877953070896e+00
6.668503749144357506e+00
5.595430553539615381e-02
6.035261446892854487e+00
9.657343482505469368e+00
9.563317447470303989e+00
1.113586604070689878e+00
3.324840122805245990e+00
5.396279421333027848e-01
4.705853836137165125e+00
2.179395228841741528e+00
3.630163902656419417e+00
4.426089556557531779e+00
8.766901161045932867e+00
3.435404819084901806e+00
4.457810174334767339e+00
9.204396081862766366e+00
3.543234465354783147e-01
5.739701499800715645e+00
1.644170179254180741e+00
9.593175877858344691e+00
2.228389537926064534e+00
1.545478255679747503e+00
9.670344428261222092e+00
4.486001806010801118e+00
1.927110517593956240e+00
5.533568274958149402e+00
7.699395262069743673e+00
8.578041902074118319e-02
2.195147473049846809e+00
1.772598546669473807e+00
9.068930287077156649e+00
5.072249604092702313e+00
2.523418164870365743e+00
2.864827110760497231e+00
7.165704041127145985e+00
4.767276912086916063e+00
4.861240012132768129e+00
9.580919868662448380e+00
7.533866401912822752e+00
5.753022907019138543e+00
1.023721205613170593e-01
8.349745607769522238e+00
7.405848516514897284e+00
8.800339314833822257e+00
2.264425868164272604e+00
5.629359654424780146e+00
7.502668139173490403e+00
8.764090916083942417e+00
9.884097975623674870e+00
8.909978541498441373e+00
2.977734531329252476e+00
4.966766335440170543e+00
8.360533048271760137e+00
3.067059843671648967e-01
1.237897487247506811e+00
3.168480225679712881e+00
1.138325514473902400e+00
9.415977734945457644e-01
5.483530628205058655e+00
9.238593273704751141e+00
2.133754862917653927e+00
9.735570780045621486e-01
4.967481544362883916e+00
5.537811789409018637e+00
3.083177285762093156e+00
3.837154895225924900e+00
8.306267919449423331e+00
4.846906408884155582e+00
7.278181252001958867e+00
4.081670413191468505e+00
1.590823900280688985e+00
9.809397400770636821e+00
9.300729846830190439e+00
6.192899798592771177e+00
5.160212261162731018e+00
2.290599608649498187e+00
3.743778980539963719e+00
2.467402366897886168e-01
8.235026542534543026e+00
8.883498844764037727e+00
9.894420652501274560e+00
3.427597693312254279e+00
1.622671343452780635e+00
5.409798130984116327e+00
3.760075984081212574e-01
9.926152833088600858e+00
6.104547227778056584e-01
1.062287192335042985e+00
8.014881642835003817e+00
8.048129256791303199e-01
4.244766301328062319e+00
7.610717889850615592e-01
2.048529328595394272e-01
2.582526002704461643e+00
3.019103987516478238e+00
3.216725066163515834e+00
7.858418901553221314e-01
3.783464237342943903e+00
6.899897114237234064e+00
8.438552948736415260e+00
8.171057353524872724e+00
3.891351025776947914e+00
7.434895684999109911e-02
7.225435284849250905e+00
8.201055243811005369e+00
6.117369036130392956e+00
7.846758625083955607e+00
4.864687964115872454e+00
2.240040732193055106e+00
3.859735224712161905e+00
6.666596239177586369e+00
4.524418576404150016e+00
4.054656986663641938e+00
9.215526387523389928e+00
9.352419903272844337e+00
9.912351904402097347e+00
4.719555609193893275e+00
3.841918374075716791e+00
2.645975228295518455e+00
8.651087345400842565e+00
2.070076449133473329e-01
3.460696671776037014e+00
7.318220567484714500e+00
3.608551750599822139e+00
2.221780845275348248e+00
2.271659569072634000e+00
6.359692204563116569e-02
1.721445878049515654e+00
2.317261752830067856e+00
3.566382363445355086e+00
5.945312536962948258e+00
1.878738695918369395e-02
7.333940484728689313e+00
5.603045429504560637e+00
6.932000634452855081e+00
9.640913015753081794e+00
6.401208420965383006e+00
6.649306224206603666e+00
4.268869707230571464e+00
5.180980304109378487e+00
1.083293729104886083e+00
5.927139187312834068e+00
1.680728488373198770e+00
4.140250011399182029e+00
2.435539707001315168e+00
9.663142928967678458e+00
9.651975546871575773e+00
2.262063707569075266e+00
4.278442271344495396e+00
6.222851769334504013e+00
9.803469541247775254e+00
4.025985597450852715e+00
2.151633859695258888e+00
7.001158782906004241e+00
4.117588571074906945e+00
8.794837092158948266e+00
5.889029343680487472e+00
5.064518717708761386e+00
8.982428558721693435e+00
7.234933580246075913e+00
2.387818290739991411e+00
3.317610492525739918e+00
7.850270718715468554e-01
9.344402574848933440e+00
1.556664038998598620e+00
7.472373962498246591e+00
1.828193360763962216e+00
4.548475420727449148e-01
8.680871665954558836e+00
9.487668733042142755e-01
4.500586931288179215e+00
3.071262188548140593e-02
1.868520085390598107e+00
4.343663757559648175e+00
6.552842060595026830e+00
8.027203045196951159e-01
2.319201892211423477e+00
5.828856390596834913e+00
8.401353619155232266e+00
3.568960098524398550e+00
8.572901264237394514e+00
2.930162169561019159e+00
3.765879748949339856e+00
7.532596719937222574e+00
6.781718205171904934e-01
3.292483104809894812e+00
3.647224846222179906e+00
6.517387928121324059e+00
5.784366891372568986e+00
2.038109935073221024e+00
8.031586310542010665e+00
9.200004565918302291e+00
3.526258000006258442e+00
7.661758530192112282e+00
9.776932388068415580e-01
6.495369884144873929e+00
9.551533725959860277e+00
3.491357038801702117e+00
5.435355591894484917e+00
3.789624206743480439e+00
3.543883427636656869e+00
7.266968750875984817e+00
6.237301254316859556e+00
3.290929791545219807e+00
3.573817104341314721e-01
1.015776077836362257e+00
6.859878765648925736e+00
5.430449013756532217e+00
5.601576297014459804e+00
2.011701447529299358e+00
7.989628077168660525e+00
8.185571459612537737e+00
2.528710418718950415e+00
5.006250655032479457e+00
5.375334760008834145e+00
5.142461706405389243e+00
7.551490137552658410e+00
8.078074318628558625e-01
5.216785559997067168e+00
6.123339274175658709e+00
8.633761895039071543e-01
3.198966144201937922e+00
9.524713423516352861e+00
5.019880103308822505e+00
6.372344893765987450e+00
9.126087509932832020e+00
1.707905521663988235e+00
7.787742836154595061e+00
