2.023501796730483804e+00
6.225633268770742745e+00
3.490591139221805861e+00
1.297497093163321180e+00
1.243310390125177411e+00
7.123366611291992001e+00
4.002572557925012653e+00
9.660876061132457338e+00
6.669804453093158614e+00
5.171172855527885304e+00
9.646388034128758449e+00
3.939711822816284403e+00
1.314188946901468924e+00
7.274811456807496413e+00
7.251312239340257371e-01
8.045942609269827628e+00
3.348762184882838611e+00
7.894530623751709442e+00
7.354522413997201191e+00
3.552591714393980027e+00
5.864775192226955092e+00
5.668734381594554783e+00
4.141716967681684736e+00
1.342861762279431437e+00
7.963335052279946424e+00
8.168669385836693664e+00
5.662197953056812061e+00
8.121053915883145180e+00
6.975214333007326850e+00
9.603942828643774465e-01
6.244833752522366055e+00
2.314075417058068851e+00
9.732180246558167269e+00
3.330294065093820421e+00
1.270269671832874314e+00
5.917344750466573267e+00
7.489002685304178009e+00
7.736169347227336068e+00
7.893793780809851057e+00
5.305405681503250204e-01
5.642287783828978220e+00
4.650018571164121539e+00
1.959997596605480563e+00
1.329877873788508635e+00
9.814187571237635410e+00
9.337856391033723114e+00
9.939563113842042608e-01
6.222467564187041944e+00
7.175734388689585685e+00
6.156023498333519584e+00
7.974693686630500267e+00
3.140480139935451831e+00
7.119518844881356223e+00
1.699929405280032890e+00
3.651543575101380057e+00
3.330410880823101216e+00
7.949100721034430883e+00
7.244262895642767930e+00
8.056848379118035197e+00
4.832475654668374254e+00
2.795471016549868626e+00
4.056430743033917707e+00
8.590195973289574738e+00
3.999099998966875180e+00
7.133277308583334531e+00
7.898677458422255881e+00
7.199348647569399517e+00
4.297290985712266753e+00
5.154207625028347728e+00
2.167302158118624700e+00
5.306756241775393512e+00
1.816520079610030036e+00
6.756771948447447329e+00
5.951655958348808007e+00
1.495084509573244569e+00
2.421657274060730280e+00
6.803869250986420703e+00
5.033506969284688104e+00
1.942637458270268791e+00
7.722993499640673498e+00
3.323869096868231843e+00
8.700313277814299084e+00
9.952430693222765967e+00
2.930718568131887913e+00
6.500221433777463531e+00
6.984831022834184111e+00
4.711060540800396268e+00
7.692168702752032239e+00
5.383694457358249252e+00
8.789584740010858432e-01
2.930024238061201824e+00
1.586600048465233170e+00
2.432879065823355447e+00
6.097559893240501516e+00
2.689111096514309462e+00
8.005530833289354220e+00
3.131550092945145636e-01
5.926230289088287861e+00
4.137293390679335658e+00
4.649580091788995340e+00
6.356418642313272471e+00
2.329426878793831257e+00
2.254580931090174545e+00
6.300059439863287203e+00
6.036529018613300046e+00
2.202032425373748659e+00
7.320630599312459630e+00
1.628918780232004870e+00
6.867779955883896115e+00
1.503489584188888450e-02
8.993079564243647184e+00
7.410202639585755868e+00
8.703988984225385916e-01
9.050207488275450629e+00
8.908783448073155142e+00
4.501480278609902186e+00
5.654710350656379170e+00
9.627977528280691644e+00
7.954332774560828767e+00
3.194120855428849381e+00
6.836230282144226678e+00
2.841384980294145102e+00
5.375960000352650425e+00
2.313292275897783412e+00
6.741839914348881635e+00
9.165859205275117549e-01
5.430934691432854677e+00
9.369306098099244196e+00
7.162270730348025971e+00
8.109459254360878333e+00
1.867634304621238472e+00
9.189632316230611053e+00
5.477442703126168766e+00
8.244774963333169282e+00
8.255463318456586208e+00
4.886760174990478767e+00
9.382864220378531073e+00
9.242660718406106923e+00
3.736840807999275427e-01
2.081685796284034051e+00
2.058106708759765091e+00
8.212640016140525745e+00
3.180553847008431578e+00
5.668958601811970865e+00
4.163331733467645623e-01
8.400125690475636731e+00
2.782738985409491050e+00
6.927870086458066012e+00
5.167783251981483694e-01
5.111878875299941782e+00
6.795358588437735214e+00
2.742166792662270591e-01
3.356208102134106142e-02
7.620341505452179476e+00
4.144912008381855806e+00
2.383727824213775826e+00
6.520024285043105827e+00
6.093860993065726817e+00
1.498697914371053264e+00
5.219520026705344762e+00
2.820118123619084205e+00
5.613423375707293772e+00
9.530900923460135843e+00
6.491643365713287039e+00
6.780185782534039696e+00
8.066232790290989385e+00
8.061658241376456147e+00
3.784362192666335112e-01
9.576245656158103969e+00
5.983425291645504629e+00
7.989711208214468563e+00
8.861964906949369336e+00
6.581318115393139934e+00
9.203413107091693135e+00
4.971062030961281408e+00
7.990044208190879793e+00
1.969985762207213664e+00
1.290773176071512429e+00
1.535976463790844626e-01
1.734535978976684545e+00
2.290774622749398581e+00
4.490041908402032433e+00
9.284675798600382279e+00
9.777354584544934113e+00
2.154447974976875457e+00
9.421169664465065097e+00
4.953011927028992289e+00
9.503262639295655845e+00
3.214928020319443025e+00
1.219181355805969424e+00
8.538625707608787252e+00
2.077304058640201401e+00
3.900925518968994865e+00
8.271657194050415995e+00
9.203809763395275567e+00
7.515042064002094513e+00
3.145663312380619026e+00
5.952146719151057752e+00
8.760801551319314484e+00
8.454979356106953503e+00
6.965255606537273714e+00
7.112373644513498405e+00
1.754643626132589285e+00
9.123089009841351071e+00
4.813051664323646506e+00
7.742864175224825729e+00
1.260534638109493955e+00
4.002480806999551000e+00
4.322817946959713886e+00
3.457206040678996395e+00
8.984386847618974770e+00
8.423583338764739636e-01
8.470914486972167978e+00
3.836821293268647182e+00
2.670506400830858773e+00
9.642134183981934115e+00
3.193333287542889920e+00
4.641650962134527880e+00
2.501557348079938237e+00
4.858156678278073848e+00
7.937457309511741776e-01
7.482704613947804617e+00
9.068849835299316098e+00
2.017540800629275211e+00
9.379092468434935270e-02
9.350614434509322948e+00
4.576502848308258820e+00
4.250469876346113729e+00
2.106948583366130556e+00
6.328404453954362907e+00
5.231486123647734132e+00
3.574010366863543453e+00
3.563434890930810006e+00
5.398933845505775153e+00
2.651109821743962147e+00
6.758539809185092118e+00
4.077043526639741344e+00
4.502284710002227186e+00
9.222678342942931096e+00
9.011864743163870983e+00
1.468719464242027595e+00
7.792365902130306665e+00
6.925696571735862062e-01
9.050381641281544987e+00
5.765892849490628080e+00
5.161885786960659139e+00
4.493667251861222844e+00
3.526862820999696613e+00
9.885367047936854945e+00
3.702412664904946915e+00
3.303675670805668041e+00
8.943819909400879453e+00
3.111496112917846446e+00
2.645912215410513024e+00
6.909691163445313755e+00
3.742238591580694163e+00
8.454300622325614967e+00
7.399175776314922182e+00
9.939246232244189017e+00
1.365440809015503465e+00
8.134741746270362839e+00
4.109096034410023357e+00
2.036433267309606165e+00
4.248944585146666952e+00
8.240751097558812077e+00
6.910624623829042079e+00
9.172383652015072997e+00
9.969011957814101876e+00
4.295593623269001959e+00
3.342700899991193353e+00
8.200050061505461230e+00
8.991389987648874538e+00
6.386076801684578363e+00
3.190460251350288878e+00
7.189804681323193059e+00
4.990750032853038753e+00
1.100328027925356889e-01
4.476202841290483292e+00
3.187312885113801286e+00
4.096140208436874985e+00
1.622507393954265575e+00
6.698050429084728918e+00
1.684019199577976300e+00
1.145295248937419075e+00
1.910503595891677175e-01
9.448861773276803433e+00
9.027374466762214666e+00
7.425297411179078821e+00
1.986975755097850627e+00
4.046547092944086543e+00
4.664244580232024262e-01
2.519885536465426235e+00
1.200054313613386769e+00
7.023222761106891809e+00
7.929548567351273114e+00
3.915471843932874840e+00
9.083706550667487889e+00
8.758770602528842986e+00
2.140586123569707677e+00
6.761220396711102865e+00
3.319580713206589984e+00
6.208016912003432530e+00
6.475597779572717094e-01
7.356584617172529761e+00
5.332268055192322720e+00
7.022626926316783091e+00
2.087234366856980383e+00
4.834756903266669070e+00
9.301149128346896333e+00
7.651897573625078053e+00
9.729285602193238347e+00
5.636662026945108650e+00
7.796735386422474434e+00
5.032363299772763199e+00
6.398590272197885120e+00
2.488844307165730463e+00
4.183430304227214513e+00
2.331912893994037006e+00
7.433147572554389626e+00
4.476500003906544123e+00
7.502199225054874354e+00
6.721093800369470905e+00
6.289632525820759490e+00
9.517160871033521374e+00
8.503802276374313962e+00
8.869014567502528479e+00
3.217998232952087534e+00
5.434536717663740468e-01
3.016098672138105563e+00
2.053222927205033965e-01
6.816671561504059618e+00
7.029772684950353678e+00
7.454657066011830757e+00
4.111964236639481740e+00
6.042547082314778883e+00
6.780090438150612187e+00
3.963234439981366819e+00
8.639946708821108601e+00
2.682380447160922721e+00
3.927804573922488718e+00
1.770439659545790523e+00
9.092335804345564654e+00
4.024604600871044546e+00
7.840596907635610791e-03
9.749100310306587858e+00
2.631996515759649213e+00
6.246184606164319142e+00
3.509050889111379412e+00
8.971149647284942574e+00
5.528483033926681500e+00
9.483165281844209815e+00
6.447640142783660266e+00
3.395452237323726141e-01
7.888466483753713732e+00
1.414984636760552306e-01
7.315702205029337435e+00
4.607923065393841000e+00
8.932924148973780731e+00
2.951471476356712920e+00
9.015963853602493305e-01
9.946140143212490514e+00
4.488740551636026588e+00
8.257354183263543312e-01
3.870484190836942506e+00
9.846997684650762750e+00
3.635407996901252048e-01
5.600865843843188863e+00
3.445843376055689689e+00
1.071656857803948704e+00
9.682492339959258842e+00
8.481498716050941411e+00
1.525242795194551304e+00
8.422067510162390747e+00
5.705133166153720126e+00
1.315691553562592375e-01
3.325935300742614231e+00
1.867319831326342827e+00
4.928588590291238525e+00
8.036979623211934154e+00
3.685887771828192605e+00
5.160143595833408980e+00
5.089203616013882936e+00
8.188461668965294038e+00
5.965978710743002011e+00
5.301654852747825331e+00
6.971438235784859216e+00
3.010591763083780847e-01
6.556265667768803596e+00
3.002278082525196012e+00
8.115188432904563598e+00
2.513110310755961585e-02
1.354486820910771883e+00
7.502543563825307515e+00
7.445718177609279564e+00
7.200193124966011382e+00
2.002222928503725186e+00
5.691210880353696488e+00
4.357675828268961382e+00
3.333958017015796749e+00
5.050066988411163749e+00
2.803824563389867297e-01
5.402519283700105923e+00
8.232301883240544793e-01
4.285598059372055957e+00
3.927755373330002797e+00
3.254302880305381951e-01
2.526488048194882374e+00
4.630264210964877947e+00
7.130788862092317437e+00
2.191854267271326151e+00
1.567854238361796604e+00
5.239506993623299635e-01
4.824837100560523950e+00
1.515121877035221498e+00
6.473594930036220774e+00
4.034806676312489238e+00
8.637210403148863236e+00
7.218476883884290984e+00
3.337288554339250535e+00
7.240728913756599994e-01
9.230034603778292990e+00
6.350544644315774256e+00
6.745884670325830612e+00
3.368889407752186038e+00
8.610820144915237506e+00
8.039208943781617211e-01
4.167523472097470538e+00
9.025040047850792391e+00
2.755513522475746768e+00
4.921664177578684907e+00
7.862498347224122774e-01
1.813914281474161561e+00
3.992243902363928676e+00
7.946156065805466184e+00
5.065157583002882546e+00
4.268538709526987773e+00
2.353269212734129034e+00
6.337887872443398685e+00
7.334189405214074142e+00
9.835679339808733879e-01
6.715451221872386078e+00
9.359704780657784440e+00
8.625169315705624840e+00
1.951261601285370073e+00
2.443542980808365073e+00
4.500825353102286819e+00
7.482477505323884337e+00
9.088181835047726143e-01
1.735669016577194856e+00
7.713651633174722910e-02
7.237792657528721918e+00
5.101509019638656994e+00
1.679660011964179134e+00
1.413324198307830404e-01
6.210936376691709171e+00
7.362507828348662464e+00
8.516503726168263455e+00
4.742265107449616046e+00
8.965234142895706526e+00
1.798430155862340563e-01
5.071849791899929016e+00
7.160073498646921664e+00
3.091781443063035262e+00
6.969658043354146848e+00
1.354444720911609501e+00
3.468391456732233813e+00
7.202409920336273252e+00
8.932310847610173354e+00
1.981247770232565930e+00
2.575039358570996306e-01
3.713900084418043868e+00
7.865909511744296978e+00
1.562198950056546964e+00
9.265015944802403425e+00
1.171932809428469779e+00
8.962527444695423284e+00
6.687945715558020865e+00
7.213719276807601943e+00
4.187075937268782688e+00
2.356146105396689450e+00
3.035574029393650619e+00
7.719186832736605552e+00
9.626460794115205388e+00
2.347106886421124194e-01
7.675164101631589020e+00
8.545303934975539306e+00
9.806503214664525458e+00
1.566626879621145774e+00
3.200700301808242720e+00
7.676364417418405139e+00
8.836541840740352871e-01
5.882767879063065308e+00
3.830570433046719181e+00
2.581174441098854633e-01
3.371477798368696099e+00
4.912572079499959443e+00
9.710784584226930249e+00
6.805466896593033610e+00
7.745825269543134439e+00
6.433358713666830653e+00
