8.099880516222446758e+00
2.473374176003830804e+00
5.390229022622920141e+00
7.873257163852647622e+00
5.196084685019711102e+00
3.117192965007171690e+00
9.799687679395358231e+00
1.891816821552446681e+00
4.428918126721289816e+00
5.512536473881283428e+00
8.993511731228030825e+00
5.696804882032008521e+00
8.044654285024311235e+00
3.946956177510315911e+00
2.447309808309161561e-01
9.990903830988451251e-01
7.229004982436854299e+00
4.145783263959349263e+00
7.191338397398280513e+00
3.489237543672513375e+00
9.990513980423425977e+00
5.127963810531719346e+00
4.543909501858601985e+00
8.258286519865343234e-01
6.848282564625993274e+00
4.732699232282771007e+00
3.491958203087142110e-01
2.955095625085465194e+00
6.101360043405637867e+00
9.089766823643831373e+00
6.169622026596661257e+00
8.682053730624531340e+00
5.825434834229153758e+00
3.124811517058261323e+00
6.388658147116103692e+00
5.464909981373434533e+00
9.769895770483344677e+00
2.743355343897152743e+00
2.483226376665341739e+00
5.071837359876308682e+00
5.634769930039683850e+00
9.263390852314204338e+00
3.279902076874829042e+00
5.457833601495297060e+00
9.326674688736988017e+00
3.102002947422866086e+00
2.278432073207437014e-02
7.693459148837899164e+00
7.456039571459803561e+00
1.406655543147806720e+00
2.752154021958591379e+00
4.580770262388784708e+00
6.506857071296625605e+00
3.906867910867467764e+00
1.782146402409667818e-01
5.808402952570372868e+00
3.881896719675465235e+00
4.922571554465857702e+00
6.558431584855417995e+00
1.189933609622884081e+00
4.066413210192663996e+00
5.302203384298513456e+00
4.939572366488910404e+00
2.071260326085156755e+00
4.861674986511770769e+00
6.642225476543357487e+00
1.579064442335254004e+00
2.076983247928387843e-01
5.960395354753799779e+00
4.992400925139021339e+00
7.052203696270650468e+00
2.647062642312659975e+00
2.541707169735010208e+00
3.471209581476245809e+00
9.117098253104412464e+00
8.144440153703904173e+00
7.902895718941868708e+00
5.006642360566857519e+00
1.386668653282020491e+00
7.956825771701911520e+00
6.210963566870379537e+00
3.423743934419212209e+00
7.872953199335917418e+00
1.798538441431917212e+00
1.098185903959937315e+00
7.251933874865816421e+00
6.449871874309630826e+00
9.359334915839093938e+00
8.936515536075557264e+00
9.406142984668177220e+00
9.830529606340776994e+00
1.916955122383795507e+00
2.616509963307096509e+00
1.450886531222908005e+00
1.809762437448041439e+00
7.315283099089321617e+00
1.125940690588719262e+00
8.674368992813086265e-01
2.456765140462409125e+00
8.077365726571095195e+00
5.035115349016146880e+00
6.944054448271710811e+00
6.358758587033066512e+00
4.281854394999243141e+00
8.857524929023152804e-01
5.139898783126739090e+00
6.596478950437736799e+00
3.021530478813061471e+00
9.223276688895854392e+00
3.386014357730467772e+00
2.080617531627671823e+00
6.556495487043240367e+00
6.324260191111453544e+00
2.351656109639055359e-01
3.877211730142826607e+00
1.921554795800783921e-01
5.591529446989516039e+00
9.699200146261917510e+00
6.097973791433830559e-01
5.707480205641929594e+00
4.289367337862756813e+00
2.967167024982603429e+00
1.409914901356711381e+00
7.262228224030121027e+00
7.710395606811016656e+00
4.059519268571044393e+00
6.244138936228647907e+00
9.507635349946362169e+00
6.073074985887120469e+00
2.548575303835939110e+00
8.438753903683160473e-01
2.172521974081742524e-01
1.854915813393335222e+00
9.633643423919908244e+00
8.016563746577977767e+00
4.752781123720023260e+00
8.548321042633098443e+00
8.723111270738828082e+00
1.512372414554171707e+00
5.338516691556937310e+00
1.680023783813314742e+00
1.865673770792593000e+00
1.928219625539682180e+00
4.747491970820752805e+00
9.457093804254771641e+00
4.328073612368811496e+00
6.978871271370479690e+00
1.696460658543414990e+00
5.982990486614431447e+00
2.790579588129420419e+00
4.373087260003938326e+00
3.382707631050485553e-01
6.341757410662312466e+00
1.559688146443338752e-01
7.140028168809364750e+00
7.787230499952720209e+00
5.666365700236813296e+00
7.456571975957687393e+00
8.451231437375264832e+00
2.180990669889102396e+00
3.948528574368193045e+00
6.591003274276685531e-01
8.317647438396972959e+00
3.004502367930057538e+00
6.060673145847350618e-02
9.067070461393326397e+00
7.974924036518304948e-01
4.150285626981698783e+00
3.457019730206838393e+00
4.547135034555752853e+00
9.728023796890832742e+00
3.998694466386866431e+00
2.782606484919891709e-01
8.565342118734445620e+00
3.911218609885191988e+00
9.516744438356104396e+00
8.969676058855561962e+00
8.927269876539261517e+00
6.254401131584041096e+00
9.055545953112997815e-01
4.260276546075680848e+00
4.741647100360072642e+00
7.474431309073922058e+00
3.964875914232159904e+00
2.572228046773097354e+00
7.545919291188986300e+00
6.618176948608621046e+00
8.857389731501148944e+00
3.350938014890607608e+00
5.939245119168205633e+00
3.083154313418017267e+00
2.331239906445776722e+00
6.299169534424187589e+00
7.823883570763491946e+00
5.308146034041469008e+00
6.912853935142672768e+00
3.090449005612442512e+00
1.963430469133812251e+00
1.404609191963744896e+00
8.625607615889864022e+00
3.043127089879914315e+00
1.886302321886585975e+00
4.872615990211929926e+00
9.188137433706855539e-01
5.010932651639445012e+00
8.222357558647196640e+00
9.684286642680173252e-02
8.878292412687002866e+00
2.233189922003704364e+00
4.084780814928040904e+00
3.272394911764781256e+00
7.243000251545439472e-01
2.237381523020115281e+00
7.056240794929347082e+00
3.872005242106801859e-01
8.712940931393225341e+00
9.810299110356028862e+00
1.021038961463887063e+00
6.288165431131619520e+00
2.311356774546324822e+00
2.282351034444839222e+00
5.748998420699792611e+00
5.907510119852862118e+00
2.484091029818980001e-01
6.138836602938289921e+00
5.306225396916151027e+00
4.188447761290570170e-02
9.036995831795014311e+00
1.590630722452711643e+00
4.976779290774215880e+00
6.032873031929455010e+00
4.157748596110924844e+00
2.201451397562545154e+00
6.492680993254262845e-01
6.849546081256253416e+00
4.987163506730336593e+00
9.850086833529436703e+00
8.887720469077020624e-01
2.275777122209035053e+00
3.962311925326056361e+00
7.687306683528001727e+00
5.574249836156392135e+00
6.581079592041524151e+00
8.228427283335495446e+00
9.263191280878611877e+00
2.366696262826140096e+00
7.675907011800186197e+00
6.031335570223297360e+00
9.175497512323900651e+00
8.781918606669048444e+00
2.623787493989566677e+00
8.471548440199883068e-01
8.447596627084820398e+00
1.294341342226436042e+00
5.203666545313993197e+00
4.841036085403594313e+00
3.200998915786601451e-01
6.086716873130595395e+00
1.715647788100477245e+00
1.197050430505604002e+00
9.741507730194014059e+00
9.050007524294910510e+00
5.122172852363092943e+00
7.423289259824161768e-01
9.777635650097591835e+00
6.480061485170618418e+00
5.780416007444078907e+00
9.046770156245511174e+00
7.992315471484977785e+00
6.454108346576633792e+00
6.049346466943759992e+00
4.113037449816285829e+00
4.343410369904114887e+00
4.970207469027779545e+00
9.033848616538595167e+00
7.342280290514748842e+00
2.030917919362806856e-01
4.560747195604079707e+00
7.181193979061121446e+00
6.225286798195282856e+00
9.597594403584746914e+00
3.640081753153134869e+00
8.312538212885270283e+00
2.027542531607005927e+00
6.492927424938791603e+00
7.665770682235420352e+00
8.596723214124887491e+00
9.200844187622706727e+00
6.460828537824370166e+00
7.763793429300370974e+00
2.002967501212880919e+00
8.500233655362232632e-02
4.637833782550534245e+00
1.598891299107993991e+00
9.818172883875471157e+00
6.934534431813802691e+00
3.461532439384713555e+00
4.851692426892092236e+00
7.670963196254941607e+00
8.314708556285316021e+00
1.180631799700049278e+00
1.670037688417294053e+00
5.862518223683109930e+00
6.467480477435110231e+00
8.912036748986919221e+00
3.296503596819444493e+00
9.697736159200880834e+00
7.811690219370314381e+00
4.336611559416590822e+00
7.062419128364877174e+00
6.446523643783255153e+00
2.898543779294893152e+00
7.407961263953628972e+00
6.207170805635470856e+00
3.219253594203963509e+00
1.789990433400896475e+00
6.675377807638552596e+00
8.371082305963362558e+00
9.319682919685101652e-01
7.879815735771382279e+00
2.545342887264869791e+00
7.739909200853636762e+00
1.305741638470496735e+00
2.425375835950680514e+00
5.338319738148948446e+00
9.787519446095195974e+00
6.996150765020717088e+00
9.394357477162678549e+00
3.930194570133548559e+00
8.666487672851896917e-01
1.989821514610615738e+00
5.001141245377276334e+00
4.991598907114772388e+00
2.328723182282667281e+00
6.028088877525465072e+00
6.558275357211963197e+00
3.265175628607135394e+00
4.936020748805061586e+00
4.560071135100680628e+00
9.216104075257369743e+00
5.640573066336251884e+00
8.864553131587122436e+00
3.627653862151173136e+00
8.542046693158026116e+00
3.237921729490072842e+00
7.564474627923182481e+00
9.932626221199237548e+00
5.435895171759260514e+00
6.189663888672901848e+00
1.346145239084806100e-01
7.210486489585282044e+00
3.929194301674820977e-02
8.119464764961904280e+00
1.005537564836985753e+00
9.188530235289999126e+00
3.159437614622557788e+00
4.037057767399437225e+00
7.784710436933032440e+00
9.923936027769261869e+00
5.412651877360787012e+00
4.711120533411020439e+00
1.000415892427026776e+00
9.968120175110017911e+00
9.745345836173154197e+00
3.895434463207416709e+00
8.525661896515618565e+00
4.091102240423324155e+00
7.279632882515229220e+00
8.012455525917101085e+00
6.821145946657018122e+00
4.334695547983961283e+00
1.946237384869610176e+00
5.598627232536021125e+00
3.100919319505415217e+00
7.218084103720578959e+00
7.307933286463273781e+00
1.380909374263066258e+00
1.793256899520372372e+00
1.320215998321170314e+00
2.659711002073583686e-01
3.748985080782718526e-01
2.328643843965617855e+00
6.568358957309010648e+00
3.909721206150543971e+00
4.621600574863823141e+00
6.503680139538763783e+00
2.652518808115297055e+00
4.519299104353003749e+00
2.566116858526581446e+00
3.514195544773068836e+00
3.658422034962494962e+00
1.476430095434988488e+00
1.615208219823478508e+00
3.702373013664521650e+00
1.725510859542521702e+00
3.245148398568949766e+00
1.905926970207983961e+00
1.462499897846794017e+00
9.273832059436994513e+00
6.279814050058416086e+00
4.289798226660645142e+00
7.449094605234019006e+00
2.576245130772414349e-01
7.570622246418093226e+00
4.424978592410865552e+00
9.755852940164433384e-01
9.130880128044094324e-01
2.148294429225785507e+00
4.563565379254743704e+00
1.666914777609647125e+00
9.444082116528459636e+00
4.251534701739833721e+00
5.255790454689307722e+00
5.678340051031938174e-01
2.897976284442684847e+00
7.286721876081008631e+00
9.352802392033485290e+00
9.835187215131821148e+00
9.926079907020721294e+00
4.220501914180485592e-01
7.016160212131353546e+00
3.139000120198930155e+00
6.815358601644071257e+00
6.658530992470009124e+00
7.673212403825326433e+00
1.035979534907867095e+00
9.475282566355591740e+00
8.216529815491728783e+00
3.241233400524544450e+00
1.045806594565399372e+00
7.897759164328670423e+00
8.827564824712567315e+00
3.211347547498881738e+00
6.773957602294352398e+00
1.355348761987617001e+00
7.306879979702212147e+00
8.175659914522748650e+00
1.561874898319861593e+00
8.341691992037091552e+00
5.875241040546504756e+00
4.229640789364661480e+00
3.066954436056668065e+00
4.610683284457924636e+00
9.579068060479563940e+00
3.896324444072943649e+00
9.838453283626941825e+00
1.368559026237741172e+00
8.740744184820382401e+00
8.110756744962635878e+00
9.345421387211231945e+00
8.985362518489936612e-01
4.268529791816238372e+00
3.274450364150648163e+00
8.993133534483916947e+00
7.790456162039736121e+00
6.550644072208377189e+00
8.335333859609423968e+00
7.291009779129577595e+00
3.611397673732259506e+00
6.567783936863564875e+00
4.921351324400637495e+00
6.871360131806793170e+00
5.457065916444369336e+00
1.011958447203934464e+00
2.710673026941678998e-01
3.927390589790339170e+00
7.170258713842651233e+00
6.559812044409536469e+00
2.517436052381473388e+00
3.880810829632469705e+00
7.191753851984219459e+00
7.936695689850326474e+00
7.879826793449727695e+00
6.324316547152274204e+00
7.263526398841339216e+00
5.118736876795594526e+00
8.701023395841163577e+00
7.348822950675209853e+00
2.472139602989544827e+00
9.994142342287300806e+00
3.069002041176509543e+00
3.919732887095555895e+00
4.844619767234684460e+00
4.940404302406977699e+00
7.122341498457378961e+00
8.913395192375137555e+00
5.532200307858758936e-01
1.317110040227300605e+00
5.279318430425089304e+00
2.063475536508413199e+00
2.620668224437463500e+00
4.043527279566196064e+00
7.793841302765165402e+00
5.999692507380704143e+00
2.306373049912328277e+00
2.307016098987132224e+00
2.420688986676962084e+00
3.852771885037131749e-01
9.551069896036370466e+00
8.690185994706780548e+00
