5.057325184924714279e+00
7.043680541598850375e+00
3.359176837805148974e+00
8.875734417634411955e+00
8.515901807082393304e-01
7.624864002930498152e-01
5.241247552763691253e+00
2.708455930489950259e-01
9.826370102844514065e+00
3.169385988125361653e+00
9.184481081254421753e+00
4.484485141652529094e+00
1.741876195145727335e+00
8.944228957716038320e-01
3.015839421242895391e+00
2.495951672130687360e+00
3.541404976680047056e+00
6.401490505785401908e+00
6.351409119430285521e+00
7.501701420653795971e+00
5.848125542533234800e+00
5.437600635142177730e+00
4.845257753737138628e+00
6.897362402554009009e+00
4.326493916541075180e+00
9.870705526332853808e+00
2.887510043868032561e+00
1.192326078615127960e+00
1.698357453901063741e+00
3.300010458705132876e+00
3.695146823163799610e+00
8.556530221254195823e+00
2.499450602911079677e-01
6.488563776491480084e+00
5.406282498273039749e+00
5.986761899061563419e+00
4.181052765374865032e+00
5.214123214612166102e+00
9.577239246291464170e+00
8.946328938779769757e+00
4.535306751087818000e+00
9.225102068436685343e+00
3.992147351416273970e+00
1.496404042948578095e+00
2.309818658278017800e-01
7.905640872772083050e+00
9.409960651510326457e+00
2.418866653495067354e+00
6.047016231534626307e+00
1.088819367597667620e+00
5.292220967526342079e+00
1.957080396713719583e+00
8.634874839153884096e+00
6.961150719859383607e+00
8.950668982563783516e+00
7.969078747625234271e+00
5.108359473516576266e+00
3.204889594914046569e+00
3.828576847763471847e+00
7.906159244870891722e-01
3.604946469186827152e+00
7.120067676968130144e+00
7.263174725935624743e+00
9.319227707460708832e-01
7.155750269956570264e+00
4.152463797295222747e+00
8.675683310388815350e-01
7.509104746387698981e+00
7.575847694438095026e+00
9.099358589085058568e+00
7.555527822770757851e-01
4.894504146699457436e+00
4.265857134779179383e+00
1.108807766274184647e+00
7.015476626193666299e+00
4.437027674829622015e+00
1.108237583489160016e+00
9.710191919531469651e+00
2.521326893406246938e+00
4.726560152895109557e-01
7.121959934845401463e+00
3.151350579156320109e+00
1.566832280514679487e+00
6.945117249874856569e+00
1.117350905337970435e+00
1.890418602474918108e+00
8.387971038632358045e-01
3.792297406854899577e+00
5.798980824980367821e+00
3.956260357453498244e+00
1.502050544800946907e+00
4.355593354011137563e+00
2.700980808046412385e+00
9.064929150831810389e+00
3.429798126078098530e-01
1.094819332515335475e+00
4.513527979405473900e+00
7.818310050074553708e+00
1.044799513138071623e+00
9.821780528119170128e+00
8.082581615368392036e+00
6.415195736102693225e+00
2.301234275637946691e+00
8.385310001695918558e+00
4.237477931380821516e+00
4.875301017695663930e+00
4.628922024197138718e+00
6.633813149534373288e-02
4.768930224794382333e+00
5.380875614289932329e+00
8.413631161801005121e-01
3.626842486224839401e+00
5.277517020979029638e+00
5.041875010425776793e+00
3.456844643174434850e+00
9.078015010938951690e+00
8.491209415483266909e+00
7.684409892498797134e+00
3.662978416323612318e+00
3.319276142602338719e+00
2.642201396351762099e-01
9.507936237544893032e+00
1.067036299068326866e+00
2.293931641663140564e+00
5.021390548914156149e+00
4.084432894873001096e+00
6.000692334496634750e+00
2.948969772721125260e+00
4.101819470302210391e+00
2.324446655969236719e+00
3.671545924693960572e+00
7.124816357817909118e-01
5.433406920634281434e+00
8.597640127817298250e+00
9.433962870822696800e+00
2.718913956464907855e+00
7.419101530084043716e+00
3.517846785352217509e+00
3.215905214359544573e+00
3.775180605241497123e+00
8.039569738771756846e+00
8.717504754425007718e+00
7.168633575951657733e+00
4.152110253875575197e+00
6.876989078532731448e+00
5.454888195472671342e+00
2.700310988596410500e-01
7.373909795755891672e+00
6.989750211097134347e-01
2.730470350121394496e+00
1.375616718649484982e+00
3.177254501689112054e+00
7.210441242650388105e+00
8.763233786420608240e+00
8.090855869003938494e+00
8.474946348819219821e+00
1.070543370687344620e+00
2.596073303945081179e+00
7.472492796803841486e+00
1.823278158672969607e-01
4.729096331906557538e+00
7.685475040325454366e+00
4.501632772070253807e+00
2.056165822336769367e+00
2.514137924787698264e+00
1.551643889705535129e+00
5.813116631124559675e-01
8.782262924373938517e+00
9.204567541663227104e+00
9.423937741480409969e+00
7.010990991976088438e+00
7.131602168358421423e+00
3.110772749166668127e-01
7.975300684711099208e+00
2.246572155247958946e+00
1.001197149637931272e+00
6.351504066140210902e+00
9.607359800785523873e+00
1.109447536730625572e+00
2.149266313603703793e+00
2.919161891547512599e+00
6.400664744369688464e-01
3.681511992375274822e-01
9.279300764550441727e+00
7.552139069333055232e+00
8.276466500780440327e+00
6.733006135484789212e+00
8.278837020473769570e+00
4.406743070233702042e+00
4.093897403648739441e+00
4.216945546679412793e+00
8.922140813178607743e+00
2.829169508749627138e+00
5.630452066065379846e+00
3.468986460605372191e-01
6.657320019850731185e+00
1.848063837284076305e+00
1.913898589424216645e+00
3.598833454279970478e+00
4.518102998014833283e+00
5.310625671474888954e+00
6.327414849245434958e+00
5.499449772726140218e+00
4.668233477869745407e+00
7.299666045477034793e+00
6.861230828275907356e+00
1.998333626070744051e+00
7.177686941567752221e+00
2.341853703651086693e-01
7.079834802453673248e+00
7.612991398480940752e+00
3.349325292319812242e+00
4.134413189663742827e+00
5.511315429329506799e+00
4.027450991967402416e+00
9.541823424771912698e+00
9.729026897140856889e+00
6.726986180390667869e+00
8.221260533664231929e-01
4.508256922277985801e+00
5.923327224941096425e+00
8.018885771553721398e+00
5.430795253418960300e+00
9.404534710608567494e+00
4.495019581143187892e+00
2.806764225913704891e-01
7.418782323151374314e+00
2.497117286191439245e+00
6.244933387292109117e+00
1.984832613395062229e+00
9.758811004561383839e+00
6.644476396728641987e+00
9.289267121445268671e+00
6.736186388720767582e+00
7.109724266660922609e+00
7.426649054282973061e+00
9.740490616676641622e+00
1.952241252571247365e+00
9.779768575037270040e+00
2.600737272465678540e+00
1.444794652226549792e+00
7.412479877829830421e+00
1.650360861993311890e+00
6.469054133744719159e+00
2.391313610995051686e+00
4.082658587216554835e+00
1.933934297365215160e+00
8.003760773764389214e+00
9.468306307550859557e+00
6.929089206203543405e+00
8.820014133736632900e+00
6.678707140397843744e+00
1.065435264526581882e+00
6.692879454771805570e+00
9.724404906407336568e+00
5.888332716273515288e+00
6.046799033894850517e+00
4.618301505667150586e+00
4.572851571374537016e+00
9.791949678991628048e+00
8.579624620992680306e+00
8.792163319858838477e+00
9.917976780059987618e+00
5.381998211843514568e+00
1.378700917515484070e+00
8.585095767332015626e+00
4.362113938204537078e+00
7.356122425920055719e+00
2.840473883533834787e+00
7.990733103786077152e+00
7.431757343275818606e+00
6.400717658723876546e+00
1.668646895672396546e+00
4.116837557989594387e+00
9.552078760203865926e+00
1.674618047803945187e+00
8.202629111172916154e+00
2.793170262423884331e+00
1.426426189451626136e+00
5.944123370542039098e+00
3.673012555993504513e-02
8.837029638810754761e+00
2.670165548351486340e+00
6.488856120254448356e+00
1.930427258414191272e-03
2.491620042965792869e+00
8.487259346485277689e+00
7.652247688306161422e+00
5.542650276324990521e+00
3.968336736834495504e+00
3.645607541783909333e+00
8.287226746497344365e+00
7.276404533592928381e-01
5.415538937345747428e+00
5.135254345414017152e+00
2.705239614456464992e+00
6.795442779359720298e+00
6.288558676411906134e+00
3.360929873526342426e+00
1.332947677415035059e+00
5.935400560085484223e+00
5.719704942018688509e-01
3.486534656399520316e+00
7.343711142706085937e+00
5.099875378275303461e+00
5.158707610662868426e+00
8.860691842993684730e+00
6.302282400968959308e+00
4.291899516671215054e+00
7.019268793452574151e+00
9.046504678290697044e+00
3.003712170350618660e+00
3.288313294539127796e+00
6.924670499454309791e+00
3.131035773048906901e-01
5.675088800089236329e+00
9.085250581775426326e+00
8.314296173108735033e+00
7.844722846423834106e+00
9.614914640494388820e+00
8.917630694437910677e+00
2.537245075658034477e-01
6.031518969057514390e-02
4.576651455309921346e-01
4.891813871861802276e+00
4.597478397723396171e+00
6.261383956807726747e+00
8.060494434175012657e+00
5.613891067291944204e+00
6.137059406272165951e+00
8.766293629336923132e+00
8.671962841509291309e+00
5.224651120571910390e+00
6.009664547129788481e+00
5.371679544493586533e+00
1.213450237606306104e-01
9.194350479979629398e-01
9.239824298851042172e+00
8.262306332774882023e+00
8.286543048267704492e+00
2.692313351393385901e+00
1.509001213989616952e+00
4.025332480383351452e+00
6.994003031223822830e+00
7.217759501899728924e+00
3.671595173681615698e+00
7.487186555543150490e+00
4.247466729847014122e+00
5.220538395628738115e+00
7.357540121967223179e+00
1.942044776984938048e+00
2.478823167445266762e+00
1.500129138574759491e+00
5.205842332017013518e+00
7.948941827197843146e+00
6.754587323124599862e+00
2.069343377323024313e+00
7.274628290425705579e+00
3.900988156338569546e+00
1.626756325358134081e+00
9.905344397456198990e+00
1.830218525203535229e+00
8.186947748173974304e+00
4.796518398049309795e+00
4.018771260463410933e+00
5.967789711714301504e+00
8.482269523067630601e+00
1.035885967299543520e-01
2.160108003872640570e+00
8.283892488696007916e+00
6.344104323064771123e+00
7.411112200153880281e+00
1.495882262500415338e+00
8.989824143254626421e+00
2.333073913962946389e+00
2.436942676812509312e+00
8.299142459333451072e+00
7.962325184595114180e+00
9.167800537233103952e+00
8.337578710123527692e-01
3.476974973636028921e+00
2.285923988607608592e+00
8.574222428805292395e+00
2.926669250758541452e+00
6.396375151353533184e+00
3.982725219920186799e+00
2.561243143782587772e-02
5.033018620315775848e+00
6.897961813092848615e+00
3.866010963947496215e+00
6.533494072136423192e+00
9.052465181029795360e+00
7.024134909861676768e+00
5.931664909947395259e+00
1.820356699597479588e+00
6.971005599237412031e-01
9.582941916654414527e+00
6.549567541492661071e+00
6.265925215871859244e+00
8.221132405205972660e+00
9.063298157341417749e+00
4.539597945822437808e+00
4.077056616475287498e+00
1.068794344432223431e+00
6.496557306917893904e-01
3.753829011957687811e-01
6.863913394521795830e+00
3.874958873319402919e+00
1.333079645844154060e+00
3.901427953868490395e+00
1.277873660842480108e+00
4.754663584587762060e+00
6.634215889486925199e+00
3.907532481867386220e+00
9.328584040347621453e+00
2.299939234446085834e+00
6.222803992358153735e+00
3.575564268804795276e+00
4.590554329297024339e+00
9.266446187346971897e+00
8.374468137697149928e+00
2.797518636412271498e+00
8.870945304088817540e-01
7.089004689919613966e+00
4.592252430305812538e+00
3.507225204993798862e+00
5.914222498006710182e+00
4.078134913901644509e+00
8.440732167992621271e+00
9.712686349060850599e-01
2.711920714559872270e+00
9.133220935481160652e+00
9.483708998109975141e+00
2.771963273003792416e+00
3.970445944245001080e+00
9.013464916165314644e-01
8.568999291480782432e+00
4.142246332111523266e+00
6.007665469217009502e+00
5.298353821247255624e+00
9.743838658015879783e-01
7.671313206972070198e+00
9.502463987252141919e+00
7.932974093373497126e+00
5.641203126188823802e+00
1.146053899092321915e+00
6.668451506924376382e+00
3.075545342486019074e+00
9.228831329071454093e+00
4.742849979957303397e+00
9.218219063488142240e+00
8.703196513249588762e+00
2.082875293138657380e+00
1.862362497811771433e+00
2.409917752768964139e-01
3.370916998046173951e+00
1.082723172838684356e+00
5.678589290545623669e+00
8.554307190522614235e-01
2.690770414460471827e+00
2.251335497886843839e+00
9.356766249110886946e+00
4.811438805358672077e+00
1.996664595832520206e+00
2.304964300907574870e-01
6.340483237116703030e+00
2.780135422372888243e+00
8.699243208455465393e+00
3.438146893753298627e+00
5.074912731400682553e+00
8.934359488156713880e+00
3.523418416503512063e+00
3.898602017203001147e-01
9.970337985048033147e+00
6.522044358882139736e-01
3.098814048253146769e+00
8.591042386841831302e+00
2.952647401571584229e+00
5.456559327711643093e+00
9.510324725007424096e-01
5.651995103846801705e+00
4.571849909345631957e+00
5.257688732332951531e+00
3.645607467653738887e+00
3.579390397442759664e+00
5.455184045048354413e+00
1.463818007025385892e-01
7.233469025124850127e+00
9.083761981379550932e+00
3.846252091937347739e+00
4.517186012978768872e+00
4.495154898944006661e+00
5.223621348203741910e+00
6.944961635601382355e+00
3.748115847448967308e+00
1.644486075815402293e+00
6.790051533067066103e+00
5.408991978904294839e+00
4.136481437745386458e+00
4.905573981480869428e+00
