4.882376983238689405e+00
9.020388814081892193e-01
1.330743364450893695e+00
9.864660759439386695e+00
3.566484232385925601e+00
8.819484512898966955e+00
5.027707544809432605e+00
2.510126779682732234e+00
4.113883589704091293e+00
4.624981076545068959e+00
2.365682998809937043e-01
9.586324950792560529e+00
1.307589560844011345e+00
5.674804216507203236e+00
2.924361577009038093e-01
6.929175696693564923e+00
7.000509629850618865e+00
7.984585327801433152e+00
8.562483827994947561e+00
7.645840928393475622e+00
8.186627215526678825e+00
8.189310050019784626e+00
9.401722807734946841e+00
6.759611658250975985e+00
2.867582791588248803e+00
4.530547346075799453e+00
1.079573178886654716e+00
9.844929876914406464e+00
6.684828016784109650e+00
8.667614143531034543e+00
6.043139067042828216e+00
6.712898613577734430e+00
8.230765565976742693e+00
3.925151871839325235e+00
4.037084989852820271e+00
2.630333615406525105e+00
5.044462099467804883e+00
7.725385271325814429e+00
7.021955724153188250e+00
9.521173623842415168e+00
6.379284090746267566e+00
3.901699373617915079e+00
5.375820238887067504e+00
9.944027886755163692e+00
2.648846578333901025e+00
3.795706977918543501e+00
7.671502045777492285e+00
2.669181135568601260e+00
2.064644507169740351e+00
8.811900853488408458e+00
5.913420428721949396e-01
2.751532374570799799e+00
3.673390566846121974e+00
6.800068437717431635e+00
2.946307478416772874e+00
4.552806357243193602e+00
1.372436471776231626e+00
6.847827136277425453e+00
8.971304870299613654e+00
7.120837630255274497e+00
5.163017373752679440e+00
9.183774704259471733e+00
8.583815016490682126e+00
5.500516172561723316e+00
1.712220971677903547e+00
7.411109419453588920e+00
2.389669731805619257e+00
7.901678151622840929e+00
5.797326953024692919e+00
4.687669306096125865e+00
5.136985014419592765e+00
1.374175545622328132e+00
9.095852002275560011e+00
2.739120938284801632e+00
4.524433212761000966e+00
4.920546075907456185e+00
7.224885512108359720e+00
1.526335899528740159e+00
3.349769679872840467e+00
8.321407180532041536e+00
7.306508825990833067e+00
5.215727747627929567e+00
5.977477903726602371e-01
2.490231487785909970e+00
9.052673161998365359e+00
7.912529597118954428e+00
3.015416810757694854e+00
5.816498935517484981e+00
7.329676018475372867e-01
1.637142965778659587e-02
9.898246889841303187e+00
6.952446328034172396e+00
5.683210645403543815e+00
2.751284489801074429e+00
6.285793429973711710e+00
1.060942045219189778e+00
1.419259932364314025e+00
8.259914912792247321e+00
9.483730535826696340e+00
3.593865017678969931e+00
2.903993787089662604e+00
4.530997693548020955e+00
8.112275698428248916e+00
7.600284594788220716e+00
7.148202904454292739e-01
8.494965079833644239e+00
6.543957929100171711e+00
3.162140782097227820e+00
6.513186072965098994e+00
7.726755214919486470e+00
4.958794640384798669e+00
8.038600901777531504e+00
5.069477913824474768e+00
7.996478022715192147e-02
1.044845120303929953e+00
7.002436473569487951e+00
7.453112912562920300e+00
3.204265658725837795e+00
7.150269860302451264e+00
7.340272036832018898e+00
7.996274041888148609e+00
9.319031540897951160e+00
9.796634156584689279e+00
2.202392760304653585e+00
1.716431676862062439e+00
3.326880448821186498e+00
9.067558911030722868e+00
5.613675236443373961e+00
2.597673158623692302e+00
3.428681972807500422e+00
3.378689331263968754e+00
1.301562659186041859e+00
8.835021029169844553e+00
1.131551363596113857e+00
4.270081584181161460e+00
6.633976622342330209e-02
9.516513865235578962e+00
5.198167410371667962e-01
4.705852454119181516e+00
4.910412245780650053e+00
8.386427327848132052e+00
6.142736005615367034e+00
9.663213211298769423e+00
9.649061732597900232e+00
3.779287543714051623e+00
5.452182330227070217e+00
4.405773804328644516e+00
1.725148236338275298e+00
5.684003369878343648e+00
5.502034067971420583e+00
7.386735888882930645e+00
8.201926306472245187e+00
3.925243744541607960e+00
5.420620553429388089e+00
4.079416972387805096e+00
9.651950702206805843e+00
7.291785965061517771e+00
5.423895425268620230e+00
4.606227866234691160e-01
6.367958757211724219e+00
3.500064864473777515e+00
5.129335206595778907e+00
8.131537257858463263e+00
1.041176196098072548e+00
2.619556478716843273e+00
9.480211578756845725e+00
2.206622065877039685e+00
4.170652007892191371e+00
6.566556179208192567e+00
6.887748223235909961e+00
8.587722122402185576e+00
6.222430460759477810e+00
9.563432747234671183e+00
7.556775224908688138e+00
2.826889395810645578e+00
8.178100125170338686e+00
1.181062330799050875e+00
1.175331350163661970e+00
7.817898176553081946e+00
3.452339637856127741e+00
5.795758924863968709e+00
8.007068574605618494e+00
7.134377217503473645e-01
6.965417550536487923e+00
4.441529743907311811e+00
1.295133629906439765e+00
6.665676676452307881e+00
8.660437997757187034e+00
7.146954525064473707e+00
5.073252074404565271e+00
6.961058788910323258e+00
1.823019880210408061e+00
1.131866100170971778e+00
6.260286301488752869e+00
3.106578275398741429e-01
6.224568330905475122e+00
8.068286419197994164e+00
8.194083194098475076e+00
7.671855147047940804e+00
3.934778822805370169e+00
7.744222459767613476e-01
1.103708480042481233e+00
4.450033711606744546e+00
2.823853127514658112e+00
5.157905939700525799e+00
1.836539280599609469e+00
9.159795555949812318e-01
9.174099027674976981e+00
7.362202029223912092e+00
1.237726718689762251e+00
1.022577425171335985e+00
8.952684692158324964e+00
4.588220904894572350e+00
9.914572926527844388e+00
6.854870656673039520e+00
7.084222732494433572e+00
2.463174482134233845e+00
5.057045524868327924e+00
6.772710399450061480e+00
1.388546590949161219e+00
9.027862760960399413e+00
7.208351402255958718e+00
3.534963121615208870e+00
1.936182804232863264e+00
1.955495398655160422e+00
5.175449635420412697e+00
1.376618726253842073e+00
7.650385924449787822e+00
1.415143026016054684e+00
4.321009859702551470e-01
4.240263112016251501e-01
6.622702539624975238e+00
2.835231946141444581e+00
6.173389317814114818e+00
4.717673061911686005e+00
6.732896422271306136e-01
9.880954283785190029e+00
5.362590711153858436e-01
5.830360221484787164e-01
2.312315615573232730e+00
9.116350488432789945e+00
9.080305818158976194e+00
1.150950952411422534e+00
4.547948795707225322e+00
2.736009597900302737e+00
3.524587921577271299e+00
1.727274451463065574e+00
1.230167870084940551e+00
7.532107235828460645e+00
4.971987713654186791e+00
7.618328136717633647e+00
5.912442359832695615e+00
6.606687850615569957e+00
9.578544271925871101e+00
2.040175573552694743e+00
2.394036734726960880e+00
6.893663426060000710e+00
3.451887620049847172e+00
4.029412059056901363e+00
3.456134566952492548e+00
3.686148377786150121e+00
2.421793087153592872e+00
3.726040075120834238e+00
7.741697585164841744e-01
7.357521077903669493e+00
3.902575009056604927e+00
4.302451823448022239e+00
3.715838322792992532e+00
3.977483450153953548e+00
2.291872972778341566e+00
6.449040375383296997e-01
6.407257018262518145e+00
7.372824581194610261e+00
6.745429096927026968e+00
8.636962929688820623e+00
2.810916769526656811e+00
2.288286650751874873e+00
2.226010052085156676e+00
5.977450180085281062e+00
1.903880813078914214e+00
6.725802151598792022e-02
6.826422226381934077e-01
2.377819704787225152e+00
7.131428138422570839e+00
1.485673617805504110e+00
4.273378185910800653e+00
7.043173281130052921e+00
2.845890243529998198e+00
9.037092311781270482e+00
8.604116173092869246e+00
4.034327662342125365e+00
3.844530545208597605e+00
6.320330059977573356e+00
1.138347829747126116e+00
5.427191710290495408e+00
9.460520413826410291e+00
3.524434472517373962e+00
4.503763823147680867e+00
8.855214138771399845e+00
7.612413186153979439e+00
3.344006955616691812e+00
7.490540481207520251e+00
4.303174661838457205e+00
2.665492136990606831e+00
6.702803769833365344e+00
4.225500292486138676e+00
1.907808554429413217e+00
5.231499305878691608e+00
6.854969404334044114e+00
6.780987995353898512e+00
5.734456848300157894e+00
5.602658924872221391e+00
9.044791411040767670e+00
3.131797665870506009e+00
5.772013756443874044e+00
3.149301898262733879e+00
9.077732212105759757e+00
8.865074756632111530e+00
4.890998858482584311e+00
3.364380775070880958e+00
7.321168796187540906e+00
2.267754865517961349e+00
3.238897119714096107e+00
6.112210333691738384e+00
7.238293296603864668e+00
2.027284626985536242e+00
6.213026213260994801e+00
4.275891790220484268e+00
8.733041739844553675e+00
3.011327347679662036e+00
4.896040516668130671e+00
6.657510395261957648e+00
6.397029337837559559e+00
3.013740073972785982e+00
5.302331098629483819e+00
1.396991764146999770e+00
5.165244623119324974e-01
7.527594231051710771e+00
9.510977281301215669e+00
7.835357274450575282e+00
9.852135316464606163e+00
5.641645861684673413e+00
1.848217301499514020e+00
4.534196858477526071e+00
1.907072380419186919e+00
7.760514273215824765e+00
2.821726375039719237e+00
1.814265751834850393e+00
7.582001255341107360e+00
1.378874165560231013e+00
8.764645769051291779e+00
7.301708469049502881e+00
6.066263458111209594e+00
4.796294104927447677e+00
5.382413894499546991e+00
8.129873520937438869e+00
7.919826282655795247e+00
7.997707047744482267e+00
8.902663390722105774e+00
2.340989989643177616e+00
3.922718795895241417e+00
1.753943242482690623e+00
4.966547840620795462e+00
1.703569417784380757e+00
6.745040775978958791e+00
4.216120256648510534e+00
3.873649460683178170e+00
7.241278359798992703e+00
1.274023147309736315e+00
7.943877284133609606e+00
5.553373075972808159e+00
1.918066638488794551e+00
9.205094143878602253e+00
8.464173173551523988e+00
7.415105545428460232e+00
5.974456802909290154e+00
5.305712446287762063e+00
5.089040398094858197e+00
6.215587935556584398e+00
3.961268450635339278e+00
2.742529035216842992e+00
4.155843933666303336e+00
1.143079336549557290e+00
6.403985253214717233e+00
1.265719755310213968e+00
6.709637042850374655e+00
1.422576050999754260e+00
6.555340133930187552e-01
8.587875692616881551e+00
5.153110266067283618e+00
5.867648118521261225e+00
8.462012688533349092e+00
3.612168103234496552e+00
2.195118143348690154e+00
2.617429424563477713e-01
3.758551893854142900e+00
6.685012508432912171e+00
6.839784794870262807e+00
2.858760943389015985e+00
1.596402094975620800e+00
5.855901093519833012e-01
8.229478686349198213e+00
9.887191971880083585e+00
5.993630703868067400e+00
4.615404000613851920e+00
3.468129411554987662e-01
4.677061326218913351e+00
5.544813154661811794e+00
7.462810754886986864e+00
4.840232235496420010e+00
1.565798860571188111e+00
6.339850043901877896e+00
8.288144223004930922e+00
1.734874341006525933e+00
7.079544274114415003e+00
5.404576584648688176e+00
2.077514991665134758e+00
4.788952255416452530e+00
1.913594078716683855e+00
7.458292817002357467e+00
7.079264845566757280e-01
4.204269663662490331e+00
1.998675866438207605e+00
3.120237814077828631e+00
6.007842529418728539e+00
6.178172119100725723e+00
9.124278756870929374e-01
7.305617595365766270e+00
5.273688881671045436e+00
5.279150921583632083e+00
1.175498838068108620e+00
2.871897340258669828e+00
1.761279236587831587e+00
9.954270282053034880e-01
6.030399459962873188e+00
8.749053043307842614e+00
1.101757120181051652e+00
6.017277847284034920e+00
7.838262519140149820e+00
3.859642080702051281e+00
4.460839099221780568e-01
6.882958511263105095e+00
8.627655926673737596e+00
5.654354474929446539e+00
5.263459916238732994e+00
8.612740763100934061e+00
1.161581511086012819e+00
7.076265949113015097e+00
5.391744512058711081e+00
2.178405765696175500e+00
6.646577257540538852e+00
3.606431538066706466e+00
2.935377937875938148e-01
8.071920286473488471e-01
5.566402751537628646e+00
7.829451036858970703e+00
2.685617527371499946e+00
1.492538624775576750e+00
1.994031417569873676e+00
1.887829608613887933e+00
5.827374611120835546e+00
4.967297950185145083e+00
2.066027537878532883e+00
5.489039252622312404e+00
3.053237010198247781e+00
1.244906602583758515e+00
6.612715054420689853e+00
5.634114175672100266e-01
8.810640154773152766e-01
5.167727539433077055e+00
4.586074515666663132e+00
1.635599251786069575e+00
9.496174804380773438e+00
6.828960283496401829e+00
1.144272319334393995e+00
5.138989523747097721e+00
5.886925029256230069e+00
3.836367578670132339e+00
8.478046650005233165e-01
4.736469713049452857e+00
6.416724660550507053e+00
9.457555148875021800e+00
2.409735281825887476e+00
6.904525541554056289e+00
1.533728045246457450e+00
1.068004975416864122e+00
1.353360666898494324e+00
2.487556389752033859e+00
2.760598860074013672e+00
3.004923201515041775e-01
7.029620834530425633e+00
3.098027457893009817e+00
3.507527617823856581e+00
1.239123116795222135e+00
3.484041510127644514e+00
9.966313514395666928e+00
7.639419204339741754e+00
5.636273803751953082e+00
9.897897865203903578e+00
5.686554051949348931e+00
