1.204661650155416375e+00
8.424083763462167695e+00
8.066545360190417568e+00
1.397863952202691440e+00
6.497542417666220871e+00
8.180953624732406837e+00
2.421886184694516331e+00
5.633678187980359908e+00
6.038801691354811041e+00
7.179694156660155535e+00
5.505661605685743254e+00
1.052953653215634722e+00
7.716351179629663548e+00
3.110751065945729366e+00
2.484630547356643238e+00
8.820805764224065371e+00
7.821487069174651197e+00
1.766340789506234410e+00
5.796738659792447734e+00
4.414586411090337670e+00
1.167701491184744977e+00
5.407110308025708800e-01
3.951089845478582774e+00
3.603150771403296204e-01
1.517093522614243462e+00
4.319354923687623860e-01
5.323963124142615300e+00
8.860258187789327167e+00
3.324017341672560466e+00
4.185830481364237521e+00
4.545631481935630269e-01
8.881461879804618320e+00
7.376393595175167128e+00
4.662560078193626723e+00
3.355655291465659218e+00
5.266537466648555821e+00
5.656895911286746070e+00
9.286504965958510383e+00
1.523935055443637054e-01
3.723408730045356663e+00
7.971523551462881052e+00
4.350344562090051603e+00
4.255882422082168937e-01
2.457622353377770796e+00
7.649597677157271569e-01
2.223456173807518699e+00
7.436412413717344627e+00
7.167759936997799564e+00
2.298592157738172936e+00
4.917253832978466299e+00
1.364352726359524537e+00
1.410729911866218655e+00
7.859137600261874468e+00
2.565477406483048561e+00
3.856229061523614998e+00
6.466444174549951462e+00
1.277886743275836734e+00
9.764126612915816850e+00
6.852139978376694529e+00
4.000910423167580277e+00
2.546416825270569007e+00
2.778139742198353357e+00
8.713254610383661003e+00
8.711418884850006705e+00
3.390015247742628191e+00
9.290616011851660083e-02
1.269027218422452696e+00
1.003721267407486906e+00
5.063391214744761282e-01
7.928489366906854130e+00
9.168712346062083185e+00
4.578336501022388205e+00
7.707912714399391518e+00
4.910146017010724506e+00
4.123891584085202844e+00
2.687351660243566531e+00
6.962757033199194368e+00
1.987834728236826942e+00
2.423757894693445714e+00
1.809476719209507367e+00
5.168697290393245325e+00
9.211916978221314167e+00
6.344295216840336593e+00
5.525715297519573355e+00
3.267052733039814694e+00
1.331627953975700329e+00
9.979833726312444142e+00
3.145466938141534552e+00
1.715026184027897971e+00
8.176630545703787334e+00
7.667109323593784609e+00
3.050535093571672185e+00
6.892902560721542393e+00
3.460271883984002095e+00
6.970059614881623844e+00
3.873286957450744694e+00
3.768487071767967489e+00
7.134707051392374932e-01
7.090911124225605988e+00
5.222288518683072311e+00
8.403913370955125473e+00
5.922100448455140054e+00
8.967815424067302033e+00
4.357722792250617871e-01
9.969819488022276133e+00
3.183019605096929716e+00
8.486208902154196210e+00
7.355308864280569736e+00
5.697474717200661232e+00
7.469503010002167542e+00
4.063646124977759122e+00
6.750925281170182757e+00
5.553882502733239690e+00
1.059999613644773131e+00
5.758249323665096675e+00
9.736634607120910445e+00
9.211506331229394107e+00
9.049911645157703077e+00
7.018035544414252591e+00
5.343454258768864928e-01
4.435426719455656475e+00
8.615212519412882131e+00
6.275745969380976952e+00
3.114221662824594450e+00
5.719344110483131516e+00
6.299025275369506183e+00
3.881248013665806518e+00
8.885977037854836169e+00
6.341523284398338234e+00
2.208152655736416392e+00
4.638592307330159592e+00
8.687798882983976512e+00
4.021341217203192819e+00
3.954300260714553872e+00
3.697470734558065963e+00
8.627315100600222664e+00
3.238510432753540780e+00
1.709325839072448616e+00
4.550186272670641685e+00
8.740935419767025039e+00
9.417917774061228542e+00
8.912317405691037919e+00
4.051906725996063052e+00
8.770757675741515769e+00
6.522290620925900839e+00
7.044039706348820928e+00
3.928708724121644735e+00
6.493587349668603181e+00
6.080939678614893040e+00
8.926075541271893954e-01
4.546829906504980201e+00
2.251558674687422545e+00
7.302973821206526495e-01
3.438282785171700162e+00
2.443454682599695005e+00
1.045823076073099100e+00
1.364930059669988704e+00
2.626811252327335922e+00
9.747748615722535703e+00
8.138731486887953892e+00
7.943002282744978437e+00
8.602438423302210424e+00
5.670466685683149599e+00
2.272357643290235707e+00
8.157203163041909733e+00
6.831076870199503048e+00
6.397728711879323349e+00
7.183300788793740566e+00
9.667348312728138993e+00
8.494953008886437118e+00
3.520765762002034727e+00
2.678535778931887545e+00
6.523238282065960902e+00
4.356363536101771849e+00
6.203688945352440420e+00
3.118339844223626756e+00
3.686922768026098751e+00
4.744307918667114876e+00
6.837660462572259235e+00
6.065913091188947170e+00
2.838580327956650162e+00
1.375305608419271630e+00
2.767361115950243367e+00
9.426431853227090762e-01
5.469583418712126388e+00
9.991914806411031691e+00
4.976880007485560142e+00
6.645062753668401712e+00
5.499284745866424906e+00
2.591705278557961734e+00
8.695484523847040847e+00
6.577478734538091842e+00
5.406547716020709160e+00
4.623354025815268109e+00
6.344139085759631591e+00
6.371259636647426561e+00
8.442264748412341646e+00
7.134604177657521973e+00
6.131141096166371263e+00
3.250057528517173999e+00
5.520896443314620150e+00
8.350279015215914313e+00
7.550131687868658403e+00
5.009811770751226856e-01
8.675371453651651521e+00
5.129345919008235555e+00
1.911065094219625005e+00
5.266260158320276830e+00
3.799746713713547663e+00
1.142769641603226249e+00
7.123137974487887547e+00
8.633404361934029936e+00
6.989282588470691060e-01
6.141983331075651087e-01
3.037933404772267032e+00
5.309759043455147598e+00
4.567225380948815250e+00
9.860197685450302174e+00
4.762379163948703642e+00
7.219551521878080358e+00
8.484077396266764381e+00
2.121845881108620269e+00
8.339675915534449757e+00
4.533999793892205865e+00
7.052448634581277354e+00
5.225024081775723417e+00
5.577289939011903286e+00
1.747693812926927048e+00
2.836488404812629316e+00
1.824537301753167418e+00
5.494818113255728775e+00
7.465132811608876651e+00
7.808918444208683418e+00
4.820693809748652470e+00
9.413419080546610473e+00
6.307811446507197495e+00
2.827759122149422488e+00
6.377889420986050162e+00
6.363698122969471349e+00
1.537168845746265111e+00
2.864868936457725113e+00
3.278979623287897383e+00
2.138904227439399897e+00
9.138955451949459796e-01
6.197339551511316103e-01
7.279529168162174102e+00
5.406082896692826267e+00
3.943582261797384803e+00
4.564138485914774002e+00
2.733915657787183484e+00
8.756653947712866426e+00
6.303136378385538308e+00
6.007479598935153930e+00
9.230655755502404247e+00
4.435947022694718633e+00
4.207016001817595274e+00
1.389445066139616269e+00
9.659424383414438875e-01
1.832841555128558175e+00
4.563799657888569783e+00
8.500298032183362551e+00
7.910374963694430939e+00
7.894265408543475360e+00
1.514523180039751837e+00
6.082561593829782787e+00
8.338938940430085101e-01
2.819029089869896865e+00
9.970474065673734287e+00
5.955214044580995569e+00
4.480156743715554057e+00
9.547392351177684588e+00
5.840361356392018699e+00
6.915960301524544107e+00
1.076626028573425264e+00
8.329356292756198599e+00
1.458829174508525783e+00
1.407155683395853174e+00
9.475788243024152457e-01
7.401827182619681089e+00
5.116866096741416570e+00
7.918330113874622711e+00
4.402767003314692396e+00
4.542614132412371220e+00
8.937506798748453107e+00
3.739386173434089411e-01
8.174912996394787967e+00
6.262866803759231438e+00
3.436217301665247525e+00
9.586349321296399495e+00
6.372020055541851136e+00
1.553958815201976762e+00
1.196168895467194515e+00
6.401895414088065728e-01
8.915063576595079198e+00
3.660228106850869079e+00
2.907198483508925957e+00
9.603690199248442028e+00
5.041824374345148740e+00
9.056118823351495095e+00
2.020651779192206288e+00
3.078351718836416229e+00
3.272291985228429567e+00
7.287486659425248092e+00
5.089157340210191727e+00
4.648114374771066259e+00
5.125745971496062481e+00
2.272019746277260666e+00
1.484056121256399630e+00
6.530280929506568910e+00
4.542701789819187930e+00
8.339620190116129095e+00
2.797572137010828630e-01
4.479832265147202008e+00
6.220284951493837422e-01
9.282340174826403612e+00
5.309166740054700462e+00
6.836712404182909708e+00
9.985987922849886900e+00
2.317438749306921508e-01
2.837086766811013128e+00
8.920631320872425718e+00
5.489891978450096133e+00
1.732107495751731285e+00
8.809731685826094338e-01
3.301137793098499529e+00
3.373763742497060125e+00
3.943402871087877681e+00
5.931895727635017046e+00
2.923281779323387841e+00
4.180204256349362879e+00
2.963883575814104887e+00
5.052258612469417987e-01
6.433916767709567885e+00
3.400436290243895598e+00
8.284400150093800264e+00
5.382021399224835356e+00
2.806465545328343580e+00
5.704456208858331934e+00
4.223722616669824959e+00
5.478916815575507471e-01
5.249887597828505115e+00
8.226290559005734693e+00
9.774347872823192063e+00
9.293690577937319119e-01
2.037465243920565605e+00
4.894415400328142596e+00
2.648814297764977788e+00
3.233239626515960197e+00
5.648214002082935892e+00
3.409612852178690368e+00
8.046103583227635525e+00
8.828522711029201275e+00
9.782666879941658067e+00
3.470164953675673125e+00
9.926004390435176461e+00
3.703121312305080792e+00
8.500375385180463539e+00
7.912603867931482071e+00
3.181813208806636428e+00
9.929640412700415197e+00
4.623463083272357999e+00
7.930888105044027192e+00
3.097758414999340904e+00
9.947736014283615091e+00
1.984292646798992976e+00
1.549182472985771719e+00
4.175726427381585282e+00
7.109434433948643495e+00
7.187146019226701377e+00
6.825914476679647791e+00
2.957407560609869535e+00
2.379118715287576791e+00
8.210337470883096955e+00
5.867076750408943830e+00
1.598187411731437635e+00
6.809139227917418324e+00
8.726955176685095239e+00
9.603214145005424029e+00
7.151902416817113028e+00
8.057537270084857539e+00
5.008972091994982279e+00
3.823195595527042467e+00
5.348298538250203293e+00
8.118935593983357180e+00
9.713276770792637294e+00
8.815722156980172031e+00
4.302961368199277103e+00
7.791346036955662413e+00
6.428367312921057675e+00
3.550628107415728429e+00
3.438072701871003112e+00
2.947797950741527728e+00
1.856799463096941993e+00
4.861660438262926043e+00
8.729705407427704955e+00
9.728076850700539069e+00
8.353868972525624770e+00
8.655597040231874928e+00
9.505182258197592660e+00
8.154584110732939095e+00
9.662624935991495079e+00
8.547852988960894294e+00
8.939243907142591539e+00
3.658806363253193084e+00
9.241814641840772282e+00
7.450047564570139169e-01
2.717777188288913237e+00
4.963415705024221136e-01
8.479801532540658826e+00
9.520741071256118460e+00
3.968869079585380710e+00
7.512046825786958593e+00
5.646354551994560822e+00
7.818038038149155433e+00
6.635492035101854924e+00
2.761457863900163900e+00
1.046716789383426160e+00
5.741726657368086073e+00
3.727021377861245988e+00
2.495819735689298824e+00
2.949996652085537185e+00
7.523153614520349919e+00
4.801621591987834670e+00
3.936536971174223964e+00
9.871462862905421076e+00
7.594840601732128604e+00
1.909437710941754851e+00
5.307512227970425656e+00
2.785082925455219183e+00
6.138149479043200074e+00
5.551962866053740342e+00
8.032162995207892564e+00
7.939020953598342700e+00
7.615315309679426825e+00
3.645119807222992669e+00
2.164271147872641521e+00
6.220719853583400738e-01
9.617512082375018423e+00
9.613603324729240285e+00
6.828339957267415272e+00
1.359323917934429637e+00
7.305293683626721268e+00
5.215572788127436965e+00
2.542769280454393321e+00
9.079582938202346298e+00
3.562535784473071843e+00
2.808859330747895733e+00
4.391658568935703499e+00
8.505155256566942157e+00
2.617119547669986002e+00
3.424986164072154615e+00
5.246319433900818119e+00
5.461552056796881160e+00
1.400991670433101577e+00
6.110106660049852145e-02
2.985646083913152893e+00
4.633689695462366309e+00
3.675401098266570799e+00
6.525913012962948123e+00
3.693288666406473464e+00
8.205677324025179686e+00
6.153959609470925685e+00
1.100978291601766301e+00
9.980118508514697950e+00
4.100181280673178108e+00
2.273313469471148984e+00
3.891579624708271012e+00
6.635110131575753023e+00
4.356551270710776080e+00
3.103055283028717248e+00
4.188527477128206833e+00
3.193340760253535748e+00
3.310404885404413022e+00
3.567258524607935577e+00
6.830098633321699531e+00
6.492178158971984026e-01
4.796414660879152692e+00
9.239803596987306022e+00
2.529615469128394523e+00
2.323069427461396330e+00
6.587078828019662602e+00
8.537263710683715701e+00
6.630302909437336467e+00
1.915545020584730196e-01
1.045386770487003458e+00
3.262004281213837231e-01
9.381173733318972197e+00
6.770943951617742762e+00
5.454359994339378126e+00
7.030537890164126225e+00
2.430987029632893925e+00
3.238268998686975042e+00
1.713083613230800273e+00
6.175556225561062984e-01
7.219373413984491172e+00
9.974273109305820117e-01
8.766739457771421939e-01
3.709745327285074445e+00
4.129684158126851301e+00
9.982823620200175441e+00
