7.469664933832458331e+00
3.263206845841495340e+00
3.605375559763089655e+00
2.794353629965714347e+00
9.438007302560816214e+00
7.152935933172392957e+00
9.335271955237388397e+00
9.866154125423697963e+00
1.740074738198658100e+00
5.281913375219678741e+00
9.731204397493609548e+00
9.395480417871667100e+00
4.240806092032423091e-01
6.747368268392702539e+00
4.205301725744687857e+00
5.566143175747930272e+00
8.418991631427652500e-01
2.150474171040916982e-01
8.334152181464007825e+00
9.437532206295797366e+00
7.119128993818286233e+00
3.504041499972434526e+00
8.935163022344166706e+00
1.826285034424188769e+00
6.411370959911055767e-01
6.727963288449588575e+00
2.725832285898194485e+00
1.013805259854617669e+00
1.030376998860532689e+00
3.118416875304558467e+00
9.181508529367775395e+00
1.986745998059624707e-01
7.538362890945205841e+00
3.073790710865045295e+00
6.111038664350086691e+00
3.400677460344526892e+00
6.477193379879188306e+00
8.025017710627102119e+00
3.141198609297656041e+00
4.519176558027463209e+00
4.743120333298844749e+00
8.574353424536772295e+00
3.465181871785304679e+00
7.908192615373922152e+00
7.016755788939564198e+00
1.924668406033613888e-01
8.200415934451566358e+00
9.188371617141889658e+00
7.228377358199400859e+00
2.028377848997119592e+00
8.067266249609144069e+00
6.380151287249713477e-01
7.428988901289730329e+00
2.456083754584232892e+00
4.275282960461580295e+00
1.992668177486213166e+00
5.039006494323638563e+00
2.913538871633693184e+00
2.285710130581070310e+00
3.425061678284832212e+00
3.859348133299420613e+00
6.658026496914408732e+00
1.214028175964312339e+00
8.553039060397626514e+00
4.796092103435546150e+00
7.359833398132787252e+00
9.939435578737828791e+00
7.219573496834222226e+00
2.655823899038280089e+00
1.783932730825620316e+00
1.162669329201926338e-01
2.007055477217779327e+00
9.578487365791838570e+00
3.255595556998722717e+00
8.873199038003637185e+00
6.124172431590075405e+00
1.738540445607641427e+00
7.436253061373045981e+00
4.203160240001966308e+00
9.260230694539218987e+00
2.989315963352281447e+00
6.430463276724418531e-01
1.431783894881103469e+00
1.413378704360145344e+00
9.152352649688706876e+00
3.508532326557580738e+00
6.997979138990767289e+00
7.187208763654822974e+00
3.614845492100796420e+00
9.675328451146727460e+00
9.453895264833079182e+00
5.780743200961388162e+00
8.813381301198406348e+00
8.997167765784354287e+00
4.110424839840059796e+00
5.200845240545396209e+00
1.914879089012441193e+00
3.610605297254943835e+00
3.593304248013565960e+00
7.186448086266320701e+00
3.312348703342959944e-01
7.026335117538136110e+00
6.821594171143763319e+00
7.584653726411946906e+00
2.491413801110672566e+00
2.721401281619340029e+00
9.074564907738846387e+00
5.449142436477886875e+00
9.347653713632778860e+00
8.710361901600839118e+00
5.657548105694254481e+00
5.018249182883684156e+00
1.641050186546659795e+00
5.586549472426376894e+00
4.291678283544598571e+00
7.488199702135450941e+00
6.045442918700500989e+00
8.726977568806645991e+00
8.848825553034044944e+00
5.326665139700356377e+00
3.262762369062872647e+00
4.925831897984012109e+00
1.468561274130745220e+00
4.066728879120514506e+00
4.088695743242166891e+00
3.558390069938029754e+00
3.172665672086329103e+00
2.972229496947533800e+00
6.121923553824784925e+00
4.771765882617979848e+00
8.157527348322322069e+00
9.780604476862643892e+00
2.415497784658542368e+00
2.539956083803632580e+00
1.942926161103013527e+00
8.918786096563289689e+00
9.625621073526600568e+00
7.687032304708533381e+00
1.850441959236912570e+00
7.251158901234203924e+00
6.603683470403540312e+00
3.786883398670286560e+00
7.984239914986294373e+00
7.061556283482306462e+00
4.394878162447080960e+00
3.019397515134369936e-01
4.182106450691635224e+00
3.376365352486240035e+00
6.794106699798799553e+00
5.243020444082131526e+00
2.887729089301297236e+00
8.116986178952355857e+00
6.498884133292960996e+00
5.981276875630584300e+00
4.127690077034459115e+00
6.821087603442112623e+00
2.632447049662482996e+00
6.835602339103662217e+00
3.368519989110594359e+00
5.804768109030423950e+00
4.660854723587133819e+00
3.233985235301708450e+00
2.497126935312169671e+00
1.283961582056414308e-01
4.324303184411517620e+00
8.968064178730617009e-01
5.536203700069507683e+00
8.999733396721701695e+00
1.923506739057349035e+00
2.858382943832399548e+00
9.690618875227498208e+00
8.895185914949653494e+00
2.863054505872009159e+00
9.903459018626540100e+00
1.231096584188985377e+00
4.010624466153958068e+00
4.788637479232463967e+00
5.283487309587716396e+00
8.828289789295860501e+00
1.198690916821730790e+00
8.898626110667546385e+00
1.171517531600245743e+00
9.568473484692535891e+00
1.828968200644247588e+00
8.683234801264660963e-01
8.532605724341701503e+00
5.407664179331974630e+00
7.557274055327200202e+00
4.610948306238201511e+00
8.434594619190587395e+00
8.355412667148165440e+00
2.987670962087721982e+00
4.795777788182197909e+00
4.878518459032652466e+00
2.520175447665313762e+00
8.522239421353409838e+00
7.525987597467590717e+00
4.909757001677628185e-01
9.780560354447766613e+00
6.888842152933891683e+00
1.763178524414473758e+00
9.056077429333171835e+00
6.600842984456082974e+00
5.288017392982552245e+00
4.213464945238651893e+00
5.153625176044078771e+00
5.757363087804302282e+00
7.474888585707077482e+00
6.538837755009316410e+00
6.631744537095941361e+00
3.702017825892953695e+00
1.921877928368196375e+00
4.734152002783892144e+00
6.744024377921551405e+00
8.255878469339894554e-01
2.204681281719851338e+00
3.662374617675534516e+00
6.450609179830602891e+00
8.933893055317890131e+00
9.353003108261484400e+00
1.766640196133295593e+00
2.552007960724812285e+00
7.172225156032973281e+00
6.796294143492302986e+00
1.790852744079580727e+00
3.294735229681486910e+00
8.313787436871386660e+00
4.916330793306256108e-01
5.334367587449051484e-01
6.844915326226143293e+00
4.667948507521102464e+00
2.524609478548622832e-01
8.981439235997406456e+00
8.540692559466343425e+00
8.690809499890315593e+00
4.432769098626136106e+00
7.619987867194389253e+00
2.303347907771158276e-01
8.232007823807528268e+00
4.999532365044647264e+00
7.948042405256624754e+00
3.526438237398861197e+00
4.346790798446564796e-01
1.800141385018464435e+00
9.253564429542249226e-01
7.241852650038036465e+00
4.131742876068406289e+00
4.885643488216468100e+00
2.750134392904785230e+00
4.958093804924281756e+00
1.182776655955182221e+00
7.919698880446332190e+00
2.063057794915565069e+00
3.840091761228121570e+00
1.113352257831711212e+00
5.670695891229176056e+00
1.241771746249566988e+00
2.603029181058340580e+00
4.757728128378735377e+00
2.001605294735946394e+00
1.691086791990856764e+00
8.439373752391755801e+00
5.290126373504408619e+00
3.537727945123070317e+00
2.327868081852457749e+00
9.768753247101372494e+00
5.535410729567810328e+00
1.143983342148654492e+00
7.492257025260134817e+00
4.218023376237086453e+00
4.808687143036339151e+00
6.376122185848259960e+00
9.210900286338896237e+00
2.980382821451441622e+00
1.005702845234550669e+00
6.272188181625285353e+00
9.421045231699174849e+00
2.520571281719854451e+00
4.711744616280929776e+00
1.146340087550584697e+00
6.257711158629783554e+00
9.325788072028014852e+00
2.298434089676261394e+00
5.748795103298319553e+00
6.539574225111813632e+00
4.185176428077607369e+00
4.328932052682288756e+00
6.232310613274671951e-02
3.990398207793987240e+00
6.459244624373124743e+00
2.204952895370579036e+00
8.387010730449620866e+00
2.319167340508640152e+00
1.987955794806550713e-01
4.739196400370071505e-01
8.534129080728569683e-01
6.917111201689776223e+00
8.046707267477595238e+00
2.202910649819733724e-01
3.613602738485282906e+00
3.850580280672621925e+00
6.589228482909357254e+00
2.634872398636137980e+00
9.603179708729610908e+00
6.633164161961238925e+00
5.283494575004369587e+00
7.894655318228581464e+00
4.479472633613129418e+00
7.551397548057845910e+00
2.105844115617846235e+00
4.818396537082538345e+00
1.841238914936128568e+00
4.642930067827284901e+00
5.158726830073124603e+00
1.583207385042872950e+00
4.468230556635774953e+00
7.107726900118467306e+00
8.363547815574461808e+00
4.705656676055054888e+00
1.634427154679065630e+00
9.777845904118381171e+00
9.550147501685819051e+00
3.024694769633540226e-01
5.757942764479975217e+00
2.745908507504300822e+00
8.999046698844567871e+00
9.843128921082600513e+00
7.954482068245660731e-01
7.590831085841664105e+00
7.914957975333409834e+00
6.197572350413399711e+00
8.036483223177569357e+00
5.879155792341519415e+00
9.684450414554479636e+00
7.161308118740525863e+00
3.818431275847000705e-01
6.009382559533475998e+00
4.355949459876979013e+00
5.860751336033908743e+00
6.630652723982887409e+00
8.629939463188915028e+00
6.476094448480917976e-01
7.741070191058911476e+00
4.979581451437686823e+00
6.869676641318013921e+00
9.644152320440387172e+00
2.761494832069132599e+00
6.882484071462982911e+00
8.300465809602673772e+00
3.303973649609919239e+00
6.773350091163193198e+00
6.069914780725270909e+00
9.320421616676410892e-01
8.190191980436122066e+00
2.792247742452293124e+00
7.546045177193559716e+00
5.620194409673112901e+00
1.827427165313104673e+00
1.889086734010014812e+00
2.422240351758730981e-01
4.443706754936469494e+00
4.081819630959123479e+00
6.636413600337585095e+00
2.703311952381393102e-01
9.292519454404830626e+00
3.368517026102853862e+00
6.724457580628561360e+00
5.775271594989584756e+00
5.004303180493527847e+00
1.329038699161921855e-01
9.003559988774309630e+00
3.121818100135994811e+00
8.982610437615843324e+00
5.567515835931880375e+00
9.304385633892252372e+00
9.867603488563480241e+00
3.408408180822033451e+00
3.526423433942715846e-01
6.648043672016160421e+00
4.054377827404850088e+00
1.465348202720858639e+00
4.556733562737758980e+00
8.281585403697833137e-02
7.290518340222378768e+00
7.057921286802301353e+00
2.347885346074696233e-01
9.307207865399380609e-01
7.400978301355659816e+00
4.840050856448659289e+00
5.765209171529432020e+00
2.264986289938200947e+00
7.966399652013355315e+00
8.554582692290046975e-01
7.012197452541435450e-01
1.950096371139385942e+00
7.114744305749546527e+00
9.872050317338338488e+00
8.407237069144315456e+00
9.213752041088321576e+00
4.522177560002919705e+00
3.660632499160420217e+00
1.352512645769389232e+00
3.055015155272701399e+00
4.617967432042380693e+00
1.842711343243785826e-01
6.512258916105777118e+00
7.120088786489730204e+00
4.426596514951507189e+00
7.710927342822730957e+00
6.683929499808528796e+00
4.688736269514145683e+00
1.287943126681470041e+00
9.568921935977192206e+00
7.039044661787291268e+00
5.568832165658863076e+00
4.246192381293965923e+00
8.235878510534909935e+00
2.956931874661168358e+00
8.197736301780022217e+00
1.405443708084339605e+00
8.573473670619200959e+00
3.091271991812918341e+00
6.137405202233262358e+00
2.835940609158847714e+00
4.803775980436524762e+00
5.811956968833293047e+00
1.928972011596581382e+00
3.370674870334362527e+00
9.221117989608137222e+00
8.306039168333375855e+00
4.453064726430468134e+00
2.765893042744126618e+00
7.967910965935499412e+00
7.371169798030124731e+00
2.599381511287282898e+00
2.996267574935702616e+00
7.649310154153922348e+00
2.240841932338012654e+00
6.452090295475003678e+00
4.679718614285603095e+00
9.544416655785241232e+00
9.515335390925077519e+00
7.944205522393396279e+00
6.990515762811611022e-01
2.054052720661161402e+00
3.091749051474885768e+00
4.955010726509238239e+00
4.722887198586337654e+00
8.797092986876455356e+00
4.307025957181302545e+00
5.098461993009346216e+00
5.878707659977417954e+00
9.408795590057547287e+00
4.512246474564346244e+00
2.754059189730364565e+00
4.457514403674188941e+00
7.260602968981197058e+00
9.130511424159642786e+00
5.265692476939930700e+00
9.529990086972144780e+00
2.311998295342299059e-01
5.668713954967189217e+00
9.490147263440304570e+00
8.255436318690875908e+00
4.902018412854959095e+00
8.156735616476751716e+00
3.651633881348620214e+00
9.715000280986165748e+00
2.496048519240203767e+00
9.339866515681624293e+00
6.749911096089347140e+00
1.733659398861862044e+00
5.938984489349005358e+00
3.255683385397996066e+00
1.284729901803395302e+00
7.794871953842910983e+00
4.371449029765481775e+00
5.522437829530670861e+00
9.537653187948912148e+00
4.710629117384251607e+00
5.099839265170206026e+00
3.224851247495998940e+00
1.484799052237978367e+00
5.841523539224717787e+00
3.118193995091407267e+00
1.635802631070162327e+00
9.836036404785122755e+00
4.892028494527391302e+00
7.381923249281542532e+00
3.309420450328470764e-01
7.659752551740006687e+00
1.762461440494186293e+00
8.334449163843673958e+00
7.161759914721413267e+00
6.118311433375648534e+00
7.392870776825627210e+00
3.079008553444750884e-01
9.811542085225346099e+00
5.011120989161835126e+00
7.553943693788260916e+00
