3.241757316147213519e+00
4.194380912090539759e+00
9.322118296437142959e+00
1.504290067757112492e+00
4.142813423670079764e+00
7.795783088413465123e+00
7.962605174692805932e+00
1.733804795791117348e+00
5.402150743446708425e+00
4.343325783923060790e+00
6.986721296147446747e-01
7.553021215320288029e-01
1.528823177967038038e+00
3.884461612657641449e+00
3.242715460758625046e+00
5.817310025607582702e+00
5.105758773967955300e+00
9.918334044749400391e+00
2.305031690050277859e+00
7.564941455114154500e+00
7.945133934975815215e+00
6.638592069295078169e+00
3.504531098013576873e+00
4.245796719008344766e+00
9.445421066560509615e+00
9.064201501846302023e+00
5.979456555040992605e+00
7.256834535890064330e+00
6.453516197983178770e+00
2.563702521782608379e+00
6.581941270441999947e+00
4.114736463886452533e+00
3.790950632017078270e+00
7.866840477221392902e+00
7.607651452298384243e+00
1.733562727875750387e+00
1.160758950720477412e+00
5.867223075341330585e+00
6.629677100859443506e-01
8.778575203901583635e+00
6.890186325021929292e+00
9.626940713509618774e+00
7.873991804509548054e+00
2.177965094585446515e+00
7.251131835029003270e+00
2.044671703413771802e+00
3.379567279188344653e-01
4.589479023069221952e+00
1.395141477373337269e+00
3.998791754898409767e+00
5.433954742266605464e+00
1.448492699103286485e+00
5.983179334680631456e+00
1.220126174224978044e+00
8.201299451192715750e+00
8.072092325065252538e+00
3.351651615077066104e+00
6.991708382428667434e+00
8.177475034504318785e+00
3.782127095498900360e+00
7.873733029208458412e+00
6.881383939709227349e+00
4.792480696329190160e+00
9.481251531920287690e+00
8.373360514597388615e+00
1.329327917448833718e+00
6.605171250990729881e+00
7.649171347823617850e+00
5.304813355083727089e+00
3.840479184880019048e-01
3.039914050160898107e+00
8.363458482865976151e+00
5.391496091734802043e+00
1.149917602501845382e+00
3.603509719184970983e+00
8.950038266769796635e+00
2.467443698941637287e+00
1.434236579957549607e+00
1.810805257261483003e+00
8.033556419825313100e+00
5.320520213441437107e+00
7.353408104264207878e+00
3.818163503231123634e+00
1.155379905800233420e+00
9.876462269887261058e+00
8.019045920225920110e-01
6.694775372227041110e+00
8.305958501077794764e+00
8.930100232519301073e+00
3.394577076955240802e+00
9.299058780009229253e+00
7.118835186108953827e+00
3.395685903234555436e+00
6.257146170859126499e+00
2.370324682040148900e+00
3.059040148704561535e-01
9.118038216493708603e+00
7.622024699258590275e+00
7.125530255890268450e+00
6.541099291253466674e+00
8.473204249232001217e+00
8.698824756154717619e+00
8.903816965900153590e+00
1.475525803588543239e+00
5.135297829757350385e+00
8.248403237103985042e-01
6.557674184563623498e+00
3.705501666336247446e+00
9.767676586368331471e+00
1.056654258032693194e+00
1.704086101637147799e-01
5.935003549232672704e+00
5.146061427880135319e+00
2.893380858925534760e+00
9.334971650205336147e+00
8.767530250910555267e+00
8.759904105707094768e-01
7.143927936226424080e-01
6.646657643023829998e+00
2.956932991082015239e+00
7.039394350696460023e+00
5.400195281953100945e+00
9.299029058240325440e+00
7.798190623153250733e+00
3.659654411274280150e+00
8.255238200911684032e+00
1.171014483501322534e+00
1.977208844394063858e+00
2.343138510519757745e+00
9.790427134136876930e+00
2.699901036180762048e+00
1.362745388264641200e+00
3.501280419986065873e+00
4.324554368993132059e+00
4.954629421964211744e+00
2.321043631569505994e+00
5.396371924370982676e+00
5.831428925909853955e-01
7.391738509238503951e+00
4.406421038128247147e+00
6.587190151798758109e+00
7.223283532173669030e+00
6.018085556696187055e+00
4.433771861268549941e+00
5.160108220393762934e+00
2.019397306976729034e+00
6.350817515774127564e+00
3.426292920070439507e-01
8.980206362401155218e-03
4.452761730592268208e+00
3.158574718085439770e+00
4.767732126011054561e+00
1.222706833733970821e+00
9.417293384352538155e+00
5.884775361337598376e+00
9.693584634599247352e+00
5.475738582866181758e+00
4.656915633907564356e+00
6.379254743314910492e-01
1.107369883002740085e-01
9.368871472743400819e-01
8.275540645798056261e+00
1.440041775267494328e+00
7.384947962625209250e+00
8.513116882053912704e+00
1.298806996521332247e+00
3.589275163337473984e+00
3.604920098213080237e+00
3.470650361185341204e+00
6.176390860635459390e+00
3.927575733149557546e+00
8.767488664366293705e+00
4.310221408804810750e+00
5.391683000671210202e+00
9.488457056014920621e-01
2.817914153351597228e+00
8.063386848318332412e+00
4.531314109441596294e+00
4.855306298397369602e+00
6.973895178467589773e+00
6.004008642373301008e+00
5.279000921558724357e+00
2.424326806844731230e+00
3.677784335041939023e+00
2.108066654374844084e+00
7.836764540524473688e+00
5.817044380064690046e+00
8.174669266732481177e+00
6.600267616212855515e+00
4.015064498092635326e+00
2.045846669936851825e+00
7.704415986822112927e+00
8.601190554620691486e+00
5.418274421562331966e+00
9.397178681409526391e+00
2.183646185576067822e+00
6.309369636863976005e+00
5.816752884368524334e+00
2.251676778049747973e+00
1.492145881379752792e+00
1.156667709159409085e-01
4.755434551712470537e+00
6.704981497874094920e+00
5.782352681608882605e+00
8.142235404574009294e+00
8.310071219589914904e+00
1.014479723398453714e-01
9.423541549288479757e+00
2.392239545220995467e+00
4.769177305404084244e+00
6.738578060257132130e+00
3.648046621340566009e+00
5.498248540706010878e+00
6.222451766367611548e+00
9.961205676124256669e+00
3.756279001477058621e-01
5.368430442495410126e+00
2.284571245624162916e+00
6.514815385564779682e+00
1.992940681522203938e-01
2.665324274040955288e+00
5.356623204858124154e+00
7.125059197694017854e+00
5.370892466496761664e+00
8.092101125842493303e+00
5.769371561272023108e+00
7.400070154797214528e+00
2.853725909945397099e+00
4.213137312496369802e+00
7.509004514865269542e+00
1.989759007920122169e+00
5.164270562272097465e+00
2.906482797182623479e+00
7.489210460162776251e-01
3.199443910459565110e-02
7.414223268309045878e+00
1.140095673974054202e+00
5.176931973976087065e+00
4.913694263103147719e+00
6.164710920669449479e+00
8.348798019538727910e-01
7.830941239658351094e-01
5.195656041027971739e+00
5.067519785100511598e+00
2.804654453599185970e+00
2.315609216239788992e+00
9.166097160638038588e+00
4.661770889164751352e-01
4.355355854536041349e+00
7.364960485220766628e+00
5.222719994066174820e+00
4.829217199949234818e+00
7.014853854675592970e+00
1.541192437945456684e+00
3.621145806882871909e+00
4.113820894358330982e+00
2.493427006926574041e-01
4.483633161650289800e+00
3.015837688976763520e-01
7.585896804598178278e+00
1.988511329146414042e-01
1.669321962375088786e+00
9.240491988297805381e-01
5.565955583314600830e+00
2.875216934736944729e+00
8.787994581932079274e-01
5.989975658698187821e-01
1.090810849737564592e+00
2.730309897806868502e+00
8.736544029232618414e+00
3.104026047451173831e+00
7.352401490866076195e+00
1.771381565723130214e+00
2.506921847924641344e+00
6.777603281221765918e+00
3.196652822642737313e+00
7.518341562513653820e+00
6.916935604763231993e+00
9.488919037491319486e+00
6.456481696714315710e+00
1.199551362473590954e+00
5.274158279192309173e+00
6.026050639464799019e+00
3.895340456824368580e+00
1.382054882309680099e+00
8.685075007060026664e+00
8.168463034906677578e+00
3.553832664561484833e-01
9.485908943012477224e+00
7.618680590221961424e+00
1.972636500807138926e+00
3.383979036199579404e+00
5.274069109943590128e+00
1.501820197361751763e+00
5.198105050345410483e+00
3.392508883602877390e+00
5.102497458873314962e+00
4.158987403323904708e+00
2.062043155534489802e+00
2.448726406988399606e+00
5.078999601792978602e+00
1.837496596393910497e+00
1.538251090962744483e+00
3.530288382285939885e-01
2.463503304669270033e+00
6.958272822617107778e+00
6.624990955551266936e+00
2.388087528919731195e+00
4.832337102550346764e+00
9.450385270579275243e+00
6.114418916475275800e+00
9.102694359821995818e+00
8.821792665444716519e+00
2.140117253683731846e+00
8.015475170556713991e+00
8.333063002412721687e-01
6.492176993507414728e+00
1.757876767005391860e+00
7.928700614813384284e+00
9.074653355080718242e+00
2.824684067412754018e+00
1.282982199738758045e+00
6.703955683946590582e+00
6.583687842009452673e+00
2.306478560917581078e+00
4.083086762567194050e+00
8.758378444943975438e+00
9.388804240388667566e+00
2.898433505408597455e+00
8.934424328920153258e+00
3.648314684510955974e-01
3.168107489382365749e+00
1.858153911341634545e+00
1.478390416021587717e+00
6.296439660973175201e+00
8.027911923340347311e-01
8.510294700828428205e+00
7.591663576632018184e+00
7.794684657872156919e+00
8.066682784464244804e+00
8.115537829907257361e+00
1.996343445110896342e+00
6.891429124232463010e+00
7.128637553688193407e+00
1.221476847020630530e+00
8.093096725525212420e+00
5.782848169968365148e+00
3.038721911445358970e+00
2.922182370344950098e-01
1.915274489061007390e+00
7.419977910711485158e+00
8.136241319976598163e+00
1.054720282215881877e+00
4.267392023021069569e+00
8.274318838057224568e+00
2.441877038119169008e+00
8.778488428653504982e+00
4.587601983198964284e+00
8.238798341054918595e+00
9.377245974518849891e+00
3.414370897044398667e+00
7.724472581953850892e+00
1.638342644485282218e+00
7.516957205202455583e+00
4.368451630580977962e+00
1.448553048582903457e+00
1.914352373408733099e+00
7.783467425568519893e+00
2.022893385550382561e+00
8.292531321833621405e+00
9.550185825522190086e+00
3.878190569691292389e+00
6.306803409975090702e+00
8.937599051772394887e+00
4.293617973540694521e+00
9.552324387835884778e+00
4.367775315033934014e+00
3.390248687551173923e+00
7.964401390416995241e+00
6.681312515166196064e+00
2.023083235522430634e+00
7.214129821374266172e+00
6.556864677937773500e+00
2.560529843612796341e+00
5.630269350186209998e+00
1.184955610291836825e+00
2.476981216308875577e+00
8.783003206591684986e+00
3.550109271453947279e+00
2.900878840727446395e+00
2.294833297315018505e+00
8.166483568978243568e+00
1.082951672771412799e+00
1.696956474150586036e+00
2.186822110984686596e+00
7.524612192351026962e+00
6.247564773825157403e+00
7.352461345378189961e+00
3.616902621958383079e+00
2.245077483095600179e+00
2.599905737799400818e+00
2.290303124322252692e+00
1.854233409219657736e+00
3.163188404328189929e+00
2.968434453896298120e+00
9.042535746844613698e+00
6.842859602972079180e+00
8.307998754585423029e+00
3.878208023990564968e+00
6.298342472279133908e+00
3.310889834158675882e+00
3.959581993961205360e+00
5.016456270352750657e+00
9.154067817886069491e+00
7.228027251123819497e+00
9.603269186630349452e+00
9.979002294561439612e+00
2.848581827168037428e+00
9.861057651555913850e+00
7.677563919387084823e+00
1.041124936708481830e-01
3.756853406275912910e+00
2.882431664007718553e+00
5.823252680903659773e+00
2.051230440516765618e+00
5.454317926589270726e+00
7.189279415070797263e+00
8.563042132374430793e+00
6.987642232535514530e+00
3.634718921353786492e+00
9.599633078761362626e+00
9.302431388013282287e+00
6.728493127822121167e+00
7.465920242999224410e-01
1.304764981568161675e+00
6.408871252104706429e+00
7.407358910717432021e-01
6.515776484208057440e+00
6.536411944234055582e+00
8.352036692748677993e+00
7.922466698011784381e+00
6.596168747702685131e+00
2.175002360631386189e+00
6.675287805997498936e+00
3.454467336684436063e+00
4.459990978871681833e+00
2.774107260204431213e+00
6.720260048489297589e+00
6.007370457949742004e+00
9.794131007610010542e+00
9.351199582362081486e+00
7.062510630391098942e+00
5.733873719354565246e+00
9.637302539682391256e+00
3.097547903420072579e-01
1.669001156664021712e+00
2.329502782249525339e+00
8.765291913572257343e+00
9.958513858708359479e+00
4.962063174453020586e+00
5.988004076762579508e+00
8.053065192091537483e+00
6.185619668576255670e+00
9.448411051667104932e-01
7.303378324552149969e+00
5.370516358461000728e+00
5.706793941504733070e+00
2.845575365428056003e+00
3.181834669945678762e+00
7.708832202523928423e+00
5.426822529248990001e+00
8.756379478556677753e+00
2.013811752828452484e+00
1.352041945239041976e+00
5.490272625151360053e+00
4.178691090041870559e+00
2.886642377969898199e+00
7.427043098626125328e+00
2.184426636275846878e+00
4.288975168277374905e+00
9.172555713034713065e+00
5.661776873899370344e+00
1.446325247389802504e+00
9.611694258497538002e+00
3.298818917478483215e+00
4.384798601320871736e-01
6.445884457820831415e+00
5.952999022304280352e+00
6.451315023877270072e+00
4.892423237702225869e+00
7.088600117205795748e+00
6.417977472081620505e+00
3.819521033454351677e+00
2.957627119026575713e+00
3.465763951432382584e+00
6.531358789151449962e+00
6.817905943916990896e-01
4.691010581565421056e+00
2.126273328180126043e+00
8.615149890642150865e+00
