5.576172930726767341e+00
2.932351359678114555e+00
9.216859793181331195e-01
5.631252083727453339e+00
4.467568362946513716e+00
3.861634502554123216e+00
7.707281874795475218e+00
4.001638091160689470e+00
8.161301671613422570e+00
4.108589527235695371e-02
2.505215120603072609e+00
3.156589432554108843e+00
2.706854262824522905e+00
3.142751171546562805e+00
1.963954608804516777e+00
2.299187830121462106e+00
4.820266519952610906e+00
6.982075157791537201e+00
7.318065772814695613e+00
3.234026792032778985e+00
5.968557278512561126e+00
7.694769979246980363e+00
4.598523860733726210e+00
1.619541172779330740e+00
4.075406906011941999e+00
2.459205282606358178e-01
1.314172779012423575e-01
9.770431473153280422e+00
3.201800287908812770e+00
6.492064067069558408e-01
1.794516249128149665e+00
6.690265245302100539e+00
2.982297379535336912e+00
6.005207535326352541e+00
5.157396476827202036e+00
4.398494944776462745e+00
9.764691206727690087e+00
1.275198205445423616e+00
2.141821747454168978e+00
8.498591337467203743e+00
8.257664424673762937e+00
5.416380029354877834e+00
9.539912505671724219e+00
2.311699928669455950e+00
7.615240147476770360e+00
6.366848083538546810e+00
3.002860092735655240e+00
3.527297405914588957e+00
6.880258138813505120e+00
6.274049011067128756e-01
1.496723508638408973e-01
1.503576148399843326e+00
5.868644958343924856e+00
4.257521223851511216e+00
1.065588708839138032e-01
9.120752496159230560e+00
7.685695875392251075e-01
2.236078805071739506e+00
4.946035552760826626e+00
7.166148573812886724e+00
5.938956481650686570e+00
5.180900725379384397e+00
1.643551814015867807e+00
9.380607628453903502e+00
2.414037282995145084e+00
1.685920182360525210e+00
2.772863970057026783e-01
2.666776396795386361e+00
7.125488779370195758e+00
7.479414069098765161e+00
2.089611602292116288e+00
2.873596225284168248e+00
2.257006935118777147e+00
4.297578709475253333e+00
7.788663808262681343e+00
6.324138542339627911e+00
2.952645337315222829e+00
2.168711630026809445e+00
9.604013866318590331e+00
8.413377082211415114e+00
4.250940614411243601e+00
4.768397913295296942e-01
3.337022237799303070e+00
7.969577697460177745e+00
2.113117259099390743e+00
8.922085834927679926e+00
6.158371185484874388e+00
6.641510757639679241e-01
1.163823536824836191e+00
9.982576146176793230e+00
5.848959410403866244e+00
5.296987737869707225e-01
1.688967308934041789e-01
7.947797306353995062e+00
6.463707981473463704e+00
6.767463031263048379e+00
8.380848332317128779e+00
7.628200829591307297e+00
7.383149614321440346e+00
5.078750007250734555e+00
9.058816945822949052e+00
2.985322184423289116e+00
8.780771012883741733e+00
7.075932627573079614e+00
4.990559412313013254e+00
8.377139847546924756e+00
4.077131994850180519e+00
2.992402603725570209e+00
8.723374707813913886e+00
1.123650914172067417e+00
4.029452035667735466e+00
5.889693042592658578e-01
2.199065663643841262e+00
6.114704487487743201e-02
4.398711618177607363e+00
4.268047222567050714e-01
4.273683729585554758e+00
9.444875386816526941e+00
5.712000179788805809e+00
6.232461339949487922e+00
6.015965359642140520e+00
5.950368161242822751e+00
6.153759905318333168e+00
8.669377531335518583e+00
6.011616458501264582e+00
5.484032449235312079e+00
8.210063737986668997e+00
4.105681852514731389e+00
6.287341581945074864e+00
4.495272707107867305e+00
1.698945910962785799e+00
7.263815125403048967e+00
3.048806784286414384e+00
9.691175923163974915e-01
5.477242685040192072e+00
2.892205147711812696e+00
3.153739357071512206e+00
5.316479910169245926e+00
2.601578294799486102e+00
3.152798315693070563e+00
6.487063950289655878e+00
4.164976892006888587e-01
1.856433111796620405e+00
4.112830931695014236e+00
6.518487312541583201e+00
3.233911027892233392e-01
9.910311159440233553e+00
9.660369056999169146e+00
5.489920077814791632e-02
5.056993456492817174e+00
8.698398361547415192e+00
4.926856695608162973e+00
6.451617564269613858e+00
8.725831316318577890e+00
5.861555438525897443e+00
3.861537845523883572e+00
7.542687298279357577e+00
3.178104236157267337e+00
2.074153461934502563e+00
2.998384377943211554e+00
2.407504042424735147e+00
9.049543839607633089e+00
1.125005488157672096e+00
7.144355885046964616e+00
9.568264473877663434e+00
9.346749964055224069e+00
4.193223471908805955e+00
4.850260451464749600e+00
7.500216156867396400e+00
9.850910963104288598e+00
8.334862504925455440e-01
4.317118681800938162e+00
4.020595412062077934e-01
6.517035434201540411e+00
9.777127618442879253e+00
7.747449073950382292e+00
8.296164997937170327e+00
1.508698515252124839e+00
2.598820213074291008e+00
7.021345937967886641e+00
1.272659867163832281e+00
6.854426093673376741e+00
1.123575912976709779e+00
6.621267090482963802e+00
9.417243294820012878e+00
5.827609597788827145e+00
9.645582834088872737e-01
4.227614557464956846e+00
6.556892905954977202e+00
9.664444147806115382e+00
7.908144341926641729e+00
1.203138979775885131e+00
2.550708250292461621e+00
6.051837913356039600e+00
3.347615492531534898e+00
1.694937057881890086e+00
4.409179482161977859e+00
6.932574109177070731e+00
2.514270121475035147e+00
8.445391285037382900e+00
6.239433542982700587e+00
2.622738795833218006e+00
3.305403650118216241e+00
7.381599758930615707e+00
6.690534519680882752e+00
2.306245208017009496e+00
6.502466769782307310e+00
1.901903486354381556e+00
9.963012845609771517e+00
6.481258134676578742e+00
9.901223284578371420e+00
9.359011530258671385e+00
5.093477392069778453e-01
8.036440293682820979e+00
6.064869155265066425e+00
5.089692802534402816e+00
4.256461202667944477e+00
7.674825812393133440e+00
7.816066043769417604e+00
2.512089925536588275e+00
4.452491962489895982e+00
4.688430060085013729e-02
5.085905734509498011e+00
8.903491067479237131e+00
7.610278280408042662e+00
9.404777572794387197e-01
8.014516914966229422e+00
4.321298317195065408e+00
9.619235271057187120e+00
6.688143967266706014e+00
7.690027973823395868e+00
5.745976022853942489e+00
4.596631432421860453e+00
6.460717256216115700e+00
2.415747361948472616e+00
9.151191865990258023e+00
9.173041205726351066e-01
3.980123530738806092e+00
5.357212229862200914e+00
4.055305410578040615e+00
2.966435072922897209e+00
1.706609741255469270e+00
1.277236892473985197e+00
5.572969415388082659e+00
2.086483925416462437e+00
3.015169943055044044e+00
4.703401807228512865e+00
4.081795200862163853e+00
8.995023752910459081e+00
8.251195521870911875e+00
3.292817386203704899e+00
7.999976915076054240e+00
1.647914180705511988e+00
6.443311034034545415e+00
4.793491421250418938e+00
4.012971534960056985e+00
3.783438957399126501e+00
7.763122846705772240e-02
8.187968140680910167e+00
2.988649992287445656e+00
1.723372527885569383e+00
6.632222383634825746e+00
7.861075799236079575e+00
4.836104552919763933e+00
2.207041907194831065e+00
7.098178522292003301e+00
4.678042813675022060e+00
8.495880567973159714e+00
7.880757374870528409e+00
9.339720526943860790e+00
7.887845173876594451e+00
2.493520249164589142e+00
8.509231058210705356e+00
6.453987051095766425e-01
9.130648112201622535e-01
6.591912133099196325e+00
7.577570909206149175e+00
4.385446451730147466e+00
6.637887470056513806e-01
4.034831960711390053e+00
1.248487158655519069e+00
3.153326884069542757e+00
6.131532748565444280e+00
1.775300368735766021e-01
8.261754621050750202e+00
6.530193433620382848e+00
6.503640451278824841e-02
5.554788951571531186e+00
9.008306890990130711e+00
9.010453349113214827e+00
2.124298577233620922e+00
5.947450384894855446e+00
3.592285746246535183e+00
2.903378002580929707e+00
1.545615392171245661e+00
3.839858975553304354e+00
1.342462400695311198e+00
1.940538166353318328e+00
1.156060348301806151e+00
9.656609351636184613e+00
3.172439752838129845e+00
6.938147173698271608e+00
9.279992366618103006e+00
4.606955588339713081e+00
3.174914596894435892e+00
4.015602363419244369e+00
2.422539583678866570e+00
4.398678687271621257e+00
7.424106939185738163e+00
4.709000979633827022e+00
3.515884557120968701e+00
2.462614191652248152e+00
2.040949863888369187e+00
9.602424101657314193e-01
9.856204332131015988e+00
9.099215224443577554e+00
8.153104466231649639e+00
9.492814295417579373e+00
1.293528046501524198e+00
4.862011621156481223e-01
1.306240259518580693e+00
4.761217543392794127e+00
1.310713727786394500e-01
8.265652388994959576e-01
3.450862092301396622e+00
8.331347231557197475e+00
1.609100892245358683e+00
6.023325791832037091e+00
2.821498084120729111e+00
4.085746099451309732e+00
5.016445184353688802e+00
2.484561673876479748e+00
8.829839453637507773e+00
3.625307373706544212e+00
7.216199171439486193e+00
9.119529676086633785e+00
8.355601500812241511e+00
6.803716669004097106e+00
5.164035810528940118e+00
3.482326056682606641e+00
3.014749554575912871e-01
4.261855244877356341e+00
2.060742621839661837e+00
3.332779959419702731e+00
7.021542108547960126e+00
5.829086679596394482e+00
2.708136549472759391e+00
5.954104076695840853e+00
9.359794872842115865e+00
5.265696629341503510e+00
7.079364569925786554e+00
1.613804919186417886e+00
3.144416609911611094e+00
1.489549138719316046e+00
7.893473698871382283e+00
3.149031821098128070e+00
9.529710071633651580e+00
5.675228332958319299e+00
8.050720943910761207e+00
8.029256965771443433e+00
8.043637902785011562e+00
5.736477198524392307e+00
3.417685382323381038e+00
7.010523749350785039e+00
6.774280901145753653e+00
2.333358514041544929e+00
6.622879801577998826e+00
4.488563478470828372e+00
3.316338738324020596e+00
4.594242920028731803e+00
6.034416369758532905e-01
5.312434591834146680e+00
9.592150710286009740e+00
1.833401242911284479e+00
4.361292313244260477e+00
7.300082320644606604e+00
2.186194895812750616e+00
1.408882337412398211e+00
7.449434830975110167e+00
3.837838865491289830e+00
4.633860995391491322e+00
2.546576477725555954e+00
2.997707141705846290e+00
2.767696481135524245e+00
3.749773544900960598e+00
1.340848451107072847e+00
8.434603864792590500e+00
2.726546034762095339e+00
7.216712781626997142e+00
5.699719761421457420e+00
9.775020530987490019e+00
8.012133692979059418e+00
8.428940930283346233e-02
6.087935025487228202e+00
7.477119837812622904e+00
9.910472332818171637e+00
3.591720920193282041e+00
2.113167583518820170e+00
1.440282579900301618e+00
3.918681480182057975e+00
1.894819765226457564e+00
5.672580039639896210e-01
7.572796470976128624e+00
8.497565048321018111e+00
1.846264017211732833e+00
5.051674317067478270e+00
2.017555958415653272e+00
1.636252026587867725e+00
4.927236895826738738e+00
1.017827249371316967e-01
3.755439203157053818e+00
4.344970640308886800e+00
3.687696779971801675e+00
8.830089425362475097e+00
5.783434658707790277e+00
5.163959011792159437e+00
1.860874213726283477e+00
4.567411907077978839e+00
5.003874425675918225e+00
2.446616587678604127e+00
5.359788069066365956e+00
2.679552565111016360e+00
9.042858929795338341e+00
1.786873397763864002e+00
7.064681123114349148e+00
4.038840735725534259e+00
9.271726017230115247e+00
6.557511921069081318e-01
8.210792333481020222e+00
6.979304369699667276e+00
5.010502661237334010e+00
7.695925467386510732e+00
7.228514706538348378e+00
9.167984677628965073e+00
9.007139230890258474e+00
6.078729439947194724e-01
4.111889743922012563e+00
7.603373499344417752e+00
5.941692280532037351e+00
6.573671888287197618e+00
4.504822620320388715e+00
8.308421385277211968e+00
7.335152077369873957e+00
6.788444630457384221e+00
7.838860962957731715e+00
2.493797636319228239e+00
4.813448888637116951e+00
7.447899107664721186e+00
1.509640682986360671e+00
7.656016102386622890e+00
6.404700202334251635e+00
2.759529072423093865e+00
9.630761468690216986e+00
7.789381784671756126e-01
7.147982214910378218e+00
4.840956875736952547e+00
6.318686410220188066e+00
4.941431004569261987e+00
3.589058445311731127e+00
8.104217499332641239e+00
1.358805100432763924e+00
1.480740890324395709e+00
9.635992812594668777e+00
3.687851552439696867e+00
3.535882581783361900e+00
4.378807951460911951e+00
5.199294660271565505e+00
9.532719427130839307e+00
8.162205396624010234e+00
1.558288563242139491e+00
6.839169185030530507e+00
1.249530919530822404e+00
1.365588554219782091e+00
1.217012005764488425e+00
6.829142847234843217e+00
9.069305042947795048e-01
8.857357892947133493e+00
7.365186239819817793e+00
4.671675541944548371e+00
4.360842167190143392e+00
5.804173630542447171e+00
9.691489520884072562e+00
4.294100372024646006e+00
2.949022700160757182e+00
4.408435700938076351e+00
2.013442225602975810e+00
2.289019151324782619e+00
5.279269374365155088e+00
1.687662024377332148e+00
6.207809901994468582e+00
1.916138406700947927e+00
4.615432858670141414e+00
4.904118966914473354e+00
8.939544555814105120e-01
4.670827667073745637e+00
4.230750533541490555e+00
2.038537266265854075e+00
2.658511527840795807e+00
6.625564379579577334e+00
7.885824336585888439e+00
