7.603870477605955358e+00
3.873430037819428406e+00
9.131168761288847691e+00
9.225184456692000268e+00
5.068345522772799150e+00
2.559152202511633334e+00
4.799407195690231553e+00
7.694964673325397797e+00
8.875900500455591313e+00
2.774459263513158191e+00
2.457174235311141430e+00
3.733786665147475148e+00
5.565650628028947722e+00
8.865922475217409726e+00
8.822005004771714454e+00
5.322737861675388871e+00
8.885293288593601346e+00
1.290708734488490439e+00
5.636067892301000803e+00
4.823429117405789945e+00
9.762875935547036477e+00
6.140265121077702837e+00
9.906922831363834447e+00
7.653451552357627641e+00
6.904474137109497534e+00
4.080521960071315846e+00
5.481767827938751836e+00
9.933596328537003473e+00
9.591190544852567612e+00
9.477806967567747876e+00
3.720682099754835104e-01
2.673913401353193997e+00
6.012504614172353712e-01
6.114667170884087177e+00
4.914974147449170161e+00
4.655056863111694199e+00
1.615803562357642775e+00
4.008572994789487254e+00
7.592118926019548297e+00
8.029024606252869845e+00
7.328730460095311372e+00
5.238053765690429131e+00
3.344686424255849388e-01
9.435375362395078014e+00
3.017295875750148682e+00
7.171165806439681489e+00
9.754092353324484321e+00
1.323519044421173074e-01
2.340540182055206309e-02
1.649664960916411571e+00
6.739168453886289711e+00
4.771449079030691820e+00
8.438148052002631516e+00
8.889708593403263137e+00
5.975289915227549820e+00
4.193848363848106331e+00
4.655994902592315299e+00
8.003505255451770495e-01
7.856440310945322025e+00
7.376435738321267976e+00
2.582417383613135886e+00
2.051490257340979007e+00
4.880095131748443116e+00
8.953563507612786410e+00
9.402779150419652510e+00
4.097998298425150843e+00
7.495166858263885068e+00
1.505786536437935252e+00
6.093001084594783734e+00
5.969012093155115828e+00
2.692079790042403165e+00
2.975641611637562800e+00
8.128873436076890613e+00
5.953073394481211089e+00
4.650746860087884293e+00
7.848937295478704002e+00
9.266166841914080798e-01
9.407328843178618172e+00
4.677872984709190440e+00
2.860866991993014086e+00
5.276347100076158370e+00
4.800551476609898671e+00
8.594539129379491271e+00
4.269830438351086777e+00
9.112477816810638842e+00
8.991020782501180975e+00
5.817961499253897273e+00
4.050184993654885268e+00
2.145767381736814805e+00
3.304425325960943738e+00
2.800872087863886861e+00
9.458361842182427814e-01
1.998451049375339350e+00
3.813352490498989056e-01
9.057217403907214859e+00
3.837569966135270239e+00
5.822885703593049911e+00
8.348893648762382824e+00
7.470117458166713575e+00
5.332380760645557771e+00
2.249466340242298745e+00
4.543697524974743551e-02
6.438405922726843755e+00
3.780034350788139541e+00
3.895657302555973978e+00
2.606583245561449047e+00
9.601696321388992317e+00
5.506153758584462210e+00
5.460713231495965658e+00
2.402808548974089131e+00
9.716285200455219595e+00
8.769307030709835971e+00
8.254004257489661711e+00
9.560456925393042482e+00
9.977667824872060720e-01
4.417044222200558146e+00
4.025738409718404576e+00
7.167346547934693390e+00
6.399409433941349867e+00
8.685966248097219733e+00
4.324424496076217928e+00
6.677575459221700704e+00
1.488613562215774788e+00
8.790491745241649113e+00
1.654839810397245037e+00
3.461047144666473674e+00
2.588807998338247263e+00
2.096916902586671849e+00
2.256911818117247392e+00
8.911340367661697570e+00
2.276273302161369028e+00
2.234842436147959965e+00
4.626511550208055823e+00
9.634062550463097452e+00
9.036032331972794651e+00
7.621742412387849441e+00
2.862472470922605705e-01
2.561999210505737423e+00
2.810839338575604529e+00
8.845573085968403859e+00
1.447697201088442576e+00
5.036666140817905202e+00
4.412543885008277655e+00
9.899004148239878731e+00
9.749450035724995800e+00
3.685616001519535168e+00
3.389149591023430386e+00
8.302892661779871730e+00
9.050036694302841411e+00
5.636551504574477178e+00
5.138312750858393230e+00
3.033741095387487707e+00
9.844799583224046913e+00
7.246216750136120766e+00
7.962195131378173585e+00
7.903493469000085980e+00
6.505420416103121717e+00
4.488385406622751539e+00
3.831173147255152678e+00
7.233327621022571208e+00
1.645438745837920491e+00
9.651711046251055137e+00
5.223115484293449740e+00
1.650737263547041866e-01
8.817100382512947476e+00
5.882387551487246569e+00
4.130181270096392687e+00
1.283131709484318650e+00
5.772174076755489658e+00
1.144575983738580494e+00
5.271021788242213901e+00
3.754975119342818246e-01
8.529638320770523308e+00
1.377113130171540023e+00
4.903236245145899730e+00
2.529387085212832176e+00
7.952329957962432694e+00
5.293147980120462393e+00
1.635624297395852356e+00
2.327304966854945256e+00
7.197376169204105167e+00
7.481937012970131029e+00
2.822305377442460017e+00
9.767995716611334700e+00
5.752164477872777404e+00
1.470985917498190965e-01
2.541465994922536886e+00
3.621911054528724527e+00
7.284454405443737457e+00
1.237759037947477880e+00
2.489153324729840300e+00
4.697773501699334275e+00
3.545503668219223137e+00
3.153427365375146785e+00
7.565971502700299389e+00
6.248236633505462656e+00
1.768085234378580228e+00
3.453058575694474275e+00
1.123617107273532367e+00
4.060957646874019389e+00
3.141378893463117272e+00
9.113125123588009302e+00
6.893747261284610683e-01
4.366746629746392827e+00
1.610518185439590022e+00
5.880824799054451546e+00
9.444437438620370884e+00
5.203763449216926240e+00
1.129262677459993425e+00
4.447529502119693667e+00
9.864513952988721357e+00
4.906893432047387815e-01
5.200341021583399836e+00
7.758751521852641275e+00
4.767492677020372049e+00
3.405388622935190401e+00
9.909428404901671428e+00
8.921860985941302502e+00
5.803906521169647448e+00
3.755931042672754572e+00
4.737078752265162507e+00
6.689310343828070771e+00
2.120290405758304075e+00
6.095300613085830932e+00
7.933541171232328715e+00
3.793084381225767743e+00
4.276536826604793617e+00
2.561187807411990924e-02
4.726356170013516156e+00
9.897731035573130498e+00
5.676680034764846283e+00
2.614200695291006848e+00
1.699472323285526887e+00
1.046357205372296928e+00
1.998967325502890580e+00
5.116069930653381448e+00
4.089993078570153262e-01
3.162170036704659015e+00
7.648433929772156858e+00
6.063418211801070434e+00
1.073630162754862782e+00
3.133197803132936610e-01
5.927997386932126744e+00
8.580836201133559271e+00
5.386772333392647383e+00
8.486029769067982897e+00
9.590966177791251823e+00
1.960258624648496539e+00
4.431671656928336311e+00
1.948080484316478955e+00
5.129964383506488090e+00
5.633160568641665478e+00
6.306265085227822809e+00
4.774398867156675053e+00
8.280980748524193302e+00
5.625509118332702840e+00
7.489151942159151254e+00
9.026440523115020653e+00
1.203014357014928759e+00
4.178690561598262576e+00
3.624768402246243415e+00
3.093511045505554780e+00
4.102234949936041986e+00
4.593632825030097067e+00
7.365813665155135581e+00
5.854300568054443765e+00
6.529299772512543676e+00
4.878733119460758161e+00
8.945350963899191044e+00
6.809329179995903480e+00
7.987684686852397853e+00
8.284419809123752643e+00
1.630401186732929331e+00
8.546222980853057649e-01
7.830632937374892855e-01
5.708114330531298464e+00
4.535387114387579022e-01
1.495370603640168161e+00
2.368807077917321813e+00
7.093063840572522594e+00
4.842975517853792766e+00
6.176835324748884304e+00
6.685811955695903031e+00
7.123546010233797077e+00
9.290971279717259890e+00
2.602134448852251314e+00
2.374007036011770211e+00
1.673122391532466668e+00
7.903861031114137958e+00
5.811299559563043005e+00
8.324260232722661357e+00
7.802042879020918420e+00
7.367835593575074782e+00
6.061119970610514329e+00
7.903732435076696206e+00
8.300153467463960766e+00
9.037118322296510797e+00
3.854146597892492920e+00
8.797786354601027980e+00
3.559807391455525938e+00
4.941632889488841940e+00
9.494749221062516398e+00
3.292901983939108490e+00
7.741176029682131698e+00
6.931231323287469159e+00
1.217754415029166370e+00
9.641199061433892936e+00
9.118613977404084636e+00
2.579290213218763395e+00
1.218203381103376559e+00
7.321850867742788260e+00
8.517942827871287648e+00
7.852306641359469985e+00
7.005349447003789365e+00
1.258729147990766961e+00
7.836307951214253720e+00
7.790122324173299972e+00
1.584661794664276036e+00
4.575708429646190289e+00
1.591544864518420477e+00
8.835591506063900091e-01
3.351825588013754853e+00
8.055573215655137176e+00
6.181448371520223972e+00
6.726854782635235175e+00
4.880715573876706515e+00
8.670548046634054984e+00
3.502894699452618887e+00
3.307192076300227157e+00
1.040084881098175540e+00
1.786640667273496907e+00
4.911335286286401036e+00
3.485998413966199472e+00
5.958764696934729876e+00
1.752874174192431411e-01
3.654020237659791892e+00
9.511791937410218889e-01
7.376583416834794349e+00
2.569848668336216502e-01
1.943460044125362440e+00
4.827024743280780683e+00
9.277907500813096675e+00
8.696384806670014456e+00
6.350804693638392173e+00
7.998600805630353250e+00
4.903340714901621489e+00
2.647498163710495511e+00
7.375379614666187855e+00
3.812238082866651112e+00
7.002782883334815800e+00
5.120490410610615051e+00
2.826325903317013832e+00
5.695160264633366332e+00
4.913706402255225925e+00
5.999286293932682312e+00
5.271840534433083647e+00
3.546753183692052946e+00
5.346267038009569816e+00
4.077053105078142003e+00
2.192655903334665091e+00
3.803844893335976973e+00
4.754378993775590700e+00
3.227725007215569430e+00
2.412562829055375779e-01
1.395923647495911357e+00
2.459178932055578137e+00
3.826274936574503016e-02
9.826484020302077127e+00
4.789404705079245872e+00
7.777672133934875554e+00
5.869526452104913972e+00
8.923555906258794579e+00
4.062996960251316736e+00
7.096157147097414075e+00
6.800197244856609480e-01
3.608904269624584327e+00
5.637260278167937066e+00
5.220970900363159473e+00
2.954530877728334115e-01
4.920512577309146707e+00
9.403180795224194810e+00
9.371949719009828428e+00
7.407646990420144739e+00
7.938382766239667987e+00
3.427518064791698293e+00
2.662683694302176995e+00
1.814493223798552268e+00
3.184429745423399183e+00
6.032021250435328774e+00
1.479447732295230411e+00
5.844470048305446142e+00
3.775286815590087386e+00
5.803984369445598368e+00
7.777977104354248716e+00
6.796241877338621507e+00
8.699667161586102537e+00
6.808423437660279021e+00
9.709015289685012817e+00
8.312452676282577002e+00
7.342806311851700407e+00
3.027830325446321247e+00
1.763119154035681646e+00
9.736433862447908538e+00
3.537685137539052782e+00
3.620434193325321459e+00
7.093229918259260636e+00
3.994451248355712636e+00
5.651900158540748897e+00
1.091266529447547651e+00
2.016484470994445388e+00
2.832801863206069193e-01
6.233094875640236232e+00
3.629104768164905792e+00
3.259650708262943120e+00
1.288132028713350197e+00
8.298701535838938881e+00
1.557947907055644565e+00
2.580204354565490910e+00
1.035490821249288595e+00
3.068372045524000669e+00
3.647382825371151327e+00
5.899595868808160670e-01
4.112472343868466496e+00
6.630144151262773455e+00
8.301325556504557390e-01
2.303928084831708745e+00
9.290172014805973433e+00
2.339047630014305934e+00
5.426596155056295778e-01
9.713220897455679292e+00
7.614353213798775499e+00
6.777078805967425623e+00
8.120829476501334909e+00
4.728854428930659104e+00
8.660547406005236759e-01
5.774207890469195803e+00
2.739726589515789623e+00
2.603463953676554699e+00
7.814457526073769422e+00
7.848116453546255755e+00
2.506186128862611717e+00
9.333812353995622146e+00
7.589378137563413951e+00
7.222007040887300278e+00
4.390695390351798011e+00
3.433215236111499813e+00
7.712661588269371649e+00
4.328751799716870963e+00
6.134241059719123257e+00
8.335355049239330683e+00
5.403246093855280208e+00
1.941584137530955045e+00
9.095246489456558336e+00
1.108558816333063968e+00
7.251074162820025037e+00
5.130969311782768827e+00
3.423091070289550064e+00
9.033279352184752753e+00
5.893195913954409448e+00
6.754300197203690459e+00
8.752368093216023048e-01
4.186467089798677321e+00
5.561323284519215093e-01
8.237208009845165435e+00
8.579559787299395168e+00
9.677198628166495453e+00
9.986464012298220894e+00
5.283602671857306809e+00
8.034245231871658177e+00
7.246115048902254330e+00
9.971374069476567570e+00
4.251046037628918306e+00
6.628218640632033143e+00
8.103506358565834233e+00
8.749216660215369146e+00
6.185022170828601062e+00
1.784561223573463140e+00
2.353918100205123487e+00
5.793395988431944588e+00
7.098147435183259191e+00
4.759733431374556289e+00
4.567837995495004577e+00
9.374921366091472308e+00
1.147190416433307991e-01
9.792098369552130421e+00
2.007378134356136101e+00
3.903124476114819608e+00
4.914475264330597781e-01
4.848652820276567965e+00
9.929989842688605961e+00
6.263919525202333638e+00
4.573697288595580446e+00
3.416568038663858609e-01
9.760748931713234100e+00
5.960888965034144782e+00
5.171746033892608452e+00
6.532450947312345768e+00
2.395664388039415726e+00
8.638535848807503470e+00
8.869711213217167156e+00
