3.168336586454074677e+00
8.988716130373422430e+00
1.445380220087632006e+00
6.815824712205542646e-02
2.345274884292894768e+00
7.714090764508195974e+00
7.819692620709608022e+00
8.674503538704191996e+00
8.711252915992975687e+00
4.297791178611883645e+00
4.239542372447242968e+00
7.829166210174043350e+00
7.573824087097844604e+00
8.327800726324376512e+00
6.879270061407526171e+00
9.991588183911858323e+00
2.564569832955405637e+00
9.215734258010076729e+00
5.571527966675172472e+00
8.662571485214833444e+00
2.811968497875233730e+00
7.079728052748146538e-02
7.085675181226057440e+00
3.139786278711559575e+00
3.280889059646537653e+00
4.961762436328111647e+00
3.776510181817739564e+00
2.666556266566291189e+00
3.680117879730260277e+00
8.837124585919323039e+00
4.667191686505258730e+00
9.889466901728016790e-01
1.995131537022617474e+00
1.154376039081354000e+00
3.416692581802794670e+00
4.680683882708130739e+00
5.872040116879250427e+00
1.774910669874680824e+00
9.461177708950582854e+00
4.765876310961636442e+00
3.285604148186878071e+00
8.951088872140003261e+00
7.304186050348601356e+00
3.115010819225689787e+00
7.170432170715269393e+00
5.600344412692411566e+00
9.992286125466320890e-01
7.396110838860908032e+00
8.832519636619362569e-01
9.308505921655937598e+00
6.894966593987152947e+00
4.954424413458044185e+00
3.515852251217224111e+00
6.972616869730923206e+00
1.790119721278105036e-01
2.465870266643323205e+00
9.511930834117791278e+00
7.919132804107016810e+00
7.195564424885910526e+00
9.275582125422042523e+00
9.913227841651195416e-01
1.785585014813900750e+00
5.332640638285047530e+00
9.942390613537215316e+00
1.567927483307055558e+00
9.584942085787913513e+00
7.097171981961569287e+00
2.998715099529670525e+00
7.524501121860192931e+00
9.925252004815323659e+00
8.513013438224970031e+00
1.052503045931569847e+00
3.835944743965760129e+00
8.825194180343675754e+00
2.533493430480506792e+00
8.767887377554959727e+00
5.783879502111918924e+00
6.271889598925217690e+00
5.795495752419430602e+00
6.539457941224879001e+00
7.969949508058193910e-01
1.152159682708873145e+00
4.499353083128557529e+00
9.394906864349522380e+00
6.914841633442569968e-01
5.899525333804466420e+00
8.467886617523072701e+00
3.280060127558326322e-02
7.152192397853180950e+00
6.815821306883687924e+00
7.751154810984441923e+00
3.230029693967090054e+00
6.074545139050218978e+00
3.555478478087950034e+00
4.315061446283342761e+00
4.984066980328782925e+00
5.929446105759698327e+00
6.964831005106153938e+00
9.449795904084041354e+00
4.060190857396737130e+00
4.398610568236179574e+00
7.490783670431855334e+00
3.466263782517555736e+00
1.609360629520631969e+00
2.720814277513674551e+00
5.128624820142675844e+00
1.769533731651673492e-02
6.925028111169036826e+00
8.339797256749651666e+00
6.607958827821065029e+00
4.837844112894646997e+00
2.416382629486003353e+00
8.870932512451098262e+00
8.856919164067667438e+00
9.009366385564532287e-01
8.816964304305432876e+00
4.221622545865647780e+00
4.996717549011115089e+00
5.846657162196144952e+00
3.655494327857252479e+00
4.539937054024577812e+00
8.687096364022515615e+00
4.661791764900650392e+00
5.898377241519908054e+00
3.076200248370950519e+00
6.063361283468560181e-01
9.884196243361191847e+00
5.572464928228581194e+00
4.597295597565653757e+00
4.425635596242943670e+00
3.040649604180224230e+00
3.006209036850569838e+00
9.504689590980333946e+00
2.529039039193490268e+00
1.804832008357247775e+00
5.173362903349872255e+00
8.725816180902015162e+00
7.186466535647278775e+00
2.355642852561101730e-01
3.511785579704328697e+00
4.553449884238569112e+00
9.800171399389835614e+00
3.644136327273686859e+00
6.643108983856505390e+00
1.888564475310258173e+00
7.624507272049122264e+00
4.477342888386002251e+00
6.046321622095529591e+00
1.642605996050383599e-01
5.428519693341552710e+00
4.716219552433531526e+00
2.662143395333411711e+00
5.791526025071158656e-02
1.482100785354784067e+00
9.397817658902377858e+00
2.115583094141443077e+00
3.738057962737739714e-03
1.463022572394807597e+00
5.093297936744056287e+00
9.370689562576089315e+00
1.758650298525432643e+00
2.573325877545219242e+00
8.112779227075872512e-02
1.080514906346790038e+00
6.019987315194899047e+00
2.103418433063455328e+00
6.844919344443203713e+00
7.869799669703214207e+00
2.990439305696964922e+00
5.486751003785331982e+00
8.514977982220621300e+00
3.993215624478489989e+00
3.070505116611794705e+00
7.004278147960736334e+00
6.623551150272732890e-01
8.209706517815686055e+00
4.229258857368126456e+00
8.574654007125280586e+00
7.259437742261382276e+00
2.511270423501843485e+00
6.531061172216881872e+00
1.005501324539276320e+00
8.607745176497662243e+00
1.393460875097982665e+00
4.761212424803201060e+00
7.592556693698186976e+00
6.927267806033492903e+00
6.786413888471001243e+00
9.360165724701500878e+00
2.302686195764931387e+00
9.474376776119836308e+00
4.176009874220934392e+00
6.709516687345963959e+00
7.390176214483979322e+00
2.042797190285476905e+00
2.169502341367480547e+00
7.974192940526413587e+00
6.647419572281590305e+00
3.121180979849556891e+00
3.483553614553539290e+00
4.121518814942740860e+00
4.026679321758237506e+00
7.446597979762984210e+00
2.595468355225689638e+00
1.374768865023645592e-01
6.155161064680635619e+00
1.292265029056399728e+00
4.702335046575305100e+00
1.152660883235150369e+00
4.136385625889897888e+00
7.776076184069072639e+00
4.233660343781191493e+00
6.071023772754124970e-01
2.998730006921379587e+00
4.745729676000048691e+00
4.044891953001163110e+00
6.377348930241508285e+00
3.791329933120177742e+00
6.971655332209584444e+00
7.056842305911157354e+00
8.898572101040677751e+00
1.432643594593362435e+00
9.009081535601414004e+00
5.898503310012626955e+00
2.618318759538568408e+00
8.233908899769243561e+00
5.461654464455859781e+00
2.982612359013262271e+00
9.826607090483280516e+00
7.854035914995964873e+00
3.184700620794678194e-02
8.181795849642004015e-01
8.445332081200904284e+00
7.766443615335273165e+00
4.823642615428251013e+00
2.887267701989142399e+00
5.245431284986685760e+00
2.735741174871350267e+00
1.157248728635903445e+00
1.227639777224919237e+00
6.699926895683217865e+00
9.528094114828665084e+00
5.091231076032272540e+00
4.602251074534802200e+00
6.875642400693404710e+00
9.844439960131762035e+00
1.982255707757073493e+00
8.079587076800811118e+00
3.856436487219569109e+00
4.018031450369587532e+00
5.226412842543171955e+00
7.456917662413223624e+00
6.008082749127812150e+00
3.866727390475089621e+00
2.100624905275055632e+00
1.140231045025097423e+00
2.624467632253904004e+00
8.829057882420576320e+00
5.172388865108390466e-01
2.249523342006354287e+00
5.560610930132592333e-01
1.168376775472336204e+00
2.831037402020708527e+00
4.529781550259692757e-01
7.938511484717181155e-01
8.488009371047741780e+00
7.942589594507719397e+00
2.920578963399811379e+00
7.035277403595924461e+00
8.086396023736833527e+00
9.843625190545331805e+00
1.271903443817311574e+00
4.645736059518592143e+00
9.967895372519842923e+00
2.799341434421843466e+00
5.727047727673511446e+00
6.798861878868724062e+00
8.950572983763804835e-01
3.216120841903225003e-01
9.780989768095151859e+00
6.703062305694986733e+00
2.673506630109356852e+00
6.630003470168322366e+00
8.075299730020272904e+00
7.988788833426014868e+00
8.308674056714847822e+00
4.663444516697957454e+00
4.981097860742190520e+00
7.596037128198701360e+00
3.075785977312266439e+00
3.860546740073391714e+00
9.915258266181103508e+00
6.743395904426097154e-01
3.919231286608640730e+00
5.796541280722705025e+00
2.912405550074825822e-01
8.039678323679916971e+00
5.815193433601089090e+00
9.300190689425191337e+00
6.330858839634578850e+00
8.617076939105732691e+00
2.365498599706400640e+00
5.331894910361957507e+00
2.996477450874030168e+00
1.892960334581195170e-02
3.889740073478660243e+00
5.125345983109549586e+00
5.732725103103827102e+00
1.547086271727960982e+00
5.709085585317014377e+00
6.409156637664698231e+00
4.388168994850158988e+00
6.864479312261728694e-01
3.055121638138935669e+00
5.233614484786384580e+00
8.187740328459581107e+00
9.446093263891242042e-01
3.937181700919306415e+00
2.156216518999235277e+00
2.797609706601385859e+00
2.566138647707445486e+00
7.722364842370155191e-01
3.565747052233797731e+00
9.062220913193257843e+00
5.954341646056473536e+00
4.752243140562963042e+00
3.442062823211524680e+00
7.881012474090443476e+00
3.613371278341551474e+00
3.453126325541684416e+00
4.497793963807550810e+00
5.461712829013935178e+00
4.531015806636933263e+00
5.503895938822438438e+00
1.475617629825090038e+00
8.697770423251267147e+00
9.828571699321969390e+00
7.555725305785654378e-01
9.949447952462262990e+00
4.744027408198352447e+00
3.832120327856106456e+00
4.730113539761231500e+00
8.610043237105791114e-02
2.037072610079908586e+00
1.470293463872296424e+00
6.834196562483571213e+00
4.829707365223856463e+00
4.248901340763763024e+00
4.456122490718259499e+00
2.923451146729838523e-01
1.790039549697985954e-01
1.293653039060493892e-01
2.652305364716034397e-01
1.546623101919517573e+00
5.660441670640574685e+00
6.127726863422319425e+00
1.405107482790068918e-01
2.225057231912481726e+00
8.508989176925295439e+00
7.967478077334310349e+00
9.569240319357719127e-01
6.541810059218407858e+00
5.411210957507278430e+00
1.588174239709604363e+00
7.883164312860538203e+00
6.329093574858451809e+00
8.371485337271877825e-01
8.461534959364664488e+00
5.169016733326418311e+00
6.522241177786455069e+00
4.683540261799702620e+00
9.385448592597565920e+00
2.919764039324021176e+00
7.388749482228003096e+00
3.825691516048991048e+00
7.094629023190539563e+00
5.024545794746063443e+00
3.285977079886026608e-01
4.988233729363736657e+00
6.898998571526851364e+00
6.255328529108073354e+00
1.652496142320574180e+00
1.311779556051106965e+00
4.338755401916893462e+00
4.158346936816229800e+00
1.077499135667046026e+00
4.245648840661689682e+00
3.444454728988743941e-01
7.962067183102245593e+00
6.495195290756492490e+00
1.077715716878042684e+00
5.269751852504567236e-01
4.476129655565817878e+00
8.254995713046138661e+00
7.118684681394257474e+00
6.258738644805604601e+00
9.398504468865885642e+00
7.627351826229419096e+00
4.691979889887296196e+00
8.418871580238806995e-01
1.896859230089712467e+00
2.751312845038845545e+00
9.667373314424915876e+00
9.730698502488435153e+00
2.834256747353861350e+00
7.836537512815801243e+00
7.113143315983435855e+00
2.128019894100320109e+00
4.966815204276930018e+00
7.959863675093997948e+00
6.697119651961488174e+00
2.875890798696596473e+00
7.487650520214189420e+00
2.140768987593584249e+00
1.438119711195163797e+00
3.900675489133070606e+00
7.100265006941022250e+00
6.414894496126174239e+00
5.211839648362150967e+00
5.978923167446471787e+00
6.176549081974799016e+00
3.165880922813618881e+00
7.089784305441952483e+00
8.336776503162873553e+00
3.534190188718064896e+00
3.753741653564564018e+00
8.778968362336282638e+00
1.493399819549406926e+00
5.217216575659250566e+00
9.369652001798984386e+00
1.042440695971440512e+00
8.896615040608921277e+00
7.316761050722906390e+00
7.184288948250491025e+00
9.657350131777223012e+00
4.704902912906594459e-02
7.691700715627036722e+00
3.126019577415550810e+00
9.676901192336184732e-01
7.685550945221153452e-01
9.466259929762442127e+00
4.121975395194281688e+00
3.393852995550408203e+00
7.466984722642715511e+00
8.878933631497513801e+00
7.813314473591480791e+00
7.816769859683660115e+00
7.970015341759481231e+00
8.463789305440688082e+00
4.135376349404037200e+00
1.056436774641733578e+00
4.872790228956985104e+00
4.825160879554388771e+00
8.403118863206071598e-01
8.292786186074452282e-01
4.847584012066351811e+00
2.379506544558633863e+00
3.806041545709724083e+00
9.886557466657958315e+00
4.779890940079601691e+00
4.065106743110264098e+00
5.219966718238106651e+00
7.879828489335229058e+00
5.894139384804098825e+00
1.465364785562076611e+00
3.096911032559686028e+00
4.456709467789928603e+00
4.022537496180973449e+00
1.944381457073930397e+00
9.742911992500662421e+00
2.324263413563034675e+00
7.369554363083407722e+00
3.107360674008430301e+00
1.497454700381898318e+00
4.895769486704932838e+00
4.801421145424868087e+00
3.780055598573450748e-01
4.707341167169952101e+00
8.251391819836230823e+00
3.128960871299413249e-01
9.936590990320436134e+00
4.792400702516809829e+00
5.799290666368213998e+00
5.841239705797418580e-02
1.819042650320679133e-01
6.511460127579552726e+00
6.010363959136100220e+00
9.067559533744095290e+00
4.090064400914808829e+00
2.236669962347270779e-01
6.630189176171054299e+00
1.636147736516435636e-02
2.243826731109751726e+00
3.131166472641665699e+00
3.403599354921232667e+00
5.268875146940175114e+00
7.427808602272875760e+00
3.125647699273098823e+00
7.403706391782955087e+00
1.540820467320648257e+00
