9.999800676003077982e+00
9.775496442511769857e+00
1.009024051067316519e+00
1.220087344760079073e+00
6.736080662323951085e-01
5.074120430390315128e+00
5.423083794867236129e+00
8.047461473352568007e+00
8.925120848185478906e+00
8.251421362217410405e+00
6.314345866137879071e+00
4.701850409485705207e+00
5.310939330713107864e+00
5.399210924645895027e+00
2.320238498583858444e+00
3.467252070712820711e+00
4.900573865575312382e+00
5.330549676639173562e-01
3.451508946274094214e+00
3.951362527070886088e+00
8.597092025188572961e+00
3.303593619043956320e+00
7.661907578601282687e+00
4.132255944389785718e+00
2.439187563874076758e+00
7.892013210973654047e+00
8.558978926761133366e+00
3.699994987422239312e-02
2.816460325183074431e+00
8.212690857392649590e+00
7.221216516755367465e+00
7.623095588503225883e-01
4.016636755527960290e+00
6.667652017805799858e+00
9.229498454903055205e+00
9.775944848064719750e+00
6.489843786496509281e+00
5.504091219605355079e+00
7.549004621442570340e+00
6.312922909421412321e+00
2.495700953614303774e+00
2.910287163075370387e+00
8.668860161545310916e-01
4.481848053895356898e+00
5.328090059358851605e+00
6.523975273368791683e+00
1.392981937514181645e-01
1.926308635962364901e+00
5.648319703069506481e+00
3.205049603137886116e+00
6.144844478189495973e+00
2.974939840637239818e+00
2.893092371659485629e+00
7.237827676703610713e+00
2.270809465155191553e+00
1.377024219999971599e+00
5.935756130592034552e+00
7.242622040754287838e+00
6.777124723540240758e+00
3.891723884509312725e-03
8.816689461554380713e+00
8.939938411165210042e+00
5.015446804310720097e+00
9.026234286750534075e-02
7.463044772860218501e+00
1.604078126154551143e+00
5.516162983822647803e-01
5.432247706272500309e+00
7.124861784311646851e+00
7.221063476608397202e+00
9.356962477981491944e+00
7.807909221776371034e+00
5.135719893159823357e+00
9.972826274309706918e+00
6.295017826679918826e+00
7.260956750666491821e+00
4.328688216778331821e+00
2.380655914997886757e-01
5.350370879135102342e-01
6.806540881630345652e+00
3.597080091179192252e+00
9.012828358843806953e+00
7.628344728345404224e-01
2.392641437508717939e+00
3.326678907823605869e+00
5.019665617314476691e+00
8.242058083313329675e+00
1.340302236014639936e+00
7.628210412174485811e+00
7.291752979629244180e+00
5.289103641548223322e+00
6.912594924891251935e+00
9.368413927559949173e+00
4.829483903577385107e+00
3.661398591749869258e+00
9.385282649584192782e+00
1.844217089045075975e+00
2.444820940103321405e+00
8.971012771243358941e+00
7.952363239547182161e+00
8.398861851907984288e+00
4.421890585879642011e+00
9.143293696259171099e+00
5.690995810442633029e+00
5.888475556825734092e-01
9.611953081169016144e+00
2.844769815603590324e+00
5.406909391981573165e+00
5.128235226579663575e+00
7.026120091165316772e+00
1.083556364609820077e+00
2.521037490288326133e+00
1.900267874174423888e+00
3.106930029763837808e+00
9.212829473166376459e+00
1.507914233760725420e+00
2.267883509087176286e-01
9.338662955737076388e+00
5.418852550292455383e+00
5.500313023416016911e+00
7.125513963935578232e+00
7.782829100437302472e+00
2.264297901270110103e+00
9.810346642380524784e+00
7.941091064585181769e+00
1.942383189255936227e-01
8.668523199206412677e-02
4.780608390943986485e+00
3.720031710744274633e+00
2.766875357743870723e+00
8.927067485137857972e+00
8.300681525434253416e+00
7.127965750136030287e+00
9.879176323035487872e-01
3.613163766793769049e+00
3.471096369957460404e-02
9.270582461146407383e+00
9.261674483708022265e+00
6.123414652078404075e+00
5.053228592927268004e+00
5.164705101544210919e+00
6.249518085537538958e+00
5.884372665676053771e+00
8.192328607160515475e+00
3.045665834622902857e+00
8.921005370032315085e+00
9.177644541676224677e+00
2.191194851819235900e+00
7.210893343224995533e+00
5.076047489231263476e+00
9.755950420556931846e+00
4.525285163761441964e+00
3.115393463637954330e+00
2.694992933417419412e+00
9.011965979182672726e+00
6.122883085424757343e-01
9.429479192934085319e+00
7.738308217424622271e+00
6.069376786707632476e+00
3.944295439702374395e+00
5.853200588692732076e+00
7.730764605446509563e+00
1.410101629784348276e+00
8.769834538070938379e+00
5.007233375775269835e+00
5.743514941911133320e+00
1.619330171072000946e+00
2.351233388184516215e+00
7.616794497479580706e+00
1.652209290510853190e+00
8.361526583299420778e+00
1.826656525073222515e+00
4.832767500573997843e+00
4.387694458955705201e+00
7.874384543366294231e+00
2.115763693596522721e+00
6.689676652537316137e+00
6.010625172255712911e+00
3.574841136250099805e+00
6.530878276489852752e+00
7.677832844227864051e+00
2.738546853369001610e+00
1.444845242386730844e+00
7.570548246421599181e+00
3.101271772266775972e+00
3.946490140038954042e+00
4.132486227991571948e-01
2.121174450970580772e+00
1.445160414618249511e+00
5.813472832683657998e+00
6.849710760281872979e+00
8.009297147744977252e+00
4.819928934852454105e+00
5.892803411814984127e-01
3.057635313011973999e+00
4.425111160293324630e+00
4.469168774245538600e+00
3.662535777247860835e+00
8.789330129363763788e+00
5.146186178293965519e+00
4.293417441519602917e+00
6.242923775324356050e+00
6.056909244872208831e+00
5.786424690651545966e+00
9.521233896224233106e+00
6.800721702457488860e+00
4.120067627144929912e-01
2.611916480337886703e+00
7.944808913330426492e+00
3.037102235093564140e+00
9.585357347969880593e+00
4.858003406674091806e+00
1.437849959034614988e+00
2.059318197242175685e+00
9.424379018766877891e+00
4.660232047367447450e+00
8.198511169969096457e+00
6.659498693766097155e-01
7.032048710668439284e+00
4.695758570645858221e+00
4.124661005372544764e+00
3.162227126472135552e+00
6.495277586622131061e+00
7.906995026523528480e+00
4.612763872452442016e+00
3.067225133440589779e+00
8.716487595610498573e+00
7.584458843714605436e+00
1.163987216220764287e+00
3.091562200573060082e+00
3.873360576339770489e+00
5.015762177887648221e+00
6.411220828522525395e+00
5.182647936485688334e+00
9.544489030362623083e+00
7.096307471523788379e+00
8.752080150095601141e+00
2.269114844422437383e+00
9.880077329414636012e+00
3.607794621722879569e+00
5.567303122820876027e+00
4.435898144008501909e+00
5.249468380441035364e+00
8.949488354475990448e+00
1.276051286666916029e+00
7.477579615240710353e+00
1.603953197247091067e+00
8.180874697516598459e+00
8.710186629748124076e+00
5.408432566199191882e+00
4.710528851386465377e+00
3.496167877832260018e+00
8.492030189533119611e+00
2.435556805292760085e-01
5.309597127997170318e+00
4.838221220383167598e+00
5.110021947433595280e+00
4.697905868213093861e+00
8.024206189922999943e-01
3.100015815961640886e+00
1.608735772102510841e+00
2.741419483160423276e-01
4.439954871994004293e+00
2.436346707130183642e+00
4.153612544208630908e+00
2.592153127179003036e+00
6.571600937698002909e+00
3.777239299870649436e-01
2.124423629983283046e+00
6.788866846209227646e+00
9.645719232502719009e+00
6.876011023446030990e+00
5.941210514348650662e+00
6.985083824268642161e+00
7.405745841991876688e+00
9.335538583824309899e-01
5.254891544667565029e+00
3.371914832307332244e+00
2.614156498292495634e+00
7.091369173974588769e+00
5.000235171978807180e+00
8.262211128700123197e+00
8.218184952028254386e+00
4.003100234713632410e+00
5.396406719613787928e+00
7.457953441309774334e+00
5.816303884878126773e-01
5.864853455036877605e+00
6.719700620159306581e+00
8.746402568020348767e+00
1.443763093124827979e+00
9.812437205282769526e+00
7.135969520954967393e+00
1.243712275164547965e+00
4.873757973173253433e+00
6.089554356967815885e+00
6.468356483923624722e+00
3.077450469847615722e+00
2.075188147652443860e+00
9.390855273947174453e+00
3.272156336335485527e-01
1.370795951406229563e+00
8.526199495822510244e+00
3.503877905899007494e+00
2.971168172110305594e-01
7.713601476057217354e+00
5.640151841566080293e+00
5.179919199889364556e+00
6.725360171130617459e+00
1.284847841935307100e+00
5.144536840654989618e-01
9.974096326356614028e+00
9.023676350102640242e+00
7.933752323051155741e+00
2.253209141487374723e+00
1.585008259794549179e+00
2.452189044836728726e+00
8.122697348941120055e+00
1.445830474010599831e+00
9.263397979745557009e+00
8.368335739482400726e+00
8.979239175469329481e+00
9.093866299713829093e+00
7.623122201099966411e+00
2.008818523848463489e+00
1.148717818125557510e+00
2.463119786117164978e+00
9.104489531591541951e-01
3.278975206395401187e+00
2.434960037554347867e+00
1.115030178300731034e+00
2.897094819075757499e+00
8.213187016138723706e+00
2.784663894824446206e+00
3.873883181613423154e+00
9.413121029699798470e+00
5.900136227385537779e+00
1.815483481410191668e+00
1.538510848410835630e+00
9.876524445226671389e+00
8.504943184771120102e+00
7.454144862958700379e-01
7.645523115698982242e-01
7.977154233694083718e-01
9.526088365595944296e+00
8.762394380812645878e+00
5.304937345908408375e+00
5.956534309240357317e+00
1.338623620125543034e+00
3.674302709659382771e-01
1.387396073262698870e+00
6.435455156416991507e-01
6.123599785277181518e+00
7.155837484799202564e+00
3.471812551273027125e+00
7.140888446371603138e+00
4.507359118734699521e+00
4.226409035722643814e+00
8.302456878150795916e+00
5.283607376136076894e+00
4.787659679748795583e+00
8.621387834321257770e+00
5.869739330349105444e+00
4.307255544207947651e+00
3.565398287605693106e+00
5.099857966683147836e+00
4.422939313860185351e+00
4.202815249814156218e+00
2.179209596710315111e+00
9.643068223417543550e+00
6.119719754390602340e+00
8.759769978666112067e+00
7.549936610138231252e+00
3.231186470316095516e+00
1.829261041825627210e+00
8.995032709495603740e+00
1.270132879693388617e+00
9.415242544440459938e+00
8.720043313450972278e+00
9.655960263126472043e+00
9.180248448899801517e+00
3.833363622025985684e+00
7.071080707981543867e+00
8.883603910214084465e+00
8.279450774035815641e+00
1.848891853974894417e+00
1.675580245235614996e+00
7.196765805127069981e+00
1.946076855955352070e+00
6.957495983398703565e+00
6.303543075870214452e+00
1.824930107613449426e+00
4.518378921130539183e-01
9.052949472102639561e+00
9.634707781347650268e+00
8.449067081602711582e+00
9.602467536833204420e+00
8.359115401843116189e+00
5.025013778158140099e+00
2.921092675214206125e+00
3.165121708545944657e+00
7.084445817306842308e+00
7.562902961193192830e+00
7.202530733637869886e+00
3.323614481043669855e+00
4.175862199131192831e+00
7.816642483203214198e+00
6.053670131534479637e+00
2.747961584140159452e+00
1.375556357876106528e+00
9.720858146233348762e+00
2.861176207267424054e+00
9.236360693006520961e+00
9.881353123079891887e+00
5.599647939458340939e-01
7.916984050295608810e+00
8.205206866108115449e+00
6.240117051640757140e+00
5.386084080870001678e+00
4.608001125054903113e+00
9.114526701525315744e+00
9.944798400036802821e-01
9.447358139914230346e-01
6.350014468883236063e-01
6.635098693500532718e+00
4.868175274981958012e+00
5.770273455194864454e+00
1.143311999513249022e+00
5.446474658787323619e+00
4.298852870690101469e+00
6.064603523992197154e+00
7.190280354679101649e-01
7.021776266892890916e+00
9.834859377810653669e+00
6.382256502385005525e+00
4.635515788446835650e+00
3.030822047982547396e+00
8.907880274902508333e+00
7.990105704325975999e+00
2.714802594393374235e+00
8.072703714665816932e+00
8.528573165825548585e+00
3.630916145661895467e+00
7.274569851982773727e+00
5.961985915186779117e+00
7.572705048972735220e+00
9.088544800378574706e+00
4.285283767939661814e+00
9.371550910624737440e+00
6.754133753476132540e-01
4.180903560649705142e+00
9.736400271394440864e-01
2.999570662762762741e-01
1.231083362475082765e-01
4.527989189941323822e+00
5.544753866633504558e+00
6.009335069462102830e+00
9.163603522013472613e+00
3.128392181430195151e+00
7.371747759007573286e+00
9.670416209966770538e+00
7.620982741273772731e+00
5.126688439017540233e+00
3.683685608167845960e+00
6.441566459514602716e-01
6.021942757493161658e+00
1.373995417999235302e+00
1.142562360736740779e+00
2.210403224295034441e+00
9.630481656021579795e+00
8.566996346185854705e+00
4.307138876922611548e-01
5.582845330245596926e+00
8.077632413031803793e+00
4.930093542113759497e+00
5.468801591101984272e+00
6.108938818726064923e+00
1.322286198537164781e+00
7.118840674252413514e+00
2.244953824793332053e+00
1.411512940537531513e+00
8.972263735797209705e+00
5.088649155962383652e+00
9.877635243118213282e+00
9.168488475710280028e+00
8.628360999918193386e+00
3.308630668467106517e+00
3.444006609720652534e+00
2.907482498058155951e+00
7.374340822622015068e+00
3.040407453841031948e-01
7.726007964562670693e+00
3.154699379098031553e+00
5.584844266634891863e-01
1.016590274700402974e+00
9.329430036999243114e+00
7.797195802107220075e+00
5.861143977820203688e+00
1.595805004944184091e-01
1.001740927245420298e-01
