1.970368338974934908e+00
9.757951202858704320e+00
7.325468855379892119e+00
2.475767801977499794e+00
6.123709459216298612e+00
2.838943434853970160e+00
1.408259853260734884e+00
5.178300279815814200e+00
2.168715167186310300e+00
8.534287336960879600e+00
5.140679548753623873e-01
6.106685702139929006e+00
8.652561634364442256e+00
5.094014920576576344e+00
5.675736144162611296e+00
2.239439445115834815e+00
6.835267672844707043e+00
3.094458361341934083e-01
4.025094754640172745e+00
3.164873736366495827e+00
9.531325959222673561e+00
4.550496373688484031e-01
7.232157753504505848e+00
8.273253921106105579e+00
9.001648712537063446e+00
4.059335868119853252e+00
2.537176295772142431e+00
9.414543123015903348e+00
8.029949892510810372e+00
5.871465146390133505e+00
3.355764260332765314e+00
5.029683653453704828e+00
2.461980846817921620e+00
6.378716276520215445e+00
1.355983366262991652e-01
2.403625014547994265e+00
1.239178377038803180e+00
6.528053317463433647e-01
9.718308921264437572e+00
8.616836078271534305e+00
6.897999198561595158e+00
3.264239659853929165e-01
4.286574143227117606e-01
5.615120880530635183e+00
5.706635869385601190e-01
1.387186943459094435e+00
5.039841124416815532e+00
5.247699108281355329e+00
9.227269785564676141e+00
2.967321382985161904e+00
4.763370444140482718e+00
4.191912668670360276e+00
7.610603810647819323e+00
7.362510955891550246e+00
5.260810971489846111e+00
1.455323868718032543e+00
1.269578978901462207e+00
1.842425809522614255e+00
8.936729734491566379e-01
5.917744683100286451e+00
1.792786190466867380e+00
5.494276630283253304e+00
3.081033811245025511e+00
8.777117855909947863e+00
9.378056612718232543e+00
6.802576085161462061e+00
7.554296188811192359e+00
6.788461646278779682e+00
6.075370810757220852e+00
5.600871379562489594e+00
2.079847907231434867e+00
6.356023001090038704e-01
4.212217655543952333e+00
2.971033481192624226e+00
5.557888147829878278e+00
5.419070904459561966e+00
4.091330587593832391e+00
2.453100929829081789e+00
4.683667751731327655e+00
1.488659913784036171e+00
9.797594167232221096e+00
1.164224954368381360e+00
7.766958488916765546e+00
5.279635432843962306e+00
4.300541283500702860e-01
6.962829723720492581e+00
9.057743518851852471e+00
6.288373165678651233e-02
2.788214312961485586e+00
1.528329759944558885e+00
9.233203836271803411e+00
1.455283153931398177e+00
1.753776387756007527e+00
1.288944496115500549e+00
2.872194541047985439e+00
8.129557611816952800e+00
2.957392189769977087e+00
4.882751023658352452e+00
9.419527843471291462e+00
5.602624414274547604e+00
8.535373803992413855e+00
1.378167378286524469e+00
6.072141322057818869e+00
8.172997461465964619e+00
6.752471952505876729e+00
9.570248136810404205e+00
5.884289970798908698e+00
1.090873449199294409e+00
8.419985805688215308e+00
1.788324507196478175e+00
8.556204043616533639e+00
4.844595088500750713e+00
6.057233209499759852e+00
1.030448782432479282e+00
1.427678118642259353e+00
1.141695702824356839e+00
9.838589450294428218e+00
1.688447632030909418e+00
7.824993678131550112e+00
2.895455380833652725e+00
4.401793940349688405e+00
2.014228145837776651e+00
8.218606166323787932e+00
6.274668665812490609e+00
5.145379663784082958e+00
9.700873327990178208e-01
7.854044784563660286e+00
2.324646294271115465e+00
7.047623717192543324e+00
1.875841054823274012e+00
6.614937000248216847e+00
9.640620260813609121e+00
9.366667415058850921e+00
9.569781898102927897e+00
5.173688172779047356e+00
2.334515331744598576e+00
4.923400621030506130e+00
5.964370180006582700e+00
7.733786005544204478e+00
3.937771107275342075e+00
2.646034107609089858e+00
5.300910909117606096e+00
7.247734155735491512e+00
4.383282214454133907e+00
2.006695986447890601e+00
3.374674609746437515e+00
9.516035316633226770e+00
4.817141319944784339e-01
9.119116612969783375e+00
5.281734146159018373e+00
7.315919351257845094e+00
4.576247478776460653e+00
8.191873547295193347e+00
8.573442732194768823e+00
5.566151236074945885e+00
2.028354829872627274e+00
2.119959644829441991e+00
4.495356609545751780e+00
6.830973384531878523e+00
3.294188366571770832e+00
5.119573770701951076e+00
9.114393048242519058e+00
1.570163096117835888e+00
4.489884284607557952e+00
8.800832800438122661e+00
8.261568757928991147e+00
1.975845746455088259e+00
1.908414495417087853e+00
6.005293637998532219e-01
2.973144320383525052e-01
5.033607329905136041e+00
7.544601159301485005e+00
6.418976664572796587e+00
3.651171870853675561e+00
6.300227008818071184e-01
3.521882922210176403e+00
7.402101829390007381e+00
1.777365765981623325e+00
6.945143614719424541e+00
2.820996161786561096e+00
9.198540274276963302e+00
8.661075523209584404e+00
4.361750145689695657e+00
4.078856318012151760e+00
7.524708526297763100e+00
5.428940690637964472e+00
6.253000987314900172e+00
4.060413821691408742e+00
7.397142609125932466e+00
8.151172014927963616e+00
3.812032065448724083e+00
2.344335626625952074e+00
2.233871527288441072e+00
3.735828427031175902e+00
8.016239162239340743e+00
7.969128721513111913e+00
6.897590528772301610e+00
9.086900855603653682e+00
9.395596801579269908e+00
5.167989978675442408e+00
8.239525743817297965e+00
9.488468669939457811e+00
9.622736115538403467e+00
4.152087330415486832e+00
3.700071008210463752e+00
2.293356498877581195e+00
9.649912110065804072e+00
7.423941460123373304e-01
6.243441784079975854e+00
2.752042262274728479e+00
5.805941373404694517e+00
3.275856504775412681e+00
1.916472152331926138e+00
6.034586341153747924e+00
4.659968786806633290e+00
9.982278672150934895e+00
2.457913906011734984e+00
2.405086820998727504e+00
9.176330722626010683e+00
8.108198604835486378e+00
3.746686902541529474e-01
1.036740138567189273e+00
1.848010744035072372e+00
9.187085043639536153e+00
4.472452210033319275e+00
2.724707061069095104e+00
5.806666413410621175e+00
5.550904867807437970e-01
5.496428020493761224e+00
2.871544675161519233e-01
7.056000979005815132e+00
5.988464087488787335e-01
9.032094657946496241e+00
9.064248887011245870e+00
8.720551164446789016e+00
7.011753083078561488e+00
4.741689534602525846e+00
9.222924675158356678e+00
7.234183252141895615e+00
3.477643622928426659e+00
9.592281116779769690e+00
5.833617555722510950e+00
9.833488354805812293e+00
6.598110552092912862e+00
5.586666933020163484e+00
6.156366070602572904e+00
6.492186744281073452e+00
6.836985477789666810e+00
3.503191812631429869e+00
6.265151183984496441e-01
8.756677485694087437e+00
6.839936818566881627e+00
8.581633341818495353e-01
7.273113729690025231e+00
6.964916370882781038e+00
1.081391697690738951e+00
6.044366893592889589e-01
1.629895254488086254e+00
1.489801728469116737e+00
2.627213328186948083e+00
7.905117453062878496e+00
9.981029597176831913e+00
4.254879474262851513e-01
4.893160355563019870e-01
3.785960520407814833e+00
7.234336818531978075e+00
6.901828380870492552e+00
7.235205990633245321e+00
7.443899063284885820e+00
6.475085170380909361e+00
1.857884346109266449e+00
1.074636631159745503e+00
5.053536071619465275e+00
9.419332700439008832e+00
4.047105791815946318e+00
5.569089818472727771e+00
6.348712484768626929e+00
9.482616569539702667e+00
2.375472239020744780e+00
4.984157969951964695e+00
9.175890868142094092e+00
4.050788233890994405e+00
2.747115520710337044e+00
4.342141386450553142e+00
6.561763843776036165e-01
8.613538931316970348e+00
9.883888429032012368e+00
9.767586376996675313e+00
9.090867379533420944e+00
7.915665987854712426e+00
2.126566949580803723e+00
5.604642140331444367e+00
9.451811986931797804e+00
2.446699452628542382e+00
3.464814514270741164e+00
4.740910736399646552e+00
3.987474009976421652e-01
4.354029422020634144e+00
7.289808137910975816e+00
7.214039454874475510e+00
6.569839145074657161e+00
1.323791888849108478e+00
9.376299794066056847e+00
9.453420101060510561e+00
1.219915092023752257e+00
4.820456713574278851e+00
1.921578168294090228e+00
9.559687531951663431e+00
2.566278752179448119e+00
3.522225721551697220e-03
6.251338832051501981e+00
5.262326551664848751e+00
2.415246583192354191e-01
5.634745826786503820e+00
2.465039105440865796e+00
6.255056662373958964e+00
5.550630729844298727e+00
3.214252991195127862e+00
9.152243887821935431e+00
5.293876845102508000e+00
7.179359040023135741e+00
6.347049509071394091e+00
7.984131718169140690e-01
2.080614160674614244e+00
8.580212950106107073e+00
2.501711879183456944e+00
5.712831932942281199e+00
7.428630054243998693e+00
3.438969910219913384e+00
3.720980615685315129e+00
4.155522019148193635e+00
3.484277026858928483e-01
9.259015765857290248e+00
7.181200202289495849e+00
1.530134628790578155e+00
7.503930706187952993e+00
1.819943081195321000e+00
3.372844707106403828e+00
9.611162227322292750e+00
4.976786792803128634e+00
4.606773881124959225e+00
1.851006445299228087e+00
6.678854582126593442e+00
6.803134695556849465e+00
3.958491820486993440e+00
4.451846356387463288e+00
8.506614754855480243e+00
9.205899844182546587e+00
2.266528924056326666e+00
3.685809961598618401e-01
9.101281949867122023e+00
8.595054714847226052e+00
8.853316899413023577e+00
9.515728448441308274e+00
8.642143478015972491e+00
2.837075851498251922e+00
5.030359044632584542e+00
9.178013633089134871e+00
7.240274240788751925e+00
7.867945034784651348e-01
7.901708869081678799e+00
7.998587486571728800e-01
6.746306948297378980e+00
2.856079065636032421e+00
6.927739371453450978e+00
6.603677216216913948e+00
3.133362672281634342e+00
1.656494815766347273e+00
6.353802828033080274e+00
9.686552097555468421e+00
4.948544147572829566e+00
4.914088582182434273e+00
8.767228858849563267e+00
3.383727966589399117e+00
3.108194528894494546e+00
9.335671982095776755e+00
2.716823903183671618e+00
4.984811803981548550e+00
5.871522788024660322e+00
6.418172385620923848e+00
4.313416860162786470e+00
8.944933960880964818e+00
6.257499226508185686e+00
2.945522345446010881e+00
4.306107173458436854e+00
5.000442638757478520e+00
1.511269269788533265e+00
7.086085699246524872e-01
2.032910141046244679e+00
5.929074548849044390e+00
7.543881066689928083e+00
1.978445896081593158e-01
5.624034829972966776e+00
7.881138965390618978e+00
7.347099770118069806e+00
4.249645650674075625e+00
2.427178299428629504e+00
3.886011787846831211e+00
2.516888809580192010e+00
4.690622541154968239e+00
3.517137220065702508e+00
4.303076183575148761e+00
9.254197835175233422e+00
6.121595592874156111e+00
5.442395134703912341e+00
9.112051096404771400e+00
5.062641071927530767e+00
2.282815371802641380e+00
7.423075051695385618e+00
5.202446789271122363e+00
9.690946610154368202e+00
2.758941542071975395e+00
3.415629387265282979e+00
5.250709100454258760e+00
1.338394527627118080e-01
1.047888743235859677e+00
3.181870688445455286e+00
7.199217736501669407e+00
3.404599543070579770e+00
1.583526012631540913e+00
2.435423353746299924e+00
5.108009383596581188e+00
7.327331778904133230e+00
8.896460277966687258e+00
7.504561970841237439e+00
7.017634518551051137e+00
7.602273725430182871e+00
7.710439938034438612e+00
1.211813601476995350e+00
9.803349734205166754e+00
1.833879289866964246e+00
5.907180733371564685e+00
5.570746670396344413e+00
9.776103687872364389e+00
5.404326296282370379e+00
6.966022476066040525e+00
9.493684668629054357e-01
8.545156622524807233e+00
6.914856993196089263e+00
5.299584665154435825e+00
4.757446348758990418e+00
1.040028054233724797e+00
5.817959104421052352e+00
1.356619271312424768e+00
5.155659725090993462e+00
9.937355001066746851e+00
6.284422810707630092e+00
6.366176622283202136e+00
1.068166936152026292e+00
3.877189584489852958e+00
9.764230110302925425e+00
4.244975120094663268e+00
5.541748582365123355e+00
8.404439463784642683e+00
2.473166691409633966e+00
6.317063857199258337e+00
2.916330935326469920e+00
2.102609768708062710e+00
9.502304149714886350e+00
3.751326254163334095e-01
3.657402192981451527e-01
9.776458842775037184e+00
5.130760398411851497e+00
8.997240032612882743e+00
8.630432032849732593e+00
7.143429266577276948e+00
5.329497515887351433e+00
9.440436032005028011e+00
7.216983017150061741e+00
9.439001450583337061e+00
7.284992003195444710e+00
2.695121619421439796e+00
2.947397009208041485e-01
3.538665955779153549e+00
5.581881406904841469e+00
8.035408346356053499e+00
8.460643262813205556e-01
4.093726519444582657e+00
6.399750074352499318e+00
7.247999416954160168e+00
4.093595569482337382e+00
3.850341346298027378e+00
7.086757518520668597e+00
9.617182653958847638e+00
8.978537880858310061e+00
6.549235983805587580e+00
8.413133784531217074e+00
4.807216841837169241e+00
6.722553147351132630e+00
5.756285948895571991e+00
9.981974470128371024e+00
3.226700363098747637e+00
7.359217791829806288e+00
5.527970987482749621e+00
1.776193760970905533e+00
6.686460119684550563e+00
3.734320539874463662e+00
6.857821113296096449e+00
3.385950863422443113e+00
4.889619971460663628e+00
