1.860876795779287107e-02
8.455058423289926850e+00
1.438231332872608181e-01
6.151359075012654998e+00
7.436096449263200903e+00
1.451206828554585382e+00
1.564886067991346774e+00
1.037859671036152065e+00
4.632638580490961111e+00
3.728276156018811349e+00
1.721031396404598679e+00
3.349872214470177578e+00
2.411563200952024033e+00
4.880436295792539347e+00
6.713704798474243063e+00
2.906603201642476986e-01
7.196246117015593136e+00
3.007438053708529679e+00
7.497420168768725190e+00
6.996663472025088648e-01
5.826169724213810852e+00
3.933998966550042997e+00
8.300025580327636376e+00
4.591340419224147595e+00
2.675489916736707663e+00
2.814207837097613130e+00
5.302274007471971196e+00
3.321029261612415961e+00
3.308428318132459189e+00
1.376255656034172103e+00
8.474518412714648008e+00
1.468643512812204399e+00
2.096001476967229493e+00
8.418534242315516281e+00
1.700267285424620356e+00
4.585911570396042691e+00
3.001747925311855081e+00
6.830362670529144253e+00
9.068127464549879946e+00
1.209741052936930128e+00
3.570253201844958646e+00
3.243493051688457474e+00
2.640871571385472460e-01
7.270266560267085509e+00
4.986525456551639479e+00
3.151804720987104957e+00
8.144597789343434258e+00
8.854988670914520910e+00
5.402190857488307074e+00
4.594612020421995346e-01
4.989132950394360222e+00
2.277901548995096004e+00
7.798209982878189450e+00
6.611389535775449744e+00
2.557366551691587553e+00
5.185851082442698434e+00
4.663419520554562325e+00
5.093659903317954374e+00
4.308738824505928378e+00
1.849165005872810408e-01
9.901880582841537048e+00
2.790901590002280663e+00
7.060813143605242814e+00
4.760324117059477889e-01
9.118367878586058239e+00
1.683503845249090247e-01
3.438821999662721396e+00
4.794732078299847267e+00
7.044271869092205485e+00
9.179127858931318329e+00
9.851803751027096823e+00
6.156507733838962437e+00
1.234084306486019633e+00
2.428128105340196186e+00
5.088084189930015100e+00
5.898145446706726247e+00
6.745216838569026763e+00
6.440087879532287118e+00
9.261006179841688279e+00
7.800433134377915412e-01
4.978502745554519215e+00
4.779504875950431497e+00
6.393206173689071292e+00
7.432010256076870824e-01
4.528175586148837084e+00
6.646348851303955918e+00
2.418492392578123429e+00
1.452764658158972599e+00
9.788593766843231236e+00
2.083609867058417109e+00
5.921318537911792745e+00
9.475376266302571793e+00
6.271102266718414420e+00
6.034691126144803519e+00
6.083538529846935106e+00
2.197154380693473463e+00
4.208941235668199887e+00
4.589034528952474545e+00
1.467196611550106722e+00
7.919887492097124948e+00
1.638249597308589767e+00
4.048347155711413237e+00
9.422497773480536409e+00
6.775379760582832311e+00
9.982188706748134521e+00
6.685396689200752363e+00
1.979903609637845285e+00
5.377391850710029786e+00
4.737412383539102656e+00
6.013868386968035384e-01
5.333691334543971152e+00
6.027994915709267154e-01
9.745776225019092465e+00
8.806165036266168755e+00
1.998722798785824706e+00
1.773285052470958689e+00
4.558725285863626908e+00
3.720360257851234920e+00
5.009084523606682993e+00
5.780788400972580732e+00
3.537568156301452937e+00
6.207456964667105836e+00
7.488321069993705059e+00
3.263726721636950323e+00
8.630266922034467214e+00
9.037521453672558991e-01
1.860238448623074969e-01
6.053605321554583973e+00
1.318262073281420976e+00
2.613456323150573635e+00
2.560264556676599135e+00
1.793199497845822110e+00
7.432683511452609082e+00
8.693890853681796926e+00
9.463970238835017756e-01
3.312541145293733891e+00
9.338654646424656036e+00
4.393082757777210468e+00
6.127110885508942673e+00
9.216985723289500498e+00
2.758359592569552543e+00
4.541474587102491078e+00
5.058526250211405006e+00
2.429449944163963870e+00
3.986045611217814422e-01
4.806607007998299430e+00
9.973355276306672401e-01
8.789885142774059190e+00
6.114014073395174442e+00
6.069627415862457909e+00
8.934213364825932757e+00
3.821494460060761433e+00
6.043817596312544893e+00
2.986736999136694326e+00
3.300521231638030351e+00
4.741978436062196600e+00
2.113563547884226068e+00
3.453987374181725301e+00
2.934308335036933890e+00
9.793938235180025487e+00
5.319379768238188255e+00
5.844979064976500105e+00
6.663559085662098980e+00
6.770726847665310189e+00
5.579842228352021927e+00
2.678715836112482762e+00
6.773604603197806995e+00
9.632041786727851829e-01
5.109536437893858363e+00
5.206131634634402872e+00
3.461310744961117791e+00
4.343594774806783576e+00
4.298662770828243218e-02
4.603977464862851754e-01
7.652153492383765077e+00
4.548786806227886892e+00
7.399141775786049813e+00
9.055966501412340719e+00
6.410073139869489900e+00
6.739450156955371085e+00
9.799879029481498804e+00
9.709434759686885741e-02
9.137397541637872322e+00
7.876396376003712341e+00
9.101451066597260109e+00
2.897431583380974729e+00
5.442711009108269771e-01
6.026230698770836725e+00
5.699688827719584516e+00
1.927666896270916475e+00
1.216054086618795216e+00
6.570572341618747814e+00
4.439010014845000462e+00
5.232804713090731141e+00
9.432563360385149309e+00
1.964413143238908921e+00
8.236344309449846079e+00
1.421257315422859158e+00
5.977630464196579396e+00
6.575369668762363951e+00
7.095330856930975649e+00
3.041354192292144987e-01
7.775271465811075089e+00
1.882207568478290183e+00
1.042883960440208480e+00
5.634145117593162055e+00
5.031059853262519255e+00
7.709529860043049965e+00
2.137797338598993235e+00
1.439614310654494522e+00
4.485059813042101773e+00
8.367863764019688233e+00
8.886274590450121025e+00
7.928553627386529357e+00
7.045322396313569158e+00
3.022263299727701025e+00
4.529720088970494274e+00
9.619518888996068995e+00
1.378828268848550920e+00
1.607224878854340844e-02
1.675414584013946717e+00
8.271434547147306304e+00
1.583579969245437757e+00
3.730149159091797895e+00
8.969505943251402158e+00
7.216700422827281969e+00
2.909794867322830214e+00
7.122561943422716979e+00
1.882821665774938591e+00
2.075264797130060845e-01
4.111016836390072093e+00
7.574737036562761983e-01
1.907447954910098664e+00
1.348363806487781202e+00
8.066741477462809229e+00
5.745998647561404660e+00
5.705761383237489603e+00
8.924788159919977204e+00
6.018362123910536710e+00
2.514933654845897593e+00
4.718316015329890867e+00
6.624878768293886999e+00
5.942997987166112495e+00
6.981543951780762924e+00
4.785377104944932292e-01
8.154547841011094533e+00
5.933700441327794728e+00
1.468471636145837200e+00
5.195336306430773377e+00
1.196803735324490914e+00
2.698078554666517803e+00
4.383015980450878146e+00
1.006586551603080304e+00
1.634369837871137987e+00
6.294086432285447508e+00
8.787566489336102293e+00
4.729258252204516566e+00
3.403002608740975710e+00
6.851381893648485821e+00
7.426158318806135306e+00
9.284533227885225060e+00
5.099541987627376205e-01
8.152359630241839739e+00
9.525755847483658556e+00
3.622783245096932170e+00
1.237192511456259858e+00
4.936705421568369445e+00
2.946723240576967218e+00
8.877230944851422834e+00
3.593286311132629862e+00
5.812103489782115773e+00
1.684260201559291126e+00
9.347972179914976198e-01
8.113351547409411779e+00
5.086462644523543908e+00
1.634678260671674765e+00
6.825496664737436880e+00
1.179939042572075714e-02
5.922600079057196432e+00
5.969491150670237722e+00
3.568021172223944326e+00
3.958165503379462713e+00
8.436395789807182410e+00
6.489019391101902290e-01
3.351242643145742939e+00
5.469777573433820539e-01
5.158745635631451165e+00
7.893339214519033753e+00
4.429459792745048752e+00
2.656773067282527379e+00
5.509948531578233499e+00
8.960450786001358026e+00
1.658183746516913581e+00
3.844929509543431934e+00
6.386634360594340976e+00
2.321700168677172105e+00
4.727619540025797207e+00
1.038829995152497077e+00
9.277167373001297790e+00
4.143977274473623851e+00
1.467602212985374965e-01
9.911886064151950393e+00
8.909511645577349981e+00
2.614605591477359159e+00
3.768752379842296385e+00
5.993188313691200975e+00
1.334574319996835179e+00
1.630326536142445715e-01
3.421019027381859701e+00
8.586803971914140021e+00
3.172330593108952712e+00
2.407205097135668659e+00
1.621027151118998866e+00
3.090358224705073376e+00
1.804082897565162380e+00
4.935618076096210061e+00
4.259153965914025619e+00
6.771801495793746462e+00
5.121929361807062264e+00
1.280717564961472155e+00
6.125621079687522119e+00
4.112769239869679794e+00
3.577548946547304265e+00
6.393935469457673548e+00
8.931882022018927003e+00
5.694356419683341386e+00
1.756123466931454047e+00
6.857701751552336411e-01
3.637409050909021779e+00
2.120712123363064361e+00
6.483390357088371303e+00
7.467562480098677291e-01
1.419827163559185257e+00
3.128034399960391010e+00
2.785144545603264188e+00
9.421081459625828103e+00
2.098026805312197318e+00
4.170306994392177558e+00
6.573373347558376878e+00
7.554430797199891856e+00
5.688573429526167402e+00
7.149382650033206943e+00
2.000827323593298068e+00
8.145783704432052463e-01
9.575878413678903911e+00
8.505115748280813293e+00
4.766560648282778700e+00
2.518874284048668866e+00
8.464509235383138375e+00
2.480942785012500984e+00
4.572998440132881370e+00
8.095937958123370137e+00
3.387222139198926563e+00
9.842889925729295442e+00
6.248827414641196398e+00
5.566662757162362141e+00
3.204858157035860522e+00
3.675305561815286559e+00
9.368258097696358533e+00
7.008870745952457959e+00
8.174056999990636285e+00
3.991844908755243004e+00
1.005481850319971393e+00
3.933931565079581638e+00
6.635671906711021251e+00
6.867324347938100537e+00
6.774699257310085265e+00
6.970695868015010177e+00
7.450101256642215120e+00
8.246469235564335420e+00
5.119864953065226487e+00
2.219585951550953062e+00
5.309621611572675981e+00
3.699930675826718307e+00
1.164641186842413356e+00
9.822783073663304165e+00
9.529069975655403368e+00
5.042157713155055454e+00
3.857418005968689112e+00
2.997952246324367742e+00
1.457885785024438663e+00
4.069423276472965867e+00
8.146934202739062769e+00
6.226652984050828898e-01
8.549684881279612014e+00
7.142086803510490078e+00
3.731179000090116826e+00
9.373196337120081267e+00
1.746001859398378375e+00
5.023860449857608934e-01
3.679456359576260827e+00
8.958947246422711785e+00
3.936631636261020084e+00
6.370264398264002814e-01
2.849408272044665402e+00
3.331711110054513814e+00
9.954843651602038435e+00
7.897732147516586032e+00
9.460881609079077492e+00
7.363393958079988977e+00
5.330068380059572064e+00
5.974774261831732325e+00
9.564952152070571145e+00
8.101044250264255453e-01
3.210573273590895393e+00
5.018619544550592337e+00
9.888556914284068355e+00
4.850747221869877723e-01
5.157556566523535668e-01
1.687922817327016656e+00
6.329033931650550393e+00
6.876734712186421739e+00
8.308339191397349666e+00
5.794467045796430682e+00
6.419635745741734567e+00
4.353768542602150404e+00
8.270423741635413606e+00
9.196374187043558024e+00
8.012615202352797894e+00
9.011615581721942547e+00
3.630842878008092356e+00
5.808178621780701878e-01
8.555888740189649511e+00
3.997893430029818340e+00
6.480979915761198917e+00
4.507835260926603027e+00
7.980036543905393742e+00
5.009640681997975520e+00
5.446555476151699438e+00
1.666133884901471740e+00
6.325675617878784962e+00
3.421573676223663707e+00
5.079474795609773885e+00
1.886521531205120894e-01
2.620501198427998002e+00
5.461329090228859151e+00
8.291756377550123958e+00
1.384618401961102974e+00
1.991654393098007958e-01
7.960867004834751626e+00
4.147373137015755162e+00
5.301607552221602404e+00
5.972422949355182809e-02
4.244159213609430381e+00
6.327816834955757308e+00
6.311014847500333147e+00
4.423648290624745627e+00
3.556766024988644581e+00
9.057671416187671909e+00
8.558957875989760211e+00
4.295003153035048982e+00
1.735836558420722486e-01
5.481861963202724120e+00
4.450370248396506412e+00
4.551237261228275877e+00
7.351800137050517492e+00
4.083150548765662080e+00
3.822866597674672295e+00
4.920273288575513604e+00
3.899384635859997061e+00
1.194119735845128316e+00
7.590757587908240289e+00
8.523368346269739604e+00
2.066809878188630378e+00
4.929051825274477494e-02
7.928045735384928960e+00
2.237257664352539699e+00
4.996152553013679665e+00
5.127610203487897866e-01
1.807663277037968586e+00
8.319747113805775474e-01
3.014758178400716915e+00
1.542749637585930644e+00
8.815690776967928244e+00
3.818782000482884520e+00
2.700670189824817768e+00
7.111871633801174042e+00
8.380578164589476131e+00
8.259165793796757526e+00
3.506485335959848904e+00
4.708189297816389285e+00
2.940015713249535256e+00
2.280474953166430119e+00
9.495582968180734440e+00
9.682340229801706499e+00
3.457529381389362833e+00
4.590424053097460266e+00
5.110464402309300436e-01
4.045351188117988883e+00
7.428545222932889658e+00
6.293709544682429602e+00
3.541197115208548851e+00
9.271728727299223038e+00
9.166302349705940600e+00
2.716712157135977357e+00
9.202497736371594073e+00
3.238396499616086111e+00
5.054402115877408619e+00
9.671959999007221143e+00
6.058133745798871317e+00
