4.524712211943430873e+00
3.694551594045314413e+00
2.628179833066031090e+00
8.891837037345579731e+00
8.945768867449944040e+00
2.735628212963470141e-01
5.596921145986478052e+00
3.498040200547281042e-01
8.429063005218633720e+00
2.178206387597668936e+00
3.215068781962472144e+00
6.597425631127899592e+00
6.693438705466326688e+00
3.771485453360867712e+00
4.897809219183194784e+00
6.858728193183150523e+00
8.273343245340003094e+00
6.873175221734724616e+00
4.683531147326856825e+00
5.234342856818684275e+00
5.855891538882859848e+00
1.491518901543522624e+00
3.221549306474854824e+00
9.098166347527254061e+00
4.985713963510410629e+00
6.318238001785749347e+00
1.576941312162410957e+00
7.664955511030705715e+00
1.876911052214834674e+00
9.807239388965275140e+00
7.378820265349144591e+00
5.148551035535971820e+00
9.973999686783086460e+00
9.530493238768111830e-01
3.986368862326410412e+00
6.799030844103953974e+00
3.828852574991803426e-01
5.473460563547549285e+00
2.279875196732056075e+00
5.408115373624690747e+00
8.258523921413852165e+00
5.863805133589185203e+00
3.772873991337420740e+00
6.061248449795933801e+00
7.691602805626086337e+00
8.049215742279404395e+00
5.183894976602662297e+00
2.133675713857070555e+00
7.753712171694239430e+00
5.748519640795130670e+00
2.458311090870803906e+00
1.662199080389831218e+00
9.000971406163252198e+00
6.000591872410417693e+00
7.245414961083356253e+00
6.350954076432635986e+00
3.826505742408830013e+00
4.391288785252267957e+00
6.971628702410778367e+00
4.692280294488972991e+00
7.312372936298249471e+00
3.820198741588410662e+00
1.887935965031855012e+00
5.741478667339078079e+00
4.056447486618461440e+00
9.576548276859105258e+00
5.922453111083633814e+00
5.838917048224063322e+00
2.748397819289649657e-01
6.949518414534253452e+00
6.027058066378170764e+00
4.323102533678929937e+00
1.885133206934317407e+00
6.921397416235294031e+00
6.778968728931905829e+00
2.188796024072053648e+00
9.033803184484291648e+00
4.507502712036025372e+00
3.338796251518453495e+00
1.106673577386397822e+00
8.439231659527582252e+00
8.588366428319776702e+00
2.695645443650607209e-01
5.270605325510235861e-01
5.415652083352462398e-01
8.787340022175058607e+00
9.727492217014585663e+00
2.369133816612647436e+00
2.253517488526779466e+00
4.737163355884116633e+00
9.909445968881966493e+00
3.376827140691696094e-01
1.548589453032400698e-01
3.517977685045226011e-01
4.766170605626107726e-01
3.306968089898858487e+00
4.061607585524155795e+00
2.972333244112888906e+00
7.836530704240090017e+00
9.351075272326086818e+00
8.156845698477777518e+00
5.644717941789435756e+00
4.385941012280698104e+00
6.860358621791790235e+00
4.071741512538525676e+00
2.649624382636306397e+00
4.677027800602346908e+00
6.730332372233708504e+00
2.154364356536540903e+00
4.972185461212921709e+00
2.016748251143147819e+00
2.678304731253384752e+00
1.457833313632755923e+00
2.021182118620741264e+00
3.171659755430176197e+00
6.949273943463345482e+00
1.961791319872182582e+00
1.764800693876383830e+00
7.326182486909282865e+00
8.326199037180932905e+00
9.194710877733800913e+00
5.191346699717756863e+00
4.617713522720618080e+00
5.052275886511328196e+00
7.701828742680195461e+00
8.215421933502950580e+00
8.391417901580473071e+00
7.337773381762546787e-01
5.217379488588003156e+00
4.882444275037923553e+00
2.377081533979565009e+00
1.372182924232097090e+00
6.898314924546184557e+00
3.414487335095230058e+00
2.155547350496686221e+00
1.898491495921468264e+00
5.987116440534094863e+00
9.134524397748311486e-02
5.713369828278658247e+00
4.116061018343345701e+00
6.610860797055765126e+00
3.072348122165311501e+00
7.188317840665103819e-01
1.288364960825247874e+00
2.651575137130579574e-01
7.800309477054528706e+00
2.758206261446356500e+00
5.669397114442144670e+00
4.419127775429809724e+00
5.714403736479529705e+00
4.259677780954991277e+00
2.338314500096092541e+00
5.205450956492300385e+00
7.981644810238471166e+00
9.840872496537644842e-02
9.976556820446310425e+00
4.287113382667646633e+00
8.174302077293914337e+00
9.365365737301917903e+00
3.683738188192819951e-01
1.700540263668609553e+00
5.886056169990739662e+00
6.251052923223517688e+00
4.167393704854633008e+00
2.858618779764491080e+00
9.137566976840508559e+00
6.022355334316253028e+00
9.185411829609750001e+00
3.207778402623478797e+00
5.324668719469094480e-01
4.547596582627222439e+00
3.424453216335709982e+00
7.433838866845043469e+00
1.392643838917270172e+00
1.199690399541650798e+00
5.742064582324928779e+00
1.390656745602740774e+00
5.411482581362085931e+00
8.563654653404674022e+00
4.554284764279886488e+00
5.127035381646583900e+00
3.321169983422496141e+00
9.485241715915559979e+00
7.851458806563021753e+00
5.256689528192097782e+00
6.532192560974531048e+00
4.493492266542929769e+00
6.183634507560304527e+00
8.153531551106512509e+00
9.660098700542285588e-01
2.025535386615338052e+00
3.523991152940441296e+00
8.096846453456752357e+00
2.366188853237003453e+00
3.254409238360898016e+00
8.772421898047234379e+00
9.999336032301778587e+00
1.797679067729961444e+00
2.853093357315613865e+00
3.585936261772503464e+00
7.231365897302055146e+00
6.764005356256500789e+00
9.422591762440379881e+00
1.468372140364507805e+00
5.395479026086228203e+00
5.672998055350351621e+00
3.986143430164633905e+00
5.422824887413135286e+00
9.898723550483779832e+00
3.523101386521577894e+00
5.950341296607764008e-02
1.128514191166508640e+00
9.742281568265054759e+00
5.891687765771854046e+00
8.842745691475728975e+00
9.338121518590856596e+00
1.989902197033733833e+00
7.995778589264691760e+00
2.389264281074570118e+00
1.137522265051763570e+00
5.511174557594911150e+00
3.996019242180516073e+00
5.491953630078984183e+00
6.898799539386724966e+00
8.155669870828100798e+00
5.028294268151847213e+00
8.349780094003755870e-01
9.986094978979703995e+00
3.914294875254531458e+00
7.910930387888277515e+00
6.470844921951701689e-01
4.419770777682934693e+00
3.103609847969499569e+00
7.831737200205952654e+00
8.619481975740630020e+00
5.685168227136770724e+00
8.122439065909786038e+00
5.806004323759187180e+00
8.549775479087838193e+00
2.770567950466733542e+00
8.675114345176208275e+00
4.087506750140095235e+00
4.601065861674277002e+00
7.221588120498182661e+00
9.258046134645505632e+00
1.199928035293607032e-01
1.936705480465447105e+00
1.783850620908203899e+00
4.719797206895637309e-01
1.116822736420004514e+00
3.076669035413365449e+00
4.016296537354603124e+00
7.049251533138146897e+00
6.090766299271593631e+00
3.179015873664353897e+00
9.744004785755771891e+00
1.121289053422567239e+00
3.229421287353569703e+00
3.985141817719607182e+00
1.697403610640831895e+00
5.870060776621480514e+00
1.083315934980584316e+00
1.107418563315788473e+00
6.547571311171182629e+00
5.262476993988620677e+00
5.040835029360065889e+00
5.029957308255009529e+00
4.465910488760055586e+00
6.817752560497557290e+00
4.962185349921830024e+00
6.990253915923209327e+00
6.680044961923467639e+00
6.528203507233109271e+00
5.051055054674293388e+00
5.700438864342598499e+00
5.946516576386438935e+00
7.812346898345293944e+00
9.399839698564523616e+00
5.156795864209668068e+00
4.103042528406065870e+00
9.369986573126784180e+00
3.947379268472617220e-01
1.640856694106985758e+00
9.879937431058387176e+00
3.174216605842255845e+00
4.113457604666280076e+00
2.250616945823838755e+00
8.433654156210797836e+00
9.906486728915213646e+00
1.344366108923668035e+00
2.115564734194902208e+00
8.188658532769299114e+00
6.528577176159410023e+00
7.629807720242213875e+00
4.911333333849126070e+00
2.015490709466634112e+00
1.506704747265064093e+00
7.768491762933172673e+00
7.357737751636225454e+00
8.164871092717065792e+00
3.769290950912163929e+00
5.828829817828361293e+00
7.208794563048462223e+00
9.611118059999984808e+00
6.303179408202325362e+00
1.897044408080279521e+00
6.773499260251113263e+00
4.900543389739487665e+00
9.142572749126145482e+00
1.384586724128307189e+00
7.644872158610771518e-01
5.178663589049127047e+00
2.044788140954627575e+00
7.056171452528914756e+00
8.869435930602119100e+00
8.187195848557282218e+00
7.943494434756059874e-01
1.790580395976369976e+00
8.284449156182247975e+00
4.952815356865047924e-01
9.373379349256540038e+00
2.478261686017559917e+00
8.665159988006458036e+00
4.668325373710265680e+00
6.453242984922247238e+00
7.490747680521825380e-01
1.538904097801685467e+00
3.573184583933844749e+00
8.095064594714571626e+00
4.298254421931335667e-01
2.794139484233669535e+00
1.449011396760013781e+00
2.683556472056355169e+00
9.476696536239224145e+00
3.786160063483556826e-01
3.398600083690650475e-01
9.121238134633022909e+00
8.682337995541402620e+00
7.621978883458016440e+00
3.622331672113042522e+00
3.926279324413219030e+00
5.540121293595767771e-01
8.320070735843852816e+00
6.293110578422982826e+00
2.407761395148876105e+00
8.617859589588123370e+00
4.417708761880852819e+00
7.531453068856793109e+00
1.829398015761130036e-01
2.357553786737320856e+00
1.648917226185636631e+00
5.241486290152597149e-01
2.369013663189725172e+00
9.765582125889013199e+00
4.006095882998338631e+00
7.999201389614107427e+00
4.205507511338641535e+00
3.312560159952661287e+00
1.435832549999432883e+00
4.819329492576587270e+00
3.671562924491356128e+00
5.067353795388341631e+00
4.809182038875214893e+00
3.704482709549035135e+00
8.097481533023518807e+00
2.064851830276122069e+00
5.319257325540438508e+00
5.342278373068688246e+00
9.549382160898593597e+00
4.710070371649103471e+00
8.333128636561632163e+00
6.343241670087857997e+00
1.891622803140509124e+00
8.804357791373808695e+00
2.269719398279028688e+00
4.266113649914164085e+00
3.375466508830805346e+00
2.938210605317760127e+00
2.824964265675473651e+00
8.667003727466109808e+00
2.436246559562589287e+00
6.982241084574751788e+00
1.637443727480061284e+00
2.664757299273320612e+00
1.882222465042233672e+00
5.978833692174494452e+00
2.648487720211867291e-01
1.759268877186226376e-01
2.741663408276084901e-01
1.301846853668815474e+00
4.826408846487360904e+00
9.723284734573441668e+00
5.803451143692283765e+00
7.726774139052599466e+00
8.119988336868955159e+00
8.445526859020501931e+00
3.568856837580978159e+00
7.580926628202034223e+00
1.122022782710283551e+00
7.141678054064461989e+00
8.312596492770618184e+00
5.524511586674851760e-01
8.952674916228385626e+00
4.955529877571701824e+00
7.132473702790612435e+00
2.392342326181546852e+00
7.899145758812955442e+00
4.027146125080427463e-01
6.670128633324834411e-01
2.163899674477477220e+00
1.873556935653709621e+00
9.851215777963675535e+00
8.553233649398318761e+00
3.660528956569084613e+00
9.834059342730460784e+00
6.479107894341273877e+00
6.593725707189419083e+00
5.108577918236240301e+00
4.446394629025654410e+00
6.593055888032350875e-01
2.279058673462486251e-01
8.789559655878704802e+00
7.745796130958907177e+00
6.810099801857266932e+00
5.062476274864543768e+00
6.429166888310077432e+00
8.337574938860662144e+00
5.102672170949666963e+00
9.426971672869719043e+00
6.858915474186082051e+00
6.013754152020442056e+00
7.592224488286435147e+00
4.332514757127976068e+00
8.110732257573605608e+00
9.034117916951199589e+00
3.497088214178523113e-01
9.216207138555573053e+00
2.157034657513158038e+00
4.111733529293256417e+00
8.711361590488191808e+00
3.307305952527804571e+00
4.178841442052583233e+00
9.614145891307005698e+00
1.541424002881930377e+00
7.109599703986724251e-01
4.453357098646939960e+00
5.862545181500431468e+00
8.946167531972687215e+00
1.361011883321356919e+00
2.182639130420716000e-01
5.784412659900163511e+00
9.171254855710063936e+00
6.767633832591516629e+00
6.551791373281705688e+00
9.692902595269334398e+00
7.951945405327506045e+00
3.001378067885606349e+00
9.511708235835154568e+00
8.926421946769044879e+00
4.238912794483798763e+00
5.900536454671714282e+00
3.011155149045039447e+00
8.219052188843168238e+00
7.329260014661698186e+00
6.285296021407474676e+00
6.493343116352615851e+00
4.355368732447013613e+00
8.493044877918906721e+00
5.552562759479562349e-01
8.293370874251793978e+00
2.561502499112359388e+00
8.471142555585002398e+00
2.630163324179672912e+00
6.108674521803453494e+00
2.441909558492643129e+00
1.113950901453344411e+00
5.567281342175719239e+00
4.843374180938030626e+00
2.898038954942432355e+00
1.922132114574535144e+00
8.395625112889215202e+00
5.360563592144707012e-01
5.166346585511910838e+00
2.112789116754998364e+00
3.395351575557569390e+00
3.100806039899812738e+00
5.371882398840130968e+00
1.723302826613650751e+00
7.129090287334589604e+00
3.525634869333901023e+00
5.769540179375759692e+00
7.313095644190076072e+00
8.988089930483468493e+00
6.828908665809119150e-01
3.743497208900803397e-01
3.556327787726848655e+00
2.291599060387428999e+00
2.223722671008503404e+00
9.025578489049925324e+00
1.788625940990444807e+00
