6.687578781013485241e+00
9.099897312738907118e+00
4.053255607959210138e+00
2.151222905281948705e+00
7.157297486327966141e+00
2.168198348271096698e+00
7.250315184365939913e+00
8.790793109794597271e+00
1.899968269925840225e+00
2.553438558586202056e+00
3.893288119827772675e+00
6.684829228702128034e+00
8.607111017645600270e+00
2.832131276351882221e+00
8.037827051209314178e+00
2.299544923660276297e+00
3.233135459229485864e+00
8.336005195883531727e+00
9.896372704051319857e+00
3.559578960845405149e+00
9.480455050019900298e+00
3.194588262232018749e+00
1.679740781037780684e+00
3.349832560382618674e+00
2.877698325562572101e+00
1.625189111832687772e+00
4.168546441914270595e+00
8.011246081966165278e+00
6.065793449892549205e+00
1.679127146739322063e+00
7.074339911607577136e+00
1.507134613876788265e+00
3.069892508035358070e+00
4.818066356856918198e+00
5.569872696519245991e+00
7.046532827779969921e+00
7.261676915266971122e+00
8.735310924196946658e+00
7.020032150988326336e+00
1.894415148808967775e+00
6.547060117693454195e+00
7.064664316238167263e-01
7.402826124420935905e-01
6.877669444912683616e+00
9.539215722949517584e+00
6.162391803736006146e+00
6.469934617458314108e+00
3.370325994442002759e-01
3.588344365956632753e+00
4.416056126686872751e+00
1.305990806997368026e+00
9.147208587095516208e+00
2.640847723011469306e+00
2.474131741568081910e+00
8.784877222733129543e+00
9.362967378515751449e+00
4.086952993649646260e+00
7.292073358565574814e+00
4.922538268897688418e+00
1.071073851448194336e+00
9.279554894936683951e+00
7.629592178227738941e+00
7.222648901629609597e+00
1.961528069357967308e+00
9.952701086783234175e+00
9.010875421198189628e+00
6.093101887476014333e+00
5.570713695028606249e-01
3.989567747790282226e+00
8.780060841191529519e+00
8.516933420070845528e+00
6.226775192560950245e+00
5.553133336439397549e-01
2.721874126009071748e+00
1.836439906354850882e+00
8.186821915888168988e+00
5.424301969350544539e+00
3.455529074218164354e+00
8.663293183193285785e+00
9.144781578423943458e+00
7.830558687821408625e+00
3.557760458648873136e+00
7.212124829948221461e+00
1.595567191318982836e+00
1.772174939420383399e+00
7.402271629380496876e-01
7.439634729653256784e+00
5.596611913749179656e+00
2.487045928471686373e+00
5.273520304615086474e+00
9.371726420615926756e+00
2.288963891951413032e+00
6.610533984612381175e+00
4.024801670731488201e+00
7.246896774937652275e+00
9.550878190795300426e+00
5.792861509126637998e+00
6.473311470902549658e+00
9.666855828566198738e+00
2.336274342719615316e+00
4.407613246460620360e+00
3.842782855669040210e+00
1.204881914827641287e+00
4.346276707959403574e+00
5.133364761049834968e+00
8.684267971853673274e+00
9.005920761641483807e+00
9.261765296517816992e+00
6.065764800500153875e+00
5.748603904544738796e+00
2.979198386748556970e+00
8.611102961503105391e+00
7.766694869053108796e+00
5.345011280921781349e+00
8.383637533567817712e+00
7.867697656428962460e-01
3.024792531338592383e+00
7.620538605730972748e+00
5.259774094157353197e+00
2.845072282669946162e+00
1.095912679270183432e-01
9.122981215891526219e+00
8.328171333138129739e+00
8.917225802766437504e-01
4.691926314344629922e-01
7.712693285675131794e-01
3.084914960095229475e+00
6.779313230622635800e+00
9.390025972771733009e+00
4.001591600534091242e+00
3.649092203111373500e+00
7.192174844360875952e+00
9.744867248137797588e+00
7.464716888953820906e+00
8.761699173351647829e+00
3.720374354113050508e+00
5.104994278875983227e+00
4.826374167257872827e+00
7.924745065688665324e-01
4.341348857170634012e+00
7.570144229910342304e+00
5.600175764852577398e-01
2.343206486419930901e+00
1.638522867104200698e+00
8.644472293879282176e+00
3.977515840862046126e+00
3.343004004517802219e+00
5.967935601853502803e+00
9.415192294523418326e+00
4.493516233622170120e+00
7.578798704442580636e+00
2.583229638849082743e-01
6.280940383778469638e+00
8.400854304599036482e+00
5.960105907001629788e+00
9.695748093165856840e-01
7.964373248046326736e+00
5.423381710270869238e-01
7.421364560743825223e+00
8.772949626109221910e+00
7.742367430173401566e+00
2.384928707327649278e+00
4.191262137844264934e+00
6.867114788939728598e+00
8.164006236877522582e+00
5.140925956734712088e+00
5.802637198546411135e+00
9.022074246657608043e+00
9.095326571898118218e+00
2.941336121764551947e+00
3.483959615070799654e+00
6.732633630173801009e-01
4.842129050084479580e+00
6.409970312371976675e+00
6.895540090819506140e+00
6.087894482345875602e+00
7.546439292475986882e+00
4.618556369965160613e+00
8.270256612796277551e+00
7.924044069421989356e+00
3.742540288742695065e+00
9.539002409081531297e+00
1.634327413296690068e+00
8.926155118020046686e+00
6.325559698198557346e-01
7.387815454884183453e-01
9.972689832214722827e+00
1.321926835320026417e+00
3.800522048182460644e+00
4.168012341110896024e+00
9.869393926029271569e+00
5.589931142024451294e-01
3.140624209728715144e-01
2.850570082115893911e+00
2.613040692157721168e+00
9.262111284713505199e+00
7.101743572722440945e+00
9.224272318144420169e+00
5.870262122379416247e+00
6.304045454688964156e+00
7.800725283354212891e+00
7.056679340326764915e+00
9.961733894070469830e+00
3.359546197815389768e+00
4.883830302059165795e+00
7.108300118018564540e+00
5.728429775562928761e+00
4.446671425910886377e-01
7.895390956472380317e+00
5.085790252586217974e+00
4.787258934597305782e+00
9.137776497132236386e+00
9.789667828670580718e+00
6.132142311884913877e-01
9.382421287374413055e+00
8.196169932615205767e+00
8.715073347484098676e+00
6.054194303073243688e+00
8.450849930084824990e+00
9.994276380910987356e+00
7.474896899606240375e+00
8.235181414840678116e+00
5.655001163067749026e+00
7.329341922246047858e+00
3.810663170989273318e+00
2.354383660576644388e+00
4.187332502158845671e+00
3.573851933295256522e+00
5.709387269646733820e+00
8.616469098666632576e+00
6.161070102388927161e+00
1.604027512252670373e+00
9.069253249352666302e+00
6.901992511910554740e+00
7.338474855862759050e+00
7.016077324231190460e+00
7.968130806273801880e+00
6.341518110252173379e+00
9.411622906485433759e+00
1.494314135301614277e+00
2.210799382537067537e+00
6.454745948631984476e+00
8.572639858294007098e+00
2.263698306622781153e+00
7.258917332257452948e-01
8.106158692672705612e+00
5.038281580696132522e+00
8.377292859729633889e+00
2.321468300503298998e+00
2.670171371204061117e+00
6.001042267864099777e+00
3.600280528689746795e+00
3.663353256364427768e+00
8.368184262963087150e+00
4.023662016975839251e+00
5.174094577755256275e+00
5.247445517374424107e+00
5.798876484190106595e+00
6.231786645579020956e+00
4.637488612246056796e+00
3.857924660754126212e+00
5.887307739004771889e+00
8.094956265693758368e+00
1.014326610371527604e+00
4.583790212497900640e+00
5.349558662412353449e+00
7.399965839203104245e+00
6.899133693775083565e-01
8.516699748978442841e+00
7.801576632750276019e+00
4.167113936687512954e+00
5.746189499611742413e+00
2.961440874505616438e-01
1.537104923691071656e+00
8.818969438253077442e+00
8.241804368049301388e+00
7.047596564082381221e-02
1.874516822126793825e+00
4.434526103194436075e+00
8.894792205865609702e+00
2.991373459628390297e+00
6.784989662181883041e+00
4.067546890780890934e+00
6.022856454560309380e+00
1.041104849479246308e+00
1.687414992257589841e+00
3.416518271016802721e+00
1.796136435113883101e+00
6.072407335410021645e+00
7.998543948531413150e+00
3.348651023989168696e+00
4.873221921699003367e+00
6.286196573891150940e+00
7.051981442515487863e+00
7.481654094545470812e+00
6.479323126405557076e+00
9.877659632159360825e+00
7.377934463304386625e+00
2.508231951625770062e+00
2.904041802635481950e-02
9.937719061130789733e-01
1.373280319334281296e+00
7.366845897672287258e+00
3.102370387192814327e+00
7.209648945745588122e+00
7.018739603920036707e+00
4.178091295372191816e+00
2.251706372105553022e+00
9.718105098049557355e+00
6.732928756731451081e+00
5.709895890628558845e+00
2.897588017083450929e+00
1.310790814114249914e+00
5.938599690256366692e+00
6.110036566686019910e+00
1.715673676569351436e-01
2.986056706390779247e+00
5.830751814916678377e+00
9.570839908621744385e+00
5.189984161237747529e+00
4.587113976399938231e+00
7.286930078845519354e+00
3.909521548838709393e+00
7.328589825435464000e+00
4.723216145262457921e+00
5.285607120693701866e+00
3.003702631233221787e+00
1.216510326290225485e+00
6.920503071051198773e+00
7.495425997652844785e+00
3.237727023145874128e+00
2.607652749192030939e+00
2.096913305668002270e+00
4.036019076569586694e+00
8.859288363440590786e+00
4.143762610304047023e-01
4.276738637833076062e+00
5.435032521302729513e-01
9.447965348814841846e+00
6.858332556798873991e-01
5.028114389526883166e-01
4.345888766811456527e-01
5.130188316467090281e+00
1.104010658418672630e+00
3.227737923672759024e+00
9.382951451481050142e+00
7.415423034656998258e-01
9.498810731800539031e+00
5.220929746547419370e+00
4.161174917301572407e+00
8.276247456951882242e+00
5.392150227255739559e+00
9.197162976269842360e+00
5.278340115908798147e+00
8.374657126346807701e+00
3.416955287245602157e+00
4.516257258891758219e+00
1.026756285893614118e+00
6.656421998058109857e+00
5.910537298596526767e+00
4.358115160810217326e+00
3.726353144960939723e+00
9.211526659335152800e+00
7.553911585082092373e+00
5.871095637391666955e+00
5.937486832866185615e+00
6.185751758300320091e+00
8.805232991105762963e+00
6.137772292325550438e+00
7.361828610156856634e+00
9.939052985146899388e+00
1.597490374539849434e+00
5.202936135768696957e+00
1.429431857667273764e-01
2.746259394504437790e+00
3.526457664578315221e+00
8.071696306049210179e+00
6.857215312859029410e+00
4.620697417471747670e+00
7.479246574932347791e+00
5.220110605483323951e+00
1.574517081115807127e+00
5.503425627861559200e+00
8.157174555707165098e+00
2.717643512808947115e+00
3.563121922052348900e+00
1.627080588075854317e+00
9.293251704031730398e+00
1.043092038946951128e+00
1.037988517648903430e+00
4.026414713653155175e+00
8.501404118621556094e+00
4.480353622697685889e-01
3.925307687862469308e+00
6.878230408085872494e-01
1.509452515609379653e+00
2.783477716198399232e+00
6.047222301867760663e+00
3.171128817395029387e+00
5.091109451218836845e+00
3.998211863730460891e+00
5.322741479030462131e+00
7.191212671258383260e+00
2.721725917272946660e+00
7.870037517038963593e+00
9.929330757276130015e+00
4.631000438490603166e+00
3.432210055632991530e+00
9.698299336917967750e+00
9.269011034639394353e+00
3.146069241266507888e+00
8.168028899829394618e+00
1.409355455286871450e+00
4.630079524714051153e+00
9.085652651366904919e+00
3.361224227109525842e+00
1.607118842765801192e+00
1.924424262914827821e+00
9.850268124830325434e+00
5.372989703238478576e+00
3.646811486946667458e+00
9.230687907909558731e+00
8.391340702811426411e+00
2.665010001856281896e+00
2.304965961372953398e+00
3.153672017521077287e+00
5.439543217432241118e-01
4.465216243753710401e+00
9.572305889584374228e+00
5.032298518906308527e-01
6.623874891779090390e+00
3.437102434168056497e+00
6.209292574830127975e+00
2.625102839227412055e+00
8.978308807698757832e+00
4.511144754155313130e+00
2.116140234875838466e+00
7.785638245966138626e+00
3.082396972307694938e+00
2.810601621625558266e+00
5.139880380849556119e+00
7.302526212314463194e+00
4.737067166822859221e+00
3.984212702106455506e+00
2.397952965456787489e+00
3.527460774965446078e+00
1.984866750805411861e+00
9.590673662672298150e+00
5.058465422307946824e+00
6.371981542509752572e-01
2.767044995552118358e+00
4.906151945556480598e+00
8.193316182934671232e+00
1.711591798773420825e+00
6.629941849756141536e+00
2.253017482374798597e+00
6.178195395542651625e+00
2.002912081239411890e+00
2.906013619436076389e-01
6.631627130037557549e+00
2.920062989127828246e+00
2.847010946558747868e-01
6.468601393680143197e+00
7.810338613507848748e+00
7.177041391542763549e+00
2.762020615102362964e+00
1.070898360485277312e+00
1.091562493086177810e+00
7.132866517585848776e+00
2.589047298499883354e+00
2.859113095700387408e+00
8.382894953119158998e+00
3.775448948506705538e+00
2.375513770573889349e-01
6.642417244473324267e+00
1.849176632953359878e+00
9.362787438736361878e+00
8.941177389927171149e+00
4.076735886340196124e+00
8.419693613346732164e+00
3.128579854064401644e+00
1.826432631489136593e+00
8.849599983479658150e+00
1.382611589936908469e+00
6.320921330046088471e+00
7.343411111709945871e+00
3.198521153784433579e+00
5.538029629928933772e+00
3.093203111812927730e+00
3.016679615071538034e-01
1.584942305922115713e+00
5.099543676156116589e+00
8.752679747303556468e+00
6.986377048378028753e+00
8.050190634461488415e+00
7.690424425955316501e+00
8.615995446246543565e+00
3.537303136423859407e+00
6.702926003275184286e+00
4.528627695246064455e+00
