1.851553435104609235e+00
1.448219144981358619e+00
9.285236093127856805e+00
3.492856399337894935e+00
7.440490893709355902e+00
3.841060209308753137e+00
6.160853784353569118e+00
1.057213917369561607e+00
3.766430515524449518e+00
2.522089899196156004e-01
7.842387709851934119e+00
2.967497493619947413e+00
9.759307390320797637e+00
9.565528146821252520e+00
2.786141922841679275e+00
7.686255440251201776e+00
8.051723196376901370e+00
8.252550335346180432e+00
8.467300519045384277e+00
1.263263289639247056e+00
4.247715769609165193e+00
7.372706854299825530e+00
7.963452613198577446e+00
1.683701042514739177e+00
2.029718855884787843e-01
3.373356578138904105e+00
8.426101445995699990e+00
7.909844437629370617e+00
9.361572162316685208e+00
2.616567668488578580e+00
1.892532755042137804e+00
3.865348840373964201e+00
6.965355216865251720e+00
7.277568297720052648e+00
6.835459820544520504e-01
8.710185198292141884e-01
3.602723451744593852e-01
9.582573655136894519e-01
4.084241852970066589e+00
1.162875243663135105e+00
3.912212143491218264e+00
8.773338956658538468e-01
8.127935405229123944e+00
9.032088897316181697e-01
4.750527185957679421e+00
4.761391893423416732e-01
2.663299799535035817e+00
9.696114168596194460e+00
4.045056299871923500e+00
9.209737255126992039e+00
8.414781782613800942e+00
3.391039648132064599e+00
9.479918692763471100e+00
7.155170517564336308e+00
6.881318143791421704e+00
8.223890151016310934e-01
5.333552469118135519e+00
1.337786072851767649e+00
3.165029638032351933e+00
8.179421704806863147e+00
5.174634959699520920e+00
4.508751333534791961e+00
3.175332834322095454e+00
5.803250145526284154e-01
9.151343262623745645e+00
8.914405220272071162e+00
7.836788422136288013e+00
8.377032144969398075e+00
3.228027796465261723e+00
7.635221694811679782e+00
5.838369407633048347e-01
3.392187657009931634e+00
3.509175762361811390e+00
2.321536379318713816e+00
2.867201382568986823e+00
1.356582731058530999e+00
5.822730581504194980e+00
4.595930488377817369e+00
7.211609742731241113e+00
9.544741515868231829e+00
6.562697453811389359e+00
4.283541038267046908e+00
6.385998901789434967e+00
7.814015842264153910e+00
5.684026830044350831e+00
3.471539213752015129e+00
3.924423194159432082e+00
5.851532429498050192e+00
3.731122738688345208e+00
7.565829850124519140e+00
7.901387516274137823e+00
6.988920965094082227e+00
1.125908885787275659e+00
2.881021233435109075e+00
6.434347767559311038e+00
4.781397731686003461e+00
3.788888617422755622e+00
6.756537436640991601e+00
2.926838851886079951e+00
8.734853905654130557e+00
3.965454935101916156e+00
5.538738167787904842e+00
1.215685836023673305e+00
4.658889362066185313e+00
6.958491099586109563e+00
3.514052421022950679e+00
7.856443234368137851e+00
3.915085907135861021e+00
8.579400007913074333e+00
6.922391818417617415e+00
6.141570364579185259e-01
9.903532513221554368e+00
8.863630540476941988e+00
5.315110819225496996e+00
2.573784251769011266e+00
2.323904575088331370e+00
1.465111808442998154e-03
7.340352983034657441e+00
2.867816400536304933e-01
9.679013311913964301e-01
9.602648443201069028e+00
2.403861327789674540e+00
7.525650398761606574e+00
8.934748749880036200e+00
3.962176256316665146e+00
5.662373493598853003e+00
3.900183038174904748e+00
5.015419204955058774e+00
7.939096186876607675e+00
8.227371080851419549e+00
1.536339593019763194e+00
2.283933356778038437e+00
8.352504342133049153e-01
9.642543939381376106e+00
7.548727767737750671e-01
8.634480941301772461e+00
7.586755978556800173e+00
2.531710679553954790e+00
3.081822306691694102e+00
4.966402094564392300e+00
6.965527471720332819e+00
6.344277725954285962e+00
5.252984097790641904e+00
9.728871453548720183e+00
7.460652895606866508e+00
2.204029408529192047e+00
7.577333303762068262e+00
6.111849165519911864e+00
2.760903584841545300e+00
5.503982115315993795e+00
9.262197313705108570e+00
8.712647776063365157e+00
3.427667208246526265e+00
6.484337392988884119e+00
4.594892967893501989e+00
7.355580843295625115e+00
9.810848602309551580e+00
1.876251179764463206e+00
6.251662807751747764e+00
5.686495499758905225e+00
9.643021867368283040e+00
1.330350345961182068e+00
3.727325274135798949e+00
6.031650524883168885e+00
6.753414162326224712e+00
5.147798758382474915e+00
4.096657189282915112e+00
8.053514288433010648e+00
7.087483850421603115e+00
9.872790250420919733e+00
5.230173550500577306e+00
1.801342229312974386e+00
1.666945809367714748e-01
2.997509535930364954e-01
1.901784219501174711e+00
4.045182173388496949e+00
9.991319715122312317e+00
5.971300191176719174e+00
7.132952575242867965e-01
5.280114763712516535e+00
5.635766612919320906e+00
9.408994404064831230e+00
5.018829380120168437e+00
6.403260240914857349e+00
2.184963390728612787e+00
9.847539174411659602e+00
3.886877355064337625e+00
8.595921025033691265e+00
2.823218161938974013e+00
2.480803352078377877e+00
7.379604832138864090e-01
1.691168687754196487e+00
7.236914668024629016e+00
9.197009484162034454e+00
8.170809141800383202e+00
7.609146488116791396e-01
8.111594014228540317e-01
3.637096782253069982e+00
3.743082950490558503e+00
8.553195136770364471e+00
4.435203305658182771e+00
8.261847815457035171e-01
6.650422764200758508e+00
2.144499985648193885e+00
6.505107445627672291e+00
5.906660509594420461e+00
7.743418551255578208e+00
5.268397592910764260e+00
6.284912675871147769e+00
2.039817967334531801e+00
2.544034235799794708e+00
6.993804090977778998e+00
6.466968540895296158e+00
7.084225219581467670e+00
7.582523121826858059e+00
2.937160272746854872e+00
7.688000917042513649e+00
8.963516732664873032e+00
3.873889638919516543e+00
3.175812388505279138e+00
6.710542663681644981e+00
3.935362736028202857e+00
4.274262211912757792e+00
8.018829332772398288e+00
8.974269032334635909e+00
3.694523334146767368e+00
8.618291869668787797e+00
7.184133000738077257e+00
7.258591215119213125e+00
8.645449661105267580e+00
7.966993979779522839e+00
2.335695651494925862e+00
1.301318879894586278e-01
9.774484560347342921e+00
2.533670321658116897e+00
1.922827352484812735e+00
5.082884336922106172e+00
3.270810124066825253e-01
6.983600154271141225e-01
8.910366942801100976e+00
4.258125484725633569e+00
7.665648809565755784e+00
4.038832346708497667e+00
7.980647024814695456e+00
8.944508991951863663e+00
6.842683455641283885e+00
8.435409192364618391e+00
2.408979458839851873e+00
5.771103493387180983e+00
3.293343425225808474e+00
4.167470074702225524e+00
4.755567302311830780e+00
8.365117086298788251e+00
9.576264968100711705e-01
1.204156253020242096e+00
4.826610113532469271e+00
2.322119329001872678e+00
5.113929508376412691e+00
8.342136026916385561e+00
8.817964910017577651e+00
5.674363960518301830e+00
2.540769423167241747e+00
5.451571143676230413e+00
9.151084668353909990e+00
8.402509204106859642e+00
1.514733814481766805e+00
4.700610155197867179e+00
7.242739871264236573e-01
5.450852070875962241e+00
8.708873906487365701e+00
8.598282387616920985e+00
7.815151176442560299e+00
5.133584528729735474e+00
9.766507959428087915e+00
3.746383849728684989e-01
7.495166381771779740e+00
7.560497928010305735e+00
2.314916104224491455e+00
5.250139820024978476e+00
5.789377967620128018e+00
6.626519557624785506e+00
9.650145493481087300e+00
3.627639542071202428e+00
3.608454652698247500e+00
8.403980352197770287e+00
5.519555243540282596e+00
3.996296236630976217e+00
8.696947344599738727e+00
7.103026927222881426e+00
5.528197251727227091e+00
2.197681853007291686e+00
7.057429717094033883e+00
6.092972631957904728e-01
3.293918336019385773e-01
9.341629606057935575e+00
5.785655508342213427e-01
1.480897916168947281e+00
8.778040561909465467e+00
1.383359404680383209e+00
9.096611320759757646e+00
8.242548963717233335e-02
5.263280320984042859e-01
6.124174055543754491e+00
2.216258914153550474e+00
2.119113336000322256e+00
3.797228562195293922e+00
9.449399971995047665e+00
9.413140566202308435e+00
1.275502569371576023e+00
6.382119785656793276e+00
9.375996596419122753e-01
1.074026641622849443e-01
9.356813657900806547e+00
6.039707179801766301e+00
1.351008722646168669e+00
1.265404825348180884e+00
3.143806707067791084e+00
3.372182141515411846e+00
3.958240350557872489e+00
3.973752601544894070e+00
4.705035069098344458e+00
9.935239628151137925e-01
1.582347498980362088e+00
4.183495440394283449e+00
8.314043778102730542e+00
7.266017436269355478e+00
6.655543258072109225e+00
9.124603087953843783e+00
4.020470994851981672e+00
2.225651053536584989e+00
9.113188086694336221e+00
4.688213604928989753e+00
1.237566976143363862e+00
5.887553846503860377e+00
4.594567925068516523e+00
5.060060887521122819e-01
4.999014313056338032e-01
7.386217573011704118e+00
9.109788241917582852e+00
8.912725725906673446e+00
5.550901946658637343e-02
1.935290820798791778e+00
2.051279670049041215e+00
3.369000363196328340e+00
7.029041408458736484e+00
8.971056520945651869e+00
2.922250473795434900e+00
4.682238115220249686e-01
4.520354114549568258e+00
3.512435347562588017e+00
3.812297515409706961e+00
9.944643199561449265e+00
6.338071816420698390e-01
9.098137960451712303e+00
7.097527580652351897e-01
4.771923697305396672e+00
7.662166160568806283e-01
3.197123620858094206e+00
2.056042868059548834e+00
9.393268146084366776e+00
6.687134637553109329e+00
8.349204489979939581e+00
3.186821243274622351e+00
2.341648229476186671e+00
3.642002168300759735e+00
6.943378497070300526e+00
2.060765398739214938e+00
5.518723872435808531e+00
1.117933409425617697e+00
7.439381770895801438e+00
2.249753009815576910e+00
2.370269050234576902e+00
3.902890393869013153e+00
6.898430902092799855e+00
4.985447961065201383e+00
5.814633988141641119e+00
5.966983095660670422e+00
4.782574164504770131e+00
6.185107374845730810e+00
3.519331678268410535e+00
8.788241919401862390e-03
6.448317457176957035e+00
6.864613739835787598e+00
8.823963261890042986e+00
3.652293342795756015e+00
3.983859135080081160e+00
9.537112245101003083e+00
9.268460491975469395e+00
8.704322188270449345e+00
8.216746820563770370e+00
2.315201870420524610e+00
8.768642609276549038e+00
3.681560354466490104e+00
7.226314907076092808e+00
1.235912191369439306e+00
1.162462173379672503e+00
5.663732004392563191e-01
8.428747475886741114e+00
2.774737980593044995e+00
3.078179993002566839e+00
7.691129789222016733e+00
4.510005268491666719e+00
2.901231094315868120e+00
8.208185555966855063e+00
1.094299478977882600e+00
2.353754955568629015e+00
8.206306857374768171e+00
6.297619236859228309e+00
9.695830043127735109e+00
2.111574211116589161e+00
3.762355515696425012e+00
8.418911832833281039e+00
4.609830004767935030e+00
6.181977706475858980e+00
6.932420445075769599e+00
8.044227122190811485e+00
6.306110065079350235e+00
4.295327149873219952e+00
7.866517671823288538e+00
1.876684276072158042e+00
9.933817844308492795e+00
5.174214312152994211e+00
7.247475580612235291e+00
9.579468563602107523e+00
6.466897170804508654e-01
5.875542482559131585e+00
3.173581723513840824e-01
9.034229133440993209e+00
4.150625051967166357e+00
6.702828378863541658e+00
8.713738219474103985e+00
9.703166867604085866e+00
5.888193619496409070e+00
4.902001140651340627e+00
8.588092441516714803e-01
7.204039882777648174e+00
5.253193653659482543e-01
7.444136305941066567e+00
4.487174729508438986e+00
7.090620580326319811e+00
8.091760484391670616e+00
6.967202471082067028e+00
7.551675759249462772e+00
9.534464755180259488e+00
6.022724747124738265e+00
7.625971594889962901e+00
2.917729550487326851e+00
6.793466971723061576e+00
7.078339058750163559e+00
1.717677969689407336e+00
3.251053795686359216e+00
2.599980538156214660e+00
5.463038241499305947e+00
6.650064972776966954e+00
7.521598793301031982e-01
8.713077864217477764e-01
3.379891162827006745e+00
5.819717975272772570e+00
7.566015292526503622e+00
2.591892740741189805e+00
5.044403600913949237e-01
6.273791335437111982e+00
5.016253431962658382e-02
3.424134021207171585e+00
6.419398808207777307e+00
6.862398058420713376e+00
7.851736997435042831e+00
4.920480329441846656e+00
1.739580598426798685e+00
4.424562596063062792e+00
7.843785987095977852e+00
1.987331763314713617e+00
1.328667345810932154e+00
6.699817103558347586e-01
2.312896911158751401e+00
5.196915629661629232e+00
5.828408084371668352e+00
4.110688224599146068e+00
4.975709315756028595e+00
7.915026356539135222e+00
8.092911138765474632e+00
5.321716858125292049e+00
1.248901698116319237e+00
8.298992547422514576e+00
9.677874517994242254e+00
5.623449026714117061e+00
4.863578490550912736e-01
6.263643783482327976e+00
5.387876766334908751e+00
5.095547048572700355e+00
7.289081107014182770e+00
8.514866876315350552e+00
6.866655775261964578e+00
6.187312904157829863e+00
2.887449997149662551e+00
8.653513711890298055e+00
2.593804637302798977e+00
4.064444083520437623e+00
3.406655390036595676e+00
6.566623761615050014e+00
