1.961816516921283116e+00
1.397795970152582168e+00
2.384749715002127068e+00
6.951157209388575176e+00
9.198395311220652459e+00
6.092256321787651530e+00
6.705201406294775346e+00
5.056103495523235125e+00
6.229665203598068857e+00
3.304509050066553932e+00
6.763679833030876942e+00
7.138015032761089174e+00
1.548916839481134788e+00
2.208873806638411708e+00
2.783023361384456607e+00
9.750823386715157248e-01
6.583909451014747560e+00
8.891101288363893573e+00
5.866565973380943433e+00
6.960236554300323952e+00
2.526841960190413516e+00
2.675986625380826212e+00
3.097158828696113808e+00
4.874908122750939654e+00
6.452300542805070371e+00
1.088248200217210027e+00
8.015921921593016641e-01
7.419809313274194906e+00
5.587667058643460472e+00
6.306817111382896357e+00
4.719389022132879141e+00
8.571391508871711196e+00
6.165816223717969002e+00
1.493093654741388665e+00
9.890022705921579060e+00
1.299259873957292477e-02
2.992783818647575256e+00
5.372164892933628533e-01
5.107959021171987857e+00
7.634620011774685189e+00
1.129384790189893462e+00
6.742764627571753877e+00
7.970127104056428990e+00
3.290118606827569181e+00
9.532781418377048510e+00
4.501616867108601205e+00
7.827719162160537536e+00
5.295887212112523557e+00
5.283732152803252369e+00
9.614989523662618609e+00
6.896329078351339348e+00
6.886689794369269535e+00
4.037643165731559236e+00
6.090945348941204429e+00
5.412169128253788486e+00
1.063081732580994920e-01
3.319139916607999119e+00
1.244965746412867169e+00
7.227337306462736422e+00
2.241698845934122275e+00
4.307045260562192723e+00
7.100213397240708879e+00
2.401895205867790928e+00
6.177636249561465398e+00
4.780315255135446861e+00
6.876729854114575602e+00
5.019249723711523004e+00
9.512821891671649155e+00
6.626395589227829230e-01
7.073985117048867011e+00
9.207071109941303177e+00
1.530979470464711722e+00
7.558955839444989167e+00
3.481443705832586666e+00
5.657764576008825763e+00
4.669091051473175824e+00
6.930007019104673205e+00
6.431903508566700012e+00
2.510579080416918352e+00
6.628158460996058210e+00
4.803929701704753086e+00
2.292930830458768110e+00
8.523203166331505543e+00
8.440899376780500063e+00
6.419935428876598849e+00
5.611819374119501269e+00
9.596318875522030112e+00
3.319113311784799514e+00
4.054189473804448163e-01
7.699213204600344973e+00
2.840295829028195662e+00
3.401246988100835367e+00
8.811289941524433900e+00
6.061161673809656314e+00
3.556665037427457765e+00
8.786189589677247724e+00
5.688666703270739422e-01
9.384300498755735020e+00
5.232134469143160160e+00
3.100154741939106451e+00
5.584478671878425615e+00
3.311023019914318688e+00
6.741536255303307357e+00
5.222027336851345680e+00
3.994451484914920414e+00
3.679904139804084373e+00
4.259794975667833050e+00
2.279125487758943081e+00
5.279265882877419713e+00
5.880650128809788768e+00
6.776856850954918521e+00
7.490568691166724413e+00
1.175442282118749349e+00
3.327828631250976166e+00
6.083599365366908707e+00
5.147180934152623344e+00
3.503422097689719905e+00
5.166112786647325539e-01
2.530683279205654390e+00
4.136970947056823000e+00
8.584384827440130650e+00
4.446148606583671281e+00
1.829239145802948885e+00
3.861672526738650912e+00
1.181482399880251499e-01
9.893483227591659102e+00
3.789357560013317805e+00
3.534410399917925716e+00
5.426489380247886629e+00
5.456329522659691733e+00
5.870484132052544712e-01
4.861966643036939928e+00
2.934601973230016370e+00
4.070304712460093288e-01
6.059745706397029252e+00
2.361393159226610194e+00
2.091680130783213354e+00
1.194952404893673270e+00
7.348190155509767507e+00
4.474733650686529174e+00
2.278461328579672873e+00
8.851209235945811660e-01
1.794486773477355079e-01
8.550953196485494345e+00
3.842158607315618646e+00
7.987861448572297629e-01
8.519557000179107220e+00
1.326916122866659276e+00
9.567798052061943892e+00
5.223077850649039178e+00
1.214074123237826042e+00
7.955610046230567889e+00
2.751067456986511228e+00
9.325758147283192301e+00
4.150948190572201213e+00
7.930957728694232323e-02
5.315141052028044655e+00
3.631355845126782445e-01
6.827437514646427452e+00
9.554282109189662364e+00
6.100408857933609319e+00
8.956326803465550768e+00
6.738478058523279302e+00
1.239170264069218153e+00
3.333147056089967641e+00
7.820249233942629274e+00
2.774414948004813031e+00
7.315646575252393369e+00
2.845177616181264746e+00
6.119738305481584817e+00
6.094684988102316847e-01
2.626399655099864727e+00
2.489736576856159900e+00
7.212746597239966917e+00
8.205952856740957202e+00
6.758077473115314149e+00
5.961074554047348428e+00
6.505368196959684823e+00
3.377185178459619408e+00
9.955340806965751188e-01
7.229501107593917730e+00
1.153452423439165209e+00
1.975539248250147706e+00
3.645743489806597459e+00
4.362551959515093891e+00
5.247191938082142570e+00
7.657067878763312407e+00
7.392835069302428508e+00
7.563204563137071457e-01
6.286870592112299150e+00
8.563315086550113975e+00
1.494762484960077131e+00
3.235744497650783202e-01
6.054167971108141089e+00
5.749841822140591141e+00
5.488233939759011193e+00
7.241498647507009778e+00
2.677587771834636143e+00
1.422438502412277650e+00
9.901542791481283246e+00
2.237836901003210421e+00
6.751863184112957939e+00
8.341407527271527123e-02
7.118680946857822711e+00
4.553302516783219289e+00
7.897834914783626203e+00
3.205876841216175333e+00
4.961454769250250862e-01
8.807488543161886341e+00
7.867671462774286972e+00
2.167932849622382641e+00
4.004281802981251914e+00
6.273675510389320475e-01
3.577564894275772289e+00
7.273529257827227035e-01
1.283891613335899073e+00
4.992219577442895684e+00
3.073584040550306540e+00
2.677259478530703340e+00
9.921847577495245929e+00
9.149550929779691089e+00
5.311208320558796991e+00
7.922570545145037890e+00
2.898369967137482739e+00
7.119870335009661488e+00
3.387118779907887234e+00
6.748764151999797178e+00
2.462883068840704404e+00
1.690420426517629249e+00
9.687422996169093636e+00
9.129940305842485060e+00
6.085499307721392803e+00
7.471382005245579272e+00
7.414731069519422846e+00
8.409308949283062162e+00
4.941632890878704387e+00
7.340204480461456349e+00
6.110434138019982697e+00
5.110100573958109571e-01
1.055749074764570361e+00
1.276696332370526044e+00
4.055380103796698776e+00
4.129619511934986775e+00
3.143914796715689963e+00
5.833235800481395117e+00
5.364522486450527872e+00
6.690355289150476281e+00
7.311010203418188524e+00
7.439261394787677339e-01
8.331677036280055404e+00
6.744401004687370360e+00
5.150507207870682613e+00
9.336118016400536845e+00
9.801333107863895222e+00
6.349895026389021702e+00
8.917025983887430840e+00
8.835554319236905485e+00
5.443694336576094805e+00
5.927291871912052201e+00
6.866915116177672473e+00
1.737144889877699772e+00
2.467881402893534748e+00
6.074724180177081045e+00
1.174340652039576050e+00
5.292705904399930272e-01
6.003944556325012449e+00
4.847268397644799443e+00
7.964347339121109925e+00
7.450276156753476986e-01
1.008457490449282679e+00
2.983573709955940956e+00
6.664863990600671251e+00
9.634467145721638204e+00
8.741222992766872757e-01
5.760567215149624332e+00
3.163447227381828153e+00
5.892415943874520501e+00
5.179849688436533039e-01
6.840503115516483490e+00
2.247079209732927296e-01
9.389097311371077836e+00
6.379152821352594316e+00
3.444365391812593824e+00
8.911792126746785669e+00
6.936848306660010621e+00
2.600989893028109456e+00
6.192014019178748718e-01
5.538291394121862332e+00
5.626944960763044179e+00
7.456234418757487603e+00
3.568904870333460266e+00
3.176002154243484643e-01
4.703284755991832711e+00
2.868442454260021535e+00
8.896726846351798557e+00
6.317680464451794542e+00
7.661237853836240674e+00
2.336009107836854781e+00
2.607051744928386761e+00
7.637162487422330059e+00
7.988787695289218505e+00
2.949107397727916968e+00
2.510342915017878873e+00
5.929973694312026034e+00
5.786252483335695196e+00
5.108780397793591277e+00
5.615721463169513150e+00
1.576862897628126259e+00
4.671556138169049355e+00
8.542213394632151235e+00
3.010863429006579217e+00
5.014008994067168601e+00
9.258419336412472944e+00
1.787358523853049830e+00
8.696658552382274365e+00
1.594024112573392271e+00
1.250674944953796830e+00
1.618686215871606437e+00
4.730109641305297430e+00
8.682641309214458758e+00
8.160868130869541659e+00
5.484350755521285592e+00
4.045477651419822074e+00
8.978107786162585313e+00
7.231863134389671544e+00
1.943876270824447250e+00
3.688687570346690592e+00
7.248979546437142929e+00
2.260216203050418926e+00
7.501951284634881034e+00
9.216569498642213087e-01
4.728317758698486806e+00
3.941166345997291209e+00
5.579681260820462896e+00
3.280643386966631603e+00
9.686725263269737596e+00
7.721030815503472589e+00
6.735231531267892535e+00
5.686614704641746343e+00
4.111332819484015744e+00
8.076448550919494096e+00
7.407059723888958835e+00
9.379599143827743291e+00
4.870534230290287425e+00
8.051538290431231815e+00
1.074683284520746573e+00
1.075349163148840992e+00
9.454916479928384021e+00
8.826616687796098759e+00
9.892718656505667951e+00
1.130372243090251860e+00
5.202748801688414027e+00
2.759572109535235462e-01
3.540636068685251381e+00
5.061261798792466848e+00
7.071336793728713488e+00
9.973018291955863646e+00
7.734777678899492415e+00
1.339134928707331751e+00
1.538225328951506876e+00
3.834421139693149350e+00
8.030293053949733917e+00
8.855524945061050701e+00
1.255272993509224388e+00
4.550953981323210051e+00
1.037103785462518690e+00
1.421910649797086812e-01
4.613693468305743117e+00
5.006251314566378952e-01
3.184764347691463549e+00
6.051753224246936291e+00
6.769224224029899872e+00
4.472476191033535997e+00
4.904656560642883800e-01
2.843483695325652594e+00
2.133189957171971685e+00
7.227382950110778914e+00
1.163200909942562200e+00
1.019270299217123199e+00
4.289592745166493692e+00
6.353339311422134372e+00
7.722320340015995654e+00
9.444951282031499584e-01
9.294779946114573477e+00
2.413241080575396769e+00
4.278596570452886105e+00
3.594427458204341175e-01
3.962752840458573012e+00
8.720492031611525974e+00
6.653340445584471574e+00
8.721980850793420004e+00
7.968679426204750005e-01
4.545152344494745478e+00
8.893853720756474956e+00
8.229155282336815702e+00
1.865300198308444957e+00
1.583196203228154353e-01
7.089022440975423223e-01
6.935926659199143085e-01
9.821222467767894315e+00
8.450094273617770213e+00
4.622813318544439554e+00
1.984172119930893707e-01
3.727541804900406319e+00
2.151812150170737681e+00
2.172601813687586869e+00
1.770823293554809608e+00
2.648204336255373104e+00
3.945111966363235023e+00
4.773481544566731571e+00
7.651491159459451907e+00
3.429128789840723890e+00
5.963476877673416610e+00
3.872942143462397624e+00
5.437168018801586733e+00
3.682999432636662185e+00
8.706866139582812636e+00
8.971968474029543117e+00
7.074808219195993786e+00
3.360881899847868226e+00
3.056502058636437980e+00
4.514877563640174785e+00
2.977856363375602555e+00
7.777396213641885936e+00
3.700279307881007007e+00
7.013113336722173408e+00
8.039888868915927134e+00
9.539203334298433035e+00
5.251128396928987918e+00
1.204132816990078902e+00
1.256988529182145875e-01
9.299956646382499414e+00
3.988432872603197232e+00
4.721039228598424842e+00
9.393278935473668767e+00
4.425246778355470312e+00
3.355587190149499577e+00
1.999313609081581067e+00
1.314127691858810731e+00
3.726672932524835780e+00
4.946770878654876746e+00
6.638521166753293734e+00
3.006604134835970665e+00
8.123125805768330210e+00
1.392517758665555716e+00
4.055861662232467246e+00
4.207307610431162637e+00
4.806476833865036546e-01
1.922096074160228873e-01
7.017459507083920300e+00
4.009266131965238955e-01
4.189771565487944827e+00
8.842222100154470965e+00
9.983947144063002099e+00
7.711164410748025944e+00
8.911176050599770804e+00
7.641049027304784858e+00
2.904420453467425389e+00
6.698992283005874349e+00
6.998772430851808224e+00
3.386460402326986419e+00
9.449122146515019693e+00
2.076641131251161454e+00
1.331628827721671460e+00
4.054187416984605719e+00
4.327936568795488270e+00
2.981575127188854424e+00
7.035038305256079205e+00
6.273861931871127506e-01
8.286662308820297085e+00
8.697329230394633015e+00
4.789455140877175054e+00
7.176111808943678838e+00
6.287755093501031567e+00
9.026823857068999146e+00
3.989063123358205232e+00
5.310544427583606897e+00
5.488250000393057881e-01
8.813237985288008502e+00
5.766554308135606099e+00
7.126602486129586467e+00
7.443642518976024469e+00
3.504013433035948477e+00
7.387632446886160942e-01
7.237350661809601959e+00
2.415877639625230167e+00
2.261334385699664828e+00
8.495944038639384743e+00
3.671061448223426282e+00
8.705502326727964757e+00
4.207957423993075707e+00
6.050846749658922441e+00
7.434111638581595294e+00
5.574719351880508267e-01
6.371639051815341404e+00
4.119584244005224605e+00
7.434690423329650244e+00
6.981295829695810529e-01
1.343650365113121525e+00
9.832127925641014343e+00
