9.869104439076995305e+00
1.498295399357533197e+00
2.025473974157858681e+00
9.922221724717989133e+00
4.010480017238720940e+00
6.134167438832870189e+00
8.826803971012310512e+00
1.312540512885371768e+00
6.506995688809447120e-01
7.147158309648718344e+00
8.056135732400122151e+00
9.565646748750529227e+00
2.852957107525295743e+00
1.585817231348862766e-01
7.246814209531894591e+00
1.240539846161669013e+00
6.610451768207918022e+00
5.069942014164418254e+00
6.378590005921457973e+00
5.991379039795686978e+00
6.524344227039650335e+00
1.024379793802877581e+00
5.208431800067666373e+00
7.367143372845717408e+00
5.849395306473547329e+00
1.671168035961447806e+00
8.507178536389512047e+00
2.385472409933925064e+00
9.066537696455412298e-01
2.119391641204271259e+00
7.688577432085240915e+00
8.660491938327252726e-01
4.455484638646366236e+00
9.451397541642149847e+00
8.833849634477642709e+00
3.702502226710998379e+00
3.593654344490101238e+00
8.361342006589984166e+00
2.896285524926576205e+00
6.151351492339570903e+00
3.721987682921463758e+00
9.956630459757587204e-02
6.303420977584915263e+00
3.565515915462180718e+00
1.323977991049983816e+00
2.754092964059684512e+00
5.034948534922167873e+00
5.169627872108424782e+00
4.742287286190586926e+00
6.473520400444995104e+00
6.660495666364351308e+00
8.871861765041536785e+00
7.454666145126008558e+00
9.984750278634674459e+00
9.607245956252718599e+00
5.389278038632049572e+00
2.325444363695119421e+00
7.643665049977155235e-02
1.132113312634412949e+00
7.282928816211031720e-01
7.548510214793353157e+00
6.963041507727258939e+00
9.593062872282555276e+00
7.528402382995013298e+00
4.224991470689221096e+00
3.058140653377500406e+00
3.054136014015551570e-01
8.623818708272322553e+00
3.904278409631907198e+00
6.493115678959347825e+00
3.006573267526101212e+00
4.541198985668435384e+00
9.544642461793756638e+00
1.534005012618833153e+00
8.599226726175612789e-01
6.175178625100713248e+00
8.342134128559386408e-01
3.365044805333938793e-01
3.703397123397560442e+00
1.079959344663018461e+00
5.130848026025605080e+00
3.625944457049775416e+00
9.810148456115397320e-01
3.287656199655165423e+00
2.521373626017033853e+00
8.348029092189332090e+00
9.410682878042286870e-01
5.360561951350381271e+00
1.452301740999829560e+00
2.645145742203898198e+00
5.062835403413016522e+00
2.488763533643749692e+00
9.730800924974653654e+00
4.329567582200732900e+00
9.778800693732110361e+00
3.619750254544396917e+00
5.661657576934745251e+00
1.976543991156668456e+00
2.902854765151682059e+00
8.041865292064981574e+00
5.245837054518263542e+00
2.608447465526069209e+00
7.991979937551388247e+00
7.516869079215700467e+00
3.443192587195882393e+00
1.020781822022858165e+00
3.201961589434993094e+00
7.752053428832540227e+00
5.915370804842164709e+00
7.303496470192538670e-01
8.680838367857198534e+00
2.981365123369893233e+00
8.148991667675653972e+00
8.223797293563656297e+00
9.657172585421005095e+00
6.307778166011236642e+00
6.450994723336112013e-01
7.865956706902870188e+00
9.017435553415126037e+00
8.963877722733958109e+00
4.965463928038947650e+00
9.668495627491138222e+00
8.376198644234793989e+00
5.965598557688900350e+00
1.370645005389592441e-01
7.255533787920442901e-01
2.533093174892993016e+00
8.421014901735979663e+00
8.842070861751313515e+00
2.278448038571826650e+00
8.488671838756789434e-02
7.060853715806247877e+00
8.067261309985356732e+00
6.131036263801707520e+00
9.652953730822121159e+00
8.373293028705450780e+00
3.657703807413585917e+00
4.981688747017494201e+00
3.920940327993349683e+00
1.855583026570739591e+00
6.778233213889101272e+00
1.736933507176385838e+00
5.145417897543225205e-01
2.134944240027316642e+00
1.098865166582726483e+00
9.893165246626486109e+00
1.050651516891177861e+00
9.982202022370925576e+00
9.471344791620911252e+00
5.715797990678757934e+00
8.349864919576962308e+00
6.200956496262119977e+00
9.462575235071904345e+00
2.147981275099797305e-01
8.365517578140357458e+00
8.101046148263401747e+00
7.305084910675002874e+00
4.600709813991581854e+00
8.423043093495385492e+00
7.157466365023554822e+00
9.790494823640687017e+00
9.968308303732998255e+00
8.847814662785358664e+00
5.577223138271259373e+00
7.925430530090408432e+00
9.647711874430250134e+00
3.000991657618000907e+00
4.373488448655333372e+00
8.790524022120383307e+00
4.257901180013954345e+00
3.402809491927861529e+00
8.402427846880332396e+00
1.391756798439940379e+00
9.395004188584843430e-01
6.061511904367671733e+00
2.347019981374764974e-02
3.325842418774713760e+00
3.360970610771247813e+00
7.641803478781096004e+00
5.843099854093671830e+00
5.615613433942082011e+00
8.372879436353750648e+00
5.977112276439559224e+00
6.979128399882498002e+00
1.251800664207861624e+00
6.828449320021179325e-01
9.789065267715997720e+00
1.190658232724239873e-01
8.516851940718817460e+00
7.841495708732010073e+00
5.018240724845149714e+00
8.438716976835266337e+00
4.674532267563175303e+00
7.891639105869334259e+00
6.788465138865332982e+00
9.111485412155897023e+00
5.468775937357460926e+00
6.819235896184461243e-01
3.471669301074781444e+00
9.361420431727923486e+00
7.477881617850200335e+00
7.626679553579787552e+00
4.142269487151222229e+00
7.337864496406364623e+00
7.252165237831612821e+00
2.551938359961608782e+00
1.412172999272969243e+00
7.154599419213271361e+00
6.787790685779111044e+00
2.626295889815242202e+00
7.052045401175862871e+00
6.635630911708631174e+00
3.978848365745562887e+00
2.076789822844447020e+00
3.929183111695548014e+00
2.378996438142100267e-01
3.674575755433140412e+00
4.563513345805625399e+00
1.231095730196393179e+00
4.348556088750560100e+00
2.371089875922234302e+00
3.923107578373357107e+00
3.680743033903488559e+00
2.559123608347118939e+00
5.716124124822363761e+00
1.909740165502862297e+00
6.797508595104507556e+00
4.652721466278042506e+00
7.440666675225708460e+00
2.693357731142758116e+00
3.256906235985753462e+00
2.980713913576439111e+00
2.590845650386091048e+00
4.452589448849427534e+00
7.822752772593974946e+00
4.751263390405957576e-01
2.286773351292492595e-01
5.529615675538645192e+00
7.369236161996612466e+00
9.976789388126983127e+00
6.113699802605808031e+00
7.928762469802460799e+00
3.579579984861998021e+00
5.113890051590541219e+00
7.947369438839898770e+00
6.481369175683521888e+00
6.959913369407889405e+00
9.956105115258859328e+00
6.075409836201965064e+00
4.094008485858157798e+00
5.402817875580756546e-01
2.741479066397414233e+00
4.202527641515152457e-01
2.731015938669552945e+00
1.179731246964733637e+00
9.796750777240344377e+00
1.316956632371394376e+00
3.519582313692271036e+00
1.334015579026018861e+00
5.435982981089981791e+00
1.715609274969011055e+00
8.910568226392385327e+00
9.630276015916049204e+00
5.691355971051123674e+00
5.341395922058600476e+00
8.910987916551011523e+00
3.195275364067378110e+00
4.343679117781432453e+00
7.826622490953639932e+00
9.785055321321010524e+00
7.904923522645425749e+00
1.260559977622783823e+00
8.787548086678700798e+00
7.312428425490979933e-01
5.442574224041916153e+00
9.910193930409748830e+00
4.024145446187564978e+00
9.226494569501204168e+00
8.744961358375833882e+00
6.770232342266123915e+00
9.263327081014342212e+00
1.965984161124250118e+00
2.564127542588356956e+00
5.439714625334996612e+00
4.372010304288503235e+00
1.783759078115378927e+00
9.181143532448949429e+00
7.950606916645903688e+00
1.832942678136563197e+00
9.351297246245312778e+00
5.359915534368992596e+00
9.825937736474332773e-02
2.160101036175406719e+00
4.519183226903020767e+00
5.816522838143045604e-02
5.848856980276988082e+00
5.326119433298792671e-01
9.590826189834460891e+00
9.813000755193884928e+00
9.637818191449055050e+00
6.138014950156107652e+00
7.708169652230059121e+00
6.525168149864350120e+00
6.026307313178621783e+00
9.778571244556280462e+00
5.019830313551146617e+00
8.904541875894814495e+00
1.663022797318636226e+00
2.450807285904386124e+00
9.661811103928169331e+00
6.192151066343813959e+00
7.124088328980416662e+00
9.088011337237134057e-02
2.468023620723878153e+00
5.327937669641369389e+00
4.543432998698564873e+00
1.688837607048383482e+00
3.579173067380654327e+00
3.770466445640743292e+00
1.814100508303277959e+00
1.696102803374174295e+00
9.917551439423617055e+00
1.401445371524795425e+00
2.468701389559229131e+00
3.899353646216652258e-01
4.915152741262305724e+00
2.984177497335235074e+00
3.047314030310681598e+00
9.800390497739098095e+00
4.525682030556615665e+00
9.283217540111987631e+00
6.748661939134138699e+00
9.867034977718509126e+00
8.998922890693227927e+00
6.593666844874201516e+00
2.211284884744910695e+00
1.497637129712411364e+00
4.097976814678015778e+00
4.575111551710580926e+00
2.950328131770039164e+00
4.183168009326456271e+00
9.826149139675306898e+00
2.734457897521579639e+00
6.859603116293090608e+00
8.419199413078240823e+00
4.509379837348368447e+00
1.246679074735184134e+00
2.974415978392952464e-01
2.392169700751878292e+00
7.524057471562325183e+00
6.503901593792171809e+00
2.584295777848214293e+00
3.238005785680861948e+00
1.353896898533710758e+00
6.056557776279501759e+00
2.212271056266279512e-01
6.443576741169312783e+00
8.672728645353233734e-01
7.963565664058835925e-01
5.723596426146844607e+00
5.062201246124931053e+00
8.291328472008139272e+00
4.666665849975019320e+00
3.300170203475347730e+00
1.321699258925957965e+00
9.981179295254476003e+00
4.281262076146637341e+00
1.860264810125834556e+00
7.980164673796302566e+00
3.257296822842938866e+00
5.438410151585237884e-01
8.603784550064897729e+00
5.567788675701555334e+00
8.526234987224935225e+00
9.152376216813042475e+00
7.825370883140870149e+00
2.502158408529646660e+00
6.282223686857903111e+00
4.191236167263419965e+00
3.627839305435386130e+00
1.194997942325846108e+00
3.209820938626684050e+00
5.349885111135225024e+00
4.864442086885394367e+00
4.464387984153661559e-01
3.602981677859532716e+00
4.332096697408127639e-01
4.982944373658487081e+00
2.691945766506339766e+00
8.626594040030362009e+00
3.846961918924451940e-01
9.548446477717604353e+00
5.196422525494911682e+00
9.595460771555528012e+00
2.780113714907579414e+00
9.893010539605601394e+00
6.473470568221728616e-01
1.687148915466275545e+00
1.812246114272459963e+00
9.583066759994608219e+00
8.474208733072641664e+00
6.031590509682667189e+00
1.943530882059828491e+00
3.675508761287584747e+00
6.427758160375552698e+00
3.197647106948264817e+00
6.517747585154295642e+00
4.121626073104308396e+00
1.947459975966228107e+00
9.326263081446459324e+00
6.736884799875120233e-01
5.005544399671517652e+00
3.751196764048740917e+00
4.034976534588739838e+00
8.729388485784999929e+00
4.719106104372746913e+00
7.689477923032111306e+00
9.903478833918859081e+00
7.128587368613138686e+00
4.682126628411409364e-01
3.684359918305941672e+00
6.034546300791907569e+00
5.870115067871565451e+00
9.316097451690929176e+00
9.345719119667158736e+00
6.739866834482866054e-01
5.613202783793236339e-01
9.519438308083909561e+00
6.586630884751735415e+00
3.123135812861788096e+00
7.387605386005008157e+00
6.346115146386201111e+00
8.128121367033692479e+00
7.837238863998495120e+00
1.891360095856039480e+00
9.028873971654157060e+00
6.666212410948020306e+00
3.337822666928262905e+00
4.008572460263135184e+00
4.311012421080596013e+00
7.367651965936701686e+00
8.505718749445362548e+00
8.934184216449281735e+00
3.634872540009036257e+00
3.576501127870768126e-01
1.066072969820497374e-01
9.019230697924092155e+00
2.232262522583627895e-01
5.914599114166221305e+00
3.334709388134753372e+00
8.270749376249732165e+00
4.296002454713292451e+00
1.146051655105972955e-01
4.616100712373465420e+00
8.748076812425818360e+00
5.308013720662859924e+00
6.423935306771751286e+00
3.011349089957718661e+00
4.083717991707109363e+00
1.206073762168509145e+00
6.101820710826590499e+00
9.458284562451664712e+00
5.138074015160087882e-02
1.797238402464306217e+00
2.215783141111116183e+00
7.667588931208257907e-01
5.562051061607661495e+00
1.035292874993253287e+00
6.436625275679364044e+00
3.527595065424877774e+00
2.208079486919936940e+00
4.948018491140110164e+00
6.880162186550579762e+00
2.271112396154394197e+00
8.664082425972841062e-01
9.444858759309450846e+00
4.576953995090043747e+00
8.077881804421069845e+00
3.258830751426300409e-02
7.510233697082957960e+00
5.126699214600537680e+00
2.518536395701831410e+00
7.277857710625566412e+00
3.651367105641587507e+00
8.116817133148659380e+00
9.140732936504194939e+00
2.993137911680920915e+00
6.274044259595470407e+00
1.075891002484639092e+00
7.218029873344544711e+00
1.779567508312738244e+00
4.596791745121354467e+00
6.214291227020702912e+00
5.571628297660197404e+00
5.335954485493573429e+00
8.209157970852107411e+00
1.799794965417581549e+00
9.285647855335662726e+00
4.093844806229707256e-01
8.015056255066795643e+00
