5.629172409815637934e+00
6.168177624764875411e+00
5.324955289189992058e+00
6.211095402358482787e+00
7.588980654565203210e+00
9.329055551491649112e+00
1.943775071421026679e+00
6.763544479064708348e+00
7.593538167553073315e+00
9.776902502910546744e+00
7.098382739040054457e-01
6.390635686154729100e+00
3.413131772722023172e+00
9.649880688254397487e-01
7.280048646893614972e+00
7.229053054863446626e+00
2.221536149359986112e+00
3.069681747615943479e+00
6.192005387953441797e+00
3.187901583011033324e+00
2.055893272095636881e+00
8.281278853569068232e+00
5.237549010080810419e+00
6.784500425034640791e+00
3.591899910659185124e+00
3.190710676611978602e+00
4.244850233283557372e+00
6.249893290238016874e+00
5.445247458770051452e+00
6.239604420021800379e+00
7.724869860786495401e+00
2.866665113345321370e+00
4.668645359200528588e+00
4.353472229704329344e+00
2.259106213361449456e+00
8.951757958894573264e+00
5.165837265562371883e+00
8.177691835041400736e+00
5.265737043618577751e+00
7.749799801746442007e+00
6.433539315979734496e+00
5.670626058860420926e+00
3.969883281113163243e+00
6.377330062608439931e+00
8.811319059872746440e-01
4.224356436976439255e+00
1.198961941767818784e+00
1.899862945822503590e+00
6.399893568230763385e+00
7.616978615490776150e+00
3.383953899954705857e+00
8.488667980704299509e+00
6.191570231666244872e+00
1.575905083606863322e+00
3.800543011997360665e+00
4.315426347508374505e+00
5.553100086380085898e+00
1.038123553778169672e-01
3.874366359419327832e+00
1.709548003239622638e+00
9.375076415455760426e+00
4.982425870612442687e+00
8.149567937650704863e+00
6.341112259145522678e+00
4.295507518275874403e+00
5.455123785588604335e+00
2.253686665537183664e+00
6.211409034925802430e+00
1.356363470435267837e+00
3.785795347050258997e+00
5.425643198635103914e+00
3.098427931416055436e+00
8.297636587956120025e+00
7.127435797149386687e+00
1.459055681047576325e+00
5.355777737468045530e+00
7.396329302913800419e+00
5.418728651262462392e+00
1.223435474909772003e+00
6.702590712548644802e+00
3.549994432241731168e+00
9.704281247151364198e+00
9.161178608447396954e+00
5.173770246897646530e-01
2.294312552944185235e+00
4.752877124084793792e+00
4.982127834399165067e+00
3.906248523705007081e+00
4.688167464771981763e+00
8.464845231583401741e+00
9.650418759891607579e+00
9.748439566883147833e+00
1.918082508579115331e+00
4.904204071569027157e+00
7.668032434762178440e+00
6.509847047835614298e+00
7.609532500745061157e+00
3.001251781256613071e+00
7.796372627470663730e+00
2.417572295564087703e+00
9.833577450372224860e+00
8.550769647553323694e+00
2.101517203570970604e+00
6.305367565634737659e+00
8.364535411416710531e+00
2.066001336628022766e+00
7.663616573403010612e+00
1.313298118746697440e-02
7.140198993903979385e+00
3.925588899006458021e+00
3.760688578196895726e+00
8.082639770367045173e+00
8.749884138590815041e+00
2.045869498578048784e+00
1.310591834895743490e+00
4.435482245982517391e+00
3.003788929444000999e+00
7.718087489002534163e+00
8.880079082927558431e+00
1.888839986333932242e+00
6.375264530882245317e+00
6.638287615094629057e-01
5.772812988532932899e+00
5.233981757290879777e+00
9.533986435235062729e+00
7.027409322973648287e+00
4.057657737319162905e+00
2.045658273138963867e+00
5.338562071110110274e+00
1.090020632314121496e+00
4.428801277331598563e+00
9.812096460577585333e+00
6.103624577229723513e+00
3.382138879251642472e+00
6.906688965739679276e+00
7.852352694513736964e+00
7.981483293336032681e+00
3.234314583701353385e+00
3.293991590855329665e+00
4.439239881105257801e+00
2.945496500198536705e+00
5.967073402331163123e+00
7.506958795597426182e+00
3.414110471894844512e+00
3.835816498111776163e+00
2.845327053345588553e+00
3.014693175161691219e+00
5.190004950011153362e+00
4.334607730184963259e+00
5.759577178809903941e+00
9.724452367988339674e+00
7.727943787913256202e+00
6.133482350057275490e+00
3.971803437147640725e+00
3.307563280436202291e+00
2.288441753860361860e+00
7.358820903815537662e+00
4.253873285921082825e+00
1.862847660901344460e+00
6.881906888128108690e-01
3.375789455726808441e+00
8.585263442383483934e+00
6.066692103761140764e+00
7.650237954243876981e-01
3.337527731326349389e+00
2.469681969664836441e+00
9.716243460429135226e+00
4.084893566921121710e+00
8.351241036429833287e+00
8.674870660858594817e+00
9.002056120927408145e+00
3.619934080315148961e+00
3.115416774907833197e+00
5.341683119050384398e+00
5.914611147817748993e+00
3.834240507877839654e+00
4.388076178590367249e+00
1.011759084963801403e+00
8.952847194438755096e+00
6.264642430949420415e+00
9.300448133236965731e+00
1.859518045118758733e+00
4.808687337197852685e+00
8.755790906655892769e+00
6.129572864686151590e+00
7.156894638656829066e+00
3.115343912898632439e+00
3.986912178663732931e+00
4.198175469929399384e-01
4.433846140393638002e-01
6.066978762837249572e-01
6.811687346982574276e+00
5.074943989043868342e+00
3.674049983456781909e+00
7.776198434691501404e+00
5.339415570965352131e+00
1.247484598695162150e+00
6.796885614132728293e+00
6.078316094852093343e+00
2.887166908572061708e+00
9.192360975540870172e+00
8.690599229830649364e+00
4.616903778278147463e-01
8.849418457016273720e+00
4.280086845137293317e+00
4.462216812558462919e+00
3.913695995066031053e+00
6.441380707742125900e+00
5.749474040769281480e+00
5.047170190097069131e+00
4.076831759821502921e+00
6.731327830338726059e+00
9.603408271819183994e+00
9.093501925651658269e+00
2.145534098878643103e-01
6.417017400298665741e+00
2.712823220871579899e+00
6.985079927075706685e+00
4.732335800198718800e+00
9.441737166765642897e+00
4.229843899916732042e+00
9.510691731662483051e+00
5.177343025808200938e-01
1.010865673968397438e-01
1.710132467224323438e+00
4.302594622225891285e+00
1.140076488813530631e+00
1.134814662226582005e+00
6.571182620325314083e+00
5.236108301193382886e+00
4.190780910289698014e+00
6.130674370226433467e+00
9.091713166658658807e+00
3.023717064730158111e-01
7.208413099658329770e+00
4.777681090986335199e+00
5.798403144991773672e+00
3.641116135779985719e+00
6.423998739173302219e+00
4.493583658959892091e+00
2.648420013403041118e-01
4.770212705284930799e+00
3.734079828752957297e+00
9.964169011771984330e+00
3.835994358945105098e+00
7.778881077166640345e+00
1.581024031672150221e+00
9.719663708845560635e+00
6.123597177073676789e+00
8.368446661203066128e+00
7.265915510523250909e+00
8.690340185854903865e+00
4.202106793937624651e+00
7.058907950045421487e+00
2.787544640564054710e-01
2.201625689618883719e+00
4.802898221533244083e+00
5.693238306412728100e+00
6.843723663684611047e+00
5.101470613312054425e+00
7.652658080946227237e+00
5.647609786088381156e+00
3.500584737084433407e+00
3.097964052127614387e+00
3.432140147587433354e+00
8.185830224996042404e+00
2.642042874764428895e+00
9.571662190062037112e+00
5.856422357114484001e+00
4.883426574439325485e+00
9.923797250286769511e+00
4.304869833236597998e+00
8.526603969201588029e+00
7.253799825515839572e+00
5.664311133408332921e+00
5.408926697020174146e+00
8.976358841966577629e+00
8.271001748872484072e+00
5.310515586774091190e+00
6.401538442708004872e+00
1.640122490670031796e+00
4.509657100531390128e+00
8.519214672900210061e+00
8.827055704644099166e+00
6.492254100560995056e+00
4.108379479188601024e+00
4.832075589359956069e+00
5.002101180079011833e+00
5.623292472732714486e+00
6.514294600216413933e+00
4.107591664303072321e+00
9.666746500954019439e+00
7.838109737952335010e+00
4.764049794610257571e+00
9.392664095718256334e+00
7.350568090773723640e-02
9.122390161153573374e+00
4.160865816139828866e+00
5.775179697485572916e+00
4.986083055128021080e-01
9.680174248280103200e+00
4.704617668483014548e+00
7.719049962468769621e+00
7.314982146897399673e+00
1.359864532439414297e-01
5.235066529319364115e+00
5.573924017052221735e+00
1.359896497125233639e+00
4.966794256621312798e+00
9.751692247951726511e-01
6.028990599312758825e+00
8.822332989902466949e+00
9.476423642218334553e-01
3.835601491105744554e-01
2.026497740524280111e-01
4.940074591623621281e+00
7.227755440315424273e+00
9.784572183782424659e+00
1.356915246857404167e-01
8.459377201498806897e+00
3.168517321654443997e+00
2.995922151591656757e+00
9.702574594219154136e+00
4.184946119417543020e-01
1.080383620155658253e+00
5.837648189064448268e-01
1.355186714287196503e+00
4.771415764491973022e+00
1.825735367131231524e-01
6.956913561502824805e+00
1.761830351397370986e+00
9.181736713842816755e+00
1.816973504168040154e+00
1.573801664201388562e+00
3.558177595597744602e+00
7.174165704666468635e-01
6.788794086651193993e+00
6.219303988242072201e+00
2.973245397382027200e+00
5.959000638621439805e+00
8.735671410269205239e+00
5.239305037154085909e+00
2.679031483912176270e+00
6.261000693983405974e+00
4.500067378187399214e+00
6.975608604347574015e+00
7.138040779695202787e+00
2.001695996883380069e+00
8.681248133260154987e+00
5.954854470392922927e-01
6.747595575677388879e+00
7.955778617802938157e+00
5.826481265896592987e+00
8.643031883087529010e+00
4.892366170158135574e-01
5.127181065206938726e+00
5.061012368863715416e+00
7.070113433256786983e+00
8.480278506060098920e+00
9.448307444477210382e+00
1.969711645029820213e+00
1.935804014315943844e+00
8.029482256808545770e+00
7.637002759853880107e+00
2.858749724200924103e+00
1.474072730777420404e-01
8.617001950448603509e+00
3.430020460529608961e+00
5.449637026364819725e+00
1.825846661824925832e-01
1.664295069489808432e+00
4.041978410608154881e+00
9.167867630951167968e+00
7.822146904790272526e-01
9.249146351292873547e+00
2.001857281156932622e+00
8.352769721047714313e+00
7.987248839210664642e+00
4.543519110062455013e+00
6.550513371562059817e+00
5.522814525683742204e+00
3.215337628363633904e+00
9.112587668059751067e+00
8.557731865865470411e+00
1.503576419144374565e+00
1.366445229412248663e+00
7.572477886037356498e+00
3.644582082716914861e+00
4.133505494994382801e+00
6.600615687344676630e+00
6.012314126958971272e+00
9.417739392925227548e+00
6.803870113793468732e+00
6.493499563637639582e+00
3.960247189751587626e+00
3.704467928350751116e+00
9.732848192951678357e+00
6.733002040382656261e+00
3.996747860350150283e+00
1.180584920515199698e+00
1.450841865807799280e+00
9.680716036778658218e-01
2.434543799954680399e+00
7.151806867681797186e+00
6.514356233142265751e+00
5.507862946614912047e+00
1.229433747416551759e+00
2.666231883231028554e+00
2.643255426285622267e+00
4.652540549146922721e+00
2.255463027129954945e+00
5.555332078337195334e+00
8.111332607508403569e+00
1.822416153489608837e+00
4.294449034981453472e+00
1.225013338252497475e+00
9.696893525266919056e+00
1.140155196686679639e+00
7.995360363192773434e+00
2.274589409640668247e+00
9.665099139256801308e+00
3.815628488185396350e+00
8.236175319510655513e+00
7.706693882621248548e+00
1.773300285442741542e+00
2.135853375952180500e+00
8.954437462699230466e+00
3.516139960370093576e+00
9.812795904765275523e+00
9.710230241764788772e+00
4.973677783960949839e+00
4.270460064201808237e+00
4.352014447304243916e+00
4.190355963625322921e+00
9.142467070660366346e+00
9.134241430219043778e+00
7.689275781339085292e+00
3.341338360962722298e+00
3.618663614779638049e+00
8.082558245607329717e-02
9.584251073047671099e+00
3.067897862454826097e+00
7.133406224387933037e+00
5.952567323657385501e+00
4.481010226803646468e+00
9.217258427984145186e+00
1.947028249697024815e+00
5.087621491942567076e+00
3.516617756212967461e+00
7.835459267465705313e-01
9.772960843502824346e+00
3.049583884240924192e+00
9.524552907377465516e+00
8.073348540178844956e+00
5.348353286360108427e+00
3.532107193889872043e+00
1.018262210008692437e+00
8.809754738323503531e+00
3.063681218591018940e-01
8.415333335921605595e+00
3.479706311639887417e+00
1.053499396653068132e+00
3.448503720697824182e+00
5.546228021565982047e+00
3.097931306945956642e+00
5.859135932521657431e+00
7.102012323448683162e+00
4.184761449983493975e+00
7.458940276221581733e-01
4.073191340580740061e+00
1.492570418766356877e+00
2.666639688415919363e+00
4.030764939103715250e+00
9.314743803476577266e-01
4.307267811736585017e+00
9.483713833751428179e-01
7.919856055089962155e+00
9.002719176721015515e+00
8.218922177634235826e-01
5.965998908947155677e+00
4.701813175686525348e+00
7.130837534661742083e+00
4.654704424009104002e-01
8.692268201561750729e+00
7.522150417922414789e+00
5.670710204199015614e+00
2.302735854000760085e+00
1.676112092181980540e+00
7.246004161913539576e+00
9.856215437691840719e+00
4.224533327358026558e-01
8.191499004983894494e+00
7.601446732833471387e+00
5.246284321906788506e+00
8.689270766636353116e+00
5.046519885869886757e+00
6.598492301738061450e+00
9.375663857844486415e+00
2.326236404855770434e+00
3.481253226151764579e+00
