5.265403776752030751e+00
9.425187873764176771e+00
2.132018293167746492e+00
5.069930698807016967e+00
5.507633505499841320e+00
3.897664176280558834e+00
7.547759509939000466e-01
8.053538781181307726e+00
1.753875378015163911e+00
5.161788945059608835e-01
9.445712789046984525e+00
2.237073649821412769e+00
9.875347893635353813e+00
2.329173096242663554e+00
9.383248700298452150e-01
7.019990514914029589e+00
9.110730276572091668e+00
5.461428869147376908e+00
3.941907268136191078e-01
6.463335359934482049e+00
6.426255740342961431e+00
6.176620185456851431e+00
1.762731074746045623e+00
9.580800001788118081e+00
9.906848601508622565e+00
4.847277636031073200e+00
6.810294368962726885e+00
1.950309620989519876e+00
1.302751042406337101e+00
8.203322298742952157e+00
9.015463112289168635e+00
3.837564559376707152e+00
2.887280827459839383e+00
4.873457176042350625e+00
9.137067302428075521e+00
2.664363874739394955e+00
9.287514173760992975e+00
4.794179191996195133e-01
6.608655699316350329e+00
1.605465317711231021e+00
5.367760003447946460e+00
1.548007305314497151e+00
7.393573338413500728e+00
6.611463481909462203e+00
4.982803126306871278e+00
4.451825885350096712e+00
2.294712813547713282e+00
8.457801475570271066e+00
5.127391602420871664e+00
9.079511413631655259e+00
6.009099601167333660e-01
1.618118463351400083e+00
8.554171129691658493e+00
1.420029926212101890e+00
4.554901291894436710e+00
1.299879406813413407e+00
6.403827061728152081e+00
1.711320529092553722e+00
8.561185351800459920e-01
6.380309934027935448e+00
6.929486758396094181e+00
3.104571738551609172e-01
7.879870081644329005e+00
7.205411076463703601e+00
3.623840373783010271e+00
9.382864236986421247e+00
4.120447018371304893e+00
8.979467964836940652e+00
9.644082293871523603e+00
9.367573059004058678e+00
4.120876197954981279e-03
9.002958101442677830e+00
3.021093565527692704e+00
7.978572871368218244e+00
5.390845721266693147e+00
6.581826855851012681e+00
2.400664364995873434e+00
9.828235828348072189e+00
9.758843355647840667e+00
4.026574873827032164e+00
3.783224778377991537e-01
5.443025027323157516e+00
5.619010544091185722e+00
1.374108456900043906e+00
4.263186317172556805e+00
9.102358113741503942e+00
8.452154066230185947e+00
7.478385057220577892e+00
2.658606758692511285e+00
4.542724527563199999e+00
7.606745165120258889e+00
8.951121413533766003e+00
5.619894176438904765e+00
8.049554807463429995e+00
5.436398413297029997e+00
5.431208000809595760e+00
4.438989980925257761e+00
8.344224899468802192e+00
4.263756835821848945e+00
5.291486139573237324e+00
9.785330162294899381e+00
5.440311944126068333e+00
2.006179157691762249e+00
6.661691065700350300e+00
1.894175689521515604e+00
9.720216126693534520e+00
1.665635760022901035e+00
9.445049481405142444e+00
7.157889895284669457e+00
7.059234994255309203e+00
4.420456214293315256e+00
4.551723183659733607e+00
4.802185268667178875e+00
9.032708865862828063e+00
7.598043407838206420e+00
3.286967389398945727e+00
8.518906744947996046e-01
5.012355960423654722e+00
8.655825627537062417e+00
7.513608540399255631e+00
7.811259200377596912e+00
1.281584747514070699e+00
9.198885397432151834e+00
5.388464816078962549e+00
9.062723368644014954e+00
8.308818930426049576e+00
6.232583540177553338e+00
9.846745481134076883e+00
2.489968258676661605e+00
7.668200536934658196e+00
6.317673710274545940e+00
7.744511569265943862e+00
2.891995911416170628e+00
6.303584956233551750e+00
9.052692906476302426e+00
3.870566984005501254e+00
1.885831778985295193e+00
8.854745600183523635e+00
3.623468919056045401e+00
4.065412128579279027e+00
6.715940757526028815e-01
5.733733417121985809e+00
2.144182182062285058e+00
5.670494742020663281e+00
2.497304432089173520e+00
3.034954318123262773e+00
9.814046982639192507e+00
8.737314260142037270e+00
5.390313723159515291e+00
7.911817237098763833e+00
2.390316173918987097e+00
1.028968727652208592e+00
5.896629533286363412e+00
4.735855127298832734e+00
9.205521768263724702e-01
1.798280331294094259e+00
7.334118792253949692e+00
4.068576716111893532e+00
4.594742470517290123e+00
7.349100889336545706e+00
7.298900432555516460e+00
6.450846738594617769e+00
4.483596285206323806e+00
7.812421417457708017e+00
8.447320197819259135e+00
9.090188827607001087e+00
3.836512345146286584e+00
5.665718844997106096e+00
4.470012930339408719e+00
3.809607755268571427e+00
7.241145965531612383e+00
2.908311658085350970e+00
5.334201408340670802e+00
6.002961895104197421e-01
5.845051735127523074e+00
9.032366456074691907e-01
7.233628894540268028e+00
3.743577359232908019e+00
4.581366218135119794e+00
9.348928057840710792e-03
9.429784861781062233e+00
8.969046313455974584e+00
5.707757261914814251e-01
6.564933053391726503e+00
7.405897218718978436e+00
5.915169966565675175e+00
2.439772346588632068e+00
2.484194628398762816e+00
8.447829818422769588e-01
3.683729524446730519e+00
7.311558529530572059e+00
6.244448656145818788e+00
7.123334569591488474e-01
1.267381497732793516e+00
7.128592014546403455e+00
7.632228715479188352e+00
5.064752170346028315e+00
3.603147076855737208e+00
1.536916518285066369e+00
2.671930419258504941e+00
2.920860985284695843e+00
6.425855657803255738e+00
1.655315334849160047e+00
7.783979187504574959e+00
6.528741810453114525e+00
9.249218924993387603e+00
8.860079281054444422e+00
4.957318568938190673e+00
7.550079947672125869e+00
1.247718178142814827e+00
4.410900920443003415e+00
9.104856495676184380e+00
4.828145138446577000e+00
5.660140144514965499e+00
2.927376894390509854e-01
9.446653999807665514e+00
2.272843337032715016e-01
3.151543253770960895e+00
4.807006375271418719e+00
7.715338752896623298e+00
3.189013414033428973e+00
1.240168803198197223e+00
8.562042741829380077e+00
2.733573270646770581e+00
4.724709688707053878e+00
6.604714641319459290e+00
9.128411162529207701e+00
2.538578336050520967e+00
3.082373678281645546e+00
9.043216574382572759e+00
4.371962910169198580e+00
1.492650057556710319e-01
3.234402238418236930e+00
6.607677135698384774e+00
3.723472797717048977e+00
1.969501023568672737e+00
9.035699765904192660e-01
9.886390837358649541e-02
8.058321260598287239e+00
6.972240430275627787e+00
1.649975137421350047e+00
7.312666325599240125e+00
3.161813501109556057e+00
1.608107299458632067e+00
1.359576144817624677e+00
3.219232248597740931e+00
2.321249163948218008e+00
7.431213571152902375e+00
1.298976425079922947e+00
9.287354357158823959e+00
4.740811363028811343e+00
5.443264239040832564e+00
8.048430037990453201e+00
7.757684060333448706e+00
6.644148261585485216e+00
1.594474563840774239e+00
3.280064528874283347e+00
5.334250011159859639e+00
7.541644327922264246e+00
9.788878879853555759e+00
2.550394926736299972e+00
9.835933186261527794e+00
7.759503666572153957e-01
3.095358561587133739e+00
3.903341345853841293e+00
7.816521117010601927e+00
3.112274662006270454e+00
7.223451697855171716e+00
8.952457012429027472e+00
4.588403526307685887e+00
7.839959479237256446e+00
9.682539493979056999e+00
4.249838756805769613e+00
9.114750010335933794e+00
4.118148231763503198e+00
1.050679220214824072e+00
9.486014883650621954e+00
3.590041375040700977e+00
1.874391395554639850e+00
5.064959021327974931e+00
7.906736351138327734e+00
6.570844079318950648e+00
4.336567833217523038e+00
9.957475112153904462e+00
6.925013794067349515e+00
9.341353154262622027e+00
4.614650139162895570e+00
3.191866307381623358e+00
4.331719234781372663e-02
1.547325356834149401e+00
2.854454581517479106e+00
5.051141452800136378e+00
3.556407953785948095e+00
7.939369131041134509e+00
6.787057339447627236e+00
1.084232792974392234e+00
4.857680293731955423e+00
3.613362821635207389e+00
4.297293727364857041e+00
5.420758461415590368e+00
7.664304946147328046e+00
3.739202823363724448e+00
2.691380738506300219e+00
4.387224072972749411e+00
9.603861263059890518e+00
4.805057165547903963e+00
1.573962654614047274e-01
3.510411348069609971e+00
1.298032355565711393e+00
4.287347847207674256e+00
8.624519538349883163e+00
3.761239634300350687e+00
6.626476355781809602e+00
8.885143297208031754e+00
1.780841712458944848e+00
8.000227830294722509e+00
1.031163678629477554e+00
3.203255122314722314e+00
1.832575349443081869e+00
8.733306903877946503e-01
5.094382933911427713e+00
7.415066453517694001e+00
5.352399023403963341e+00
1.515324599753874457e+00
6.989251975385823989e+00
2.507785552639360205e+00
2.495322700452721421e+00
5.019087170319862068e+00
4.753828073231557205e+00
5.132933281480580590e+00
8.499824600590969226e+00
3.505928219395829437e+00
3.516775394744681371e+00
1.619655089912572787e+00
6.286909115637094203e+00
2.057739980484592834e+00
7.139906050134939619e+00
5.922663053551166179e+00
4.049464350604690566e+00
5.943543659671602697e+00
4.319809545947974172e+00
7.582709377771028159e+00
2.041022223101545130e+00
7.687402067686405438e+00
1.427559308239021441e+00
6.992499798726550253e+00
4.970428290049380138e+00
3.628271200318837764e+00
5.305745015243359397e+00
5.218313062553740167e+00
4.532785033682673159e+00
5.703097987732196117e+00
6.206395510770165380e+00
3.824855502701710819e+00
2.802437338811705203e+00
5.180123090176811829e+00
6.672704692492076539e+00
7.013415397603439683e-01
2.650736610142938598e+00
4.894330493690890904e+00
6.156362836049526166e+00
5.015893521339075178e+00
6.313323793764530123e+00
7.134608061242536436e+00
9.562095394828382666e+00
5.758343085637807945e+00
6.175864016378143972e+00
6.806022980946357492e+00
9.589718285314209112e+00
3.356887845091160116e+00
8.341956697201158732e+00
6.952386142380771794e+00
2.749588079534151852e+00
7.367359987100203789e+00
9.396761608882236771e+00
5.040350251934422321e-01
4.711282008944808197e+00
9.254009092272966086e+00
4.394870125548160367e+00
3.254802142874875237e+00
7.879707436464800097e+00
4.218200897379523084e+00
5.914642631035458287e+00
2.264088609080649128e+00
1.645059421564163404e+00
1.980857672678204562e+00
5.206747244683729292e+00
3.519368927877912778e+00
7.245606731134901501e+00
9.895687284097953729e-02
7.268986061474053351e+00
7.199124448527614462e+00
3.119347379133729170e+00
2.416836809656808249e+00
8.318873092895573862e+00
9.359816947010884292e+00
1.879371394771712778e+00
2.636284032113610287e+00
3.871782666308334342e+00
3.853080844601194599e+00
7.813288387217653508e+00
4.376759347835433189e+00
8.918055501987506517e+00
7.717558774044519510e+00
9.814781945008288488e+00
4.710089140524114093e+00
6.953990079138536728e+00
6.995875787166086823e+00
7.709005618494750856e+00
6.655107168492492065e+00
2.805962395834999956e+00
3.782192284374460201e+00
9.764375268665974161e+00
3.391543842031952138e+00
4.003133080549282852e+00
7.928645690384943379e+00
4.621288924319233438e-02
3.571892402355036911e+00
7.808271099143649252e+00
3.112775649251120491e-01
7.700472181397012505e+00
1.574081195980040482e+00
6.382673465954691316e-01
6.436890240891223414e+00
1.872543231642598283e+00
3.566801995049873053e-01
1.654663958884610153e+00
8.669813987906341168e+00
6.235648315337662950e+00
9.505924380128325524e+00
6.486123262777883092e+00
1.271676945620685562e+00
8.669499511702134953e+00
2.582190674490421056e+00
5.410562865414724421e+00
2.308483789728309254e+00
4.816075299394206866e+00
3.641973629243339339e+00
4.178785462911555726e+00
7.011107557533002854e-01
7.076534908903722609e+00
3.662407573119821347e+00
8.904605999324875398e+00
7.200247083550310734e+00
6.846177338114692645e+00
2.875811129953520506e+00
3.944821325100300591e+00
7.113886186803492606e+00
6.701323597137617050e+00
6.876039282010184550e+00
3.013084908429900288e+00
8.423674129327723747e+00
5.616551587591973593e+00
8.698578995380239931e+00
1.526089586020890065e+00
2.492374006292386923e+00
9.971157547528674669e+00
4.225864450962752983e+00
4.711085714066939545e+00
4.494834600710206018e+00
5.873544658273304186e+00
3.629330181954740553e+00
6.823551210286145086e+00
1.367452985556830702e+00
7.201529775346361184e+00
1.740473734356486890e+00
5.737867190095906622e+00
4.777871088345097661e+00
6.256600526727290834e+00
8.796302876270852167e+00
5.008096094238978502e-01
8.985267986926341877e+00
9.832654464831593444e+00
1.030882709862479540e-01
5.652322386500578943e+00
7.787578308418159345e+00
8.285820292802689835e+00
4.362291842905905881e+00
8.460486624020924218e-01
3.671245130813293400e+00
3.116152639930604984e+00
1.693401459591467040e+00
8.484879006073382968e+00
8.981914720774344829e+00
6.754033595169742554e+00
9.571462558619206362e+00
3.845020933310002498e+00
8.309007914230297942e+00
3.015669993762299050e+00
2.080554775568586034e+00
6.220190387545720512e+00
4.385263188098409870e+00
3.764677687535245010e+00
2.921462112371253639e-01
8.126282009531957229e+00
8.788997863260135546e+00
2.267756940727285730e+00
8.752936507481956951e+00
1.163524700872617945e+00
7.532445405798049443e+00
