6.872519392087213852e+00
5.223623403666037390e+00
3.781102845994488426e+00
5.071908272732934542e+00
1.896286883013390545e+00
7.090750485656205360e-01
4.395063355756853696e+00
9.118785009827181653e+00
3.446288229720875229e+00
6.814637859782635587e+00
7.053586935406946701e+00
7.003571498721705701e-01
9.915214787182724976e+00
3.073474457625558820e+00
7.790826684057955198e+00
5.574717814689496009e+00
9.207251209746004861e+00
9.786907818083694366e+00
9.835423034888059135e+00
2.608632051355627368e+00
2.375902203132962409e-01
3.534292476723945864e+00
7.249829816775916314e+00
4.500075509127096751e+00
9.393639976792316659e+00
7.636950020755484125e+00
4.178317637899794157e+00
7.611208143293508144e+00
3.364989177208798310e+00
2.471033345750127452e+00
6.743101426349912053e+00
3.140594651468295861e+00
2.808735407533439421e+00
7.546402821872958633e+00
9.304577187221738654e+00
8.693180438654549036e+00
2.877141337509041552e+00
9.978229272282190365e+00
2.326638857213795042e+00
5.808671961969114061e-01
8.777482012286981217e+00
8.729520215039288100e-01
6.968075822780260609e+00
5.646290650715712900e+00
3.361105787941562895e+00
7.737201413675947492e+00
9.145385036832343051e-01
5.364950032809882252e+00
4.525325580437280948e+00
7.696283218395343795e+00
9.589075143921268918e+00
6.981933965632935113e+00
8.522688254540847552e+00
9.540670858069814741e+00
2.542232618785689180e+00
9.517097166654169271e+00
1.712309078128212425e+00
4.091399719260894408e+00
1.988180093377834856e+00
3.619309465099163070e-01
2.220941478789861812e+00
6.072453848564818291e-01
8.999810579829821577e+00
8.701260046996917019e-01
3.221990548521999287e+00
2.767437001927879336e+00
7.686835559201162127e+00
9.415411431694408861e+00
1.715628693348653089e+00
5.927230824496043660e+00
7.897906880112419259e+00
8.344305621423545816e+00
1.033706452461781167e+00
2.552303736985238380e+00
7.649466184704939664e+00
8.166408633125343819e-02
6.970970289898624550e+00
4.994490103329850328e+00
4.168917713633915945e+00
7.507114871770622422e+00
2.222897926681973502e+00
9.256833296834471980e+00
9.848947868625387514e+00
7.011250492850678029e+00
1.647351534876925205e+00
9.075605021169268483e+00
1.841709964751208073e+00
7.436469736157724775e-01
1.627428221059097346e+00
8.851017281780615420e-02
1.535104669371485375e+00
3.480189277719503149e-01
8.224863759150839115e+00
4.055136606976377678e+00
3.494049893666653084e+00
5.122473148648008845e+00
1.914108090199729828e+00
5.628545045017916415e+00
6.013853992927074898e+00
6.961414778150425420e+00
8.411494254018212047e+00
2.418931595577655802e-01
7.001374414244115663e+00
8.603475666117541110e+00
2.134854820749167104e+00
8.028019784351712929e+00
1.816388173000622608e+00
8.445518761560105503e+00
2.532168537151699983e+00
5.176485048368565600e+00
4.540743701770230345e+00
8.626242330013911275e-01
9.413166373054574265e+00
8.087272718677922967e+00
9.893580546205113180e+00
9.825940903519803094e-01
3.957790823368378952e-01
6.261972803629799245e+00
5.761576944362737152e+00
5.232220563698271931e+00
4.893962785326704257e+00
6.617636484040641420e+00
4.224236130618953311e+00
5.762573236463345516e+00
1.848625780889741055e+00
6.413368755578794378e+00
4.705746293367742084e+00
6.824384674576982945e+00
4.611790142117282443e+00
2.571971388206066855e+00
7.698415091631117591e+00
5.806967862560723503e+00
7.212244873037176873e-03
1.082564034308196588e+00
3.294205169910924269e+00
1.179253828200156340e+00
2.724281968323484016e+00
1.194631878234956313e+00
1.871141978699752961e-02
1.107378051309032552e+00
2.710554935147685640e+00
2.797869265263726923e+00
2.527268250403333916e+00
9.220639890641024294e+00
4.290441351963192318e+00
5.916192083730407170e+00
5.802418788468713728e+00
1.272712700733074076e+00
4.875899195065231950e+00
1.615291100578304384e+00
7.178018045323552698e+00
6.877000949348527570e+00
1.438372717722952165e+00
5.172171887038478744e+00
3.266228026968588161e+00
7.237020586284691248e+00
2.472726701458352050e+00
4.991866333441789649e+00
3.199939420206684204e+00
4.400551007238559187e+00
2.905651394458150794e+00
1.544233316076083495e+00
3.506815289941473957e+00
6.780771094457236359e+00
3.159238342553271295e+00
2.428758056176636426e+00
5.320799014847109376e+00
8.483674438513075344e+00
9.987980850497124585e-01
7.423440209232379239e-01
9.699382307569553774e+00
5.280752132568270696e+00
7.024084001743400307e+00
9.890185125524762810e+00
6.794906727605559027e+00
2.297120979352706094e+00
3.796861051245881136e-01
1.495227865853084870e+00
2.389910316842024152e+00
7.576471572500321550e+00
2.405565992426983435e-01
4.069588219354701941e+00
4.388635750693799409e+00
3.201490384404546141e+00
1.921525758590545419e+00
5.859537944061498749e+00
8.383154028252242540e+00
9.061962360907928726e+00
2.905367916357008973e+00
9.976317011952509972e+00
1.376467876363006715e+00
4.130746461769863487e+00
7.971177402831447267e+00
3.034744206135595590e+00
8.906612352925320053e+00
8.080025975741476074e+00
7.477110756375116019e-01
2.189235973541015845e+00
8.282118278398142408e+00
6.379037789478418929e+00
2.199888723902745369e+00
1.247148730393320415e+00
2.661785089691944606e+00
1.098570500183424503e+00
6.981734171560294300e+00
3.261349138161429906e+00
5.789671081322680379e+00
1.490394206830898405e+00
8.373980252044715300e+00
2.884624611569879260e+00
7.676169963445476085e+00
7.932611963182438330e+00
7.931337356693521023e+00
8.048274312985320478e+00
3.525415263712742053e+00
2.130416509107271317e+00
9.929637070620694672e+00
1.242105636987922423e-01
6.390334551908191330e+00
6.220055255020166207e+00
2.157640428371676578e-01
1.395226816245083157e+00
6.962251368268709939e+00
4.422642180559414271e+00
8.442838655022177896e-01
8.900383583709549740e+00
7.732809969860904076e+00
8.824485958894396020e+00
7.520042654794304227e+00
9.044043797590572975e-01
7.656558189472667308e+00
6.588405529746921285e-01
1.271469695019282753e+00
6.251624356035189400e+00
1.041564047230284507e+00
5.576535037209132462e+00
4.499018465831302827e+00
7.979259328336196777e-01
3.025279355553427418e+00
9.823890695706179343e+00
4.695346232741281156e+00
4.698921007775069825e+00
5.647271480143318811e+00
8.472628818702609976e-01
6.052056077878642526e+00
3.075750156226011445e+00
1.430094102287543523e+00
8.420902143046479438e+00
3.955488477647928214e-02
3.043834357134516999e+00
2.000889995983005321e+00
5.680773380869620581e+00
2.398764072994772345e+00
9.182067080168877737e+00
2.040269802580854108e+00
9.507734352571176828e+00
9.623861249664610540e+00
6.722022482762422868e+00
6.412602780056076313e+00
8.953750963610371372e+00
6.010935701063870873e+00
8.828557162676464287e+00
5.715098542713279883e+00
2.347267623067277320e+00
1.649424023206347290e-01
3.973121442179792240e+00
4.251084241869306446e+00
9.414493948199725182e+00
6.101634345536181669e+00
3.029730536033495625e+00
3.453404143950212557e+00
1.879059983822490842e+00
5.671065753559667577e+00
7.964688335030145616e+00
6.143051701230245243e+00
3.344018574145442013e+00
2.882722140908570374e+00
7.356847467293894383e+00
4.598702848732331816e+00
1.979623871349058817e+00
3.662947552848399901e+00
7.350107380893570408e+00
6.926676347433174286e+00
6.462527746726967059e+00
9.747176782373784931e+00
6.773667343072908409e+00
2.667334234807186011e+00
1.516225284431068632e+00
1.745614185823186615e+00
6.242946475570883891e+00
2.233501632529621972e-01
5.449911208662177486e+00
6.316182389560759169e+00
5.596149761744769968e+00
3.739503731918726537e+00
6.600131446943889202e+00
3.507347909764404470e+00
2.326007487616834624e+00
9.491990994371334978e+00
4.639631840676406327e+00
9.398288612794603480e+00
4.669465966375615729e+00
1.320747572887843724e+00
9.776350340053411969e+00
7.718947744681059486e-01
9.731317851437532696e+00
4.187077791904746604e+00
8.832275369878635374e+00
5.081930936005505828e+00
6.619470645306768652e+00
2.657426129596862641e-01
6.163305224961421303e+00
9.135821666440433475e+00
7.588440023906672938e-01
9.296336423881031763e+00
1.350444223894803342e+00
5.397898327029245991e+00
7.285736856665424810e+00
8.290510889572816566e+00
9.515360148456062817e+00
8.805013921222062834e+00
1.399787990766780954e+00
1.372804285959579040e+00
5.800635862368794804e+00
2.594057619855250074e+00
4.972715203894764180e+00
1.996497667932671805e+00
4.939312354704594732e+00
4.345645356477888299e+00
6.250635248968815283e+00
9.446821190817654923e+00
6.573009292980364293e+00
1.837864573115948197e+00
3.535300287427161070e+00
2.065834903205956419e+00
4.326302163372131027e+00
7.758775726461969668e+00
6.806259892380248644e+00
2.670143967318537648e+00
7.793829938930155521e+00
7.193402711414261574e+00
1.011596240085730347e+00
4.690701740851705992e+00
7.822802373955171085e+00
7.442848352760083053e+00
4.601292514536211797e+00
6.975081830288294427e+00
1.251670886438017716e+00
4.243299102045372528e-01
7.186677393764528965e+00
5.413866802789359056e+00
2.865313794384616308e-01
7.317219656838391373e+00
8.858358571101133450e+00
3.901425954117593520e+00
9.503643112261991988e+00
9.239201678609695989e+00
9.659373544934716449e+00
8.708159254704461727e-01
8.498095473189732019e+00
2.045697285345458916e+00
5.346457911814445296e+00
4.416553698076493006e+00
3.984930285672430017e+00
4.391162954772982019e+00
9.065102438316820610e+00
2.093591802821503922e-01
3.563056586203139364e+00
5.443437187369734254e+00
6.457574204136930618e+00
8.264369982310002527e+00
1.142149489340502644e+00
2.379487653739720265e-01
2.907866362443585206e+00
1.016999394422815062e+00
6.440272139481088232e+00
4.978567076128729951e+00
8.520517983799445361e+00
5.102779654075839666e+00
8.200985036812191709e+00
9.893143989270981820e+00
2.601662741166678394e+00
4.781652468113706256e-01
6.361668371326405946e+00
1.960333550398857261e+00
6.471084069388574278e+00
1.193041252016243670e+00
8.709607404859760038e+00
3.563091615444281324e+00
5.217953909210518049e+00
9.556006528668506306e+00
8.121966152916087367e+00
2.133967699186694045e+00
2.343239180238265718e+00
9.271369057275069991e+00
5.344007974257226401e+00
4.795644040950575171e-01
5.397541815092906425e+00
9.475299553307497291e+00
9.038556147471469515e+00
7.097800032660472880e-01
3.644303773221981846e+00
8.364970383811893839e+00
5.628154754124627956e+00
4.582106187287360299e-01
1.492956060910565208e+00
2.957614896434698437e+00
9.421540213781948836e+00
3.867360384470765133e+00
1.804805327874141607e+00
6.120764159600461163e+00
1.455733352160556437e+00
4.634798297679227019e+00
6.189770424444771990e+00
9.463738958376534782e+00
6.750889612922661431e-01
6.925170898837449407e+00
1.014021825479217709e+00
8.606066273707897452e+00
2.029158419785015433e+00
3.302063582166085975e+00
3.834836991802836881e+00
7.063399577625679271e+00
6.088259479832389687e+00
9.776898708247674818e+00
9.554977110614263580e+00
4.965559635485630174e+00
6.486569571350041308e+00
7.730994454008327743e+00
6.409842261679190578e+00
3.832413703011190442e+00
7.782605052668522205e+00
1.912779453368540494e-02
1.476134074207646751e+00
1.528494547569799744e+00
9.062828773571084184e+00
3.372912012951622351e+00
7.686847143542710370e+00
1.092193291126482002e+00
8.046055516448323175e+00
4.453934092692692026e+00
6.424647352156055646e+00
8.881157884212058207e+00
3.640499982667581236e+00
8.375416076037451418e+00
3.647909794685903151e+00
2.465044671443821223e+00
8.866360914250883241e+00
4.632753362321472501e+00
3.271275474972220820e+00
4.723417850286322661e+00
8.571087619686390546e-01
5.612457874015877479e+00
4.706580193509210197e+00
8.688354878990082852e+00
7.986854433850688828e+00
9.887736649488523710e+00
6.076168435483009223e-01
2.119267153782045110e-01
1.190354462746027187e+00
7.603104843723951234e-01
8.742278248199484736e+00
4.974376575614294360e+00
5.656606122268394543e+00
1.914206437421156481e+00
8.992761943895320798e+00
3.024365106598720931e+00
5.499156369149304169e+00
4.679822126432128471e+00
1.096490028852504794e+00
1.770223752057110689e+00
3.438485568052835895e+00
6.663206288243209485e+00
2.631414918971506367e+00
5.973135151311671720e+00
2.441953170835629905e+00
6.117564491019096273e+00
3.924254386409694817e+00
2.214026488903568790e+00
5.898958849406556126e+00
4.070086971908592588e+00
3.961589795025441063e+00
5.327971518024349429e+00
1.604735135925627887e+00
4.427609689633815293e+00
4.312600631413840979e+00
9.508058549601498655e+00
6.326405813449889948e+00
5.901731446865854380e-01
9.645088877321690291e+00
6.127899820228035921e+00
7.079798735210221849e+00
3.468682914145665208e+00
5.397489391973420148e-01
2.865702925581134153e+00
3.144820971746540295e+00
2.993614190047138912e+00
1.807865864124882371e+00
8.436350053485840661e+00
3.298118066343946886e-02
