7.845416992614103968e+00
3.241463727386688642e+00
8.176781797675740648e+00
3.496499599443767536e+00
6.011958188103631251e+00
8.552850754678427592e+00
6.748070704845621215e-01
1.436658426885734086e+00
6.553000015574785841e+00
7.066606624667195469e+00
3.375608866872865654e+00
4.344457134460544268e+00
5.222644383625448583e+00
1.396150706200249836e+00
6.699361481633935966e+00
3.282750001720664557e+00
8.747096321205701130e+00
5.780947485284669618e+00
9.312280742858433769e+00
7.094120557189336651e+00
1.302635842006321099e+00
1.233967969868172698e+00
6.821287478151427663e-01
5.202193631132643326e+00
5.405990861720990637e+00
9.441881684382419593e+00
5.002430292443825977e+00
5.563497661156309171e+00
9.246792679434403084e+00
3.119956794888390839e+00
7.069551824549538566e+00
5.261631625590123207e+00
6.042551427367953920e+00
2.791958927466697826e-01
6.378898362388216725e+00
8.678762029166298131e-01
6.663647805441296867e+00
1.814797251748363482e+00
7.789621369510701498e+00
6.040951731013139536e+00
9.091718479485729532e+00
2.262649274953136835e+00
6.212966354814319025e+00
4.374835392817587376e+00
8.139619575142782892e+00
3.291206676119440289e-01
5.592357698471563054e+00
7.125693948807031219e+00
3.535013358181227083e+00
9.142342099556655555e+00
2.714579800805761778e+00
8.117004258746884915e+00
6.947678185352547331e+00
3.410047277109904407e+00
4.507031124464947247e+00
7.249137815108308569e-01
1.879823898272732219e+00
3.505642463413986221e+00
6.612438166766683167e+00
5.600024400648298872e+00
5.578590028531849931e+00
9.878349182114114058e+00
2.165657852870176647e+00
4.224123920418854539e+00
8.910543985303432279e+00
8.081840923000537913e+00
9.597632045900013509e+00
7.945430855330057440e+00
5.605055672083111062e+00
7.028286422813182277e+00
5.627001666248595768e+00
1.497392222130720096e+00
1.927021256555174755e+00
7.321198223761847146e+00
1.624835876273426072e+00
2.580580213971933823e+00
3.494007606128298526e+00
2.784095347136972265e+00
1.331907968864587399e-01
7.248212247402722852e+00
9.743109188086297223e+00
4.317761765830464782e+00
3.066691816176176921e+00
9.354625584221232248e-01
9.051501448744414535e-01
5.825121331482250753e+00
8.147763004731757519e+00
4.786094817527403400e+00
4.655288005583245514e+00
2.987750723952318221e+00
8.854289219110002662e+00
5.682063673086601430e-01
4.176653003313389512e+00
7.071195893034173174e+00
4.938149225603525316e+00
4.387531957439742669e+00
7.245676558671450884e+00
1.936686958679015857e+00
6.461106690994440349e+00
8.700304520080452519e+00
5.929125070242323048e+00
6.556603707710970674e+00
2.822769613494902075e+00
3.928616088250416194e+00
5.690515433556009306e+00
7.654091231185943478e+00
7.200270661713192855e-01
7.973651688889193068e+00
3.281607337937610946e+00
9.064323040733105685e+00
6.590776709709589287e-01
7.091627341032990195e+00
6.202821360989430488e+00
2.759940933966448462e+00
1.749475841290396572e+00
2.660950625878979459e+00
2.755575687751570246e+00
2.986703920239841548e+00
9.842247386281073318e+00
2.545221948726414940e+00
9.308149225211547417e+00
9.681120197014893236e+00
3.065960102089976047e+00
6.512070872513993969e+00
1.563239101114538565e+00
9.494643160489710354e+00
3.352981292710803807e+00
8.539275479406622793e+00
2.682610082113270344e+00
3.515824490563144167e+00
3.497860458588175625e-01
3.221744828365424862e+00
8.346874678425416860e+00
8.791530971985778820e+00
6.472429277090300914e+00
3.016535695829158925e-01
7.417980819470523457e+00
8.885444390101412182e+00
8.027022707893159748e+00
9.867508723405022053e+00
1.918474667169303149e+00
3.328082004353871692e+00
7.129823859199183822e+00
1.849911412975705494e+00
9.683661596629018931e+00
9.233954414858949633e+00
5.027480785741027525e+00
9.404597166978801326e+00
1.808392126026011626e+00
5.199349644224708022e+00
4.882454908065630761e+00
6.241671105438530098e+00
4.170339113616705617e-01
7.745716410070376590e+00
7.969096230136423209e+00
9.674951925463093350e-01
6.581264347604580678e+00
6.004226701037258529e+00
8.276986047334359498e+00
1.706155717672855898e+00
6.804761480077408109e+00
4.453224497090229050e+00
6.465123756898352170e+00
3.282300708579168003e+00
8.499388315527889315e-01
7.072141746522149219e+00
9.724229913021082083e+00
3.677738599444949408e+00
8.558993396412137855e+00
4.578677646836509574e+00
9.360204165511763819e+00
9.572177980181104218e+00
5.064739830691759259e+00
2.875911290181226931e+00
5.277379668478032748e-01
1.288748867349582827e+00
4.947677609106829522e+00
2.213552942661332956e+00
1.816689412922918301e+00
1.930034722184887919e+00
5.805122334602947909e+00
9.620897606388036039e+00
5.377394657190043503e+00
9.659036871423246851e+00
8.598158020462321360e+00
2.919920362302155237e+00
1.912719131236084724e+00
3.810195009965138269e+00
2.775336265995139939e+00
7.030754162702942622e+00
7.091821157779143459e-01
7.169877119818163891e+00
8.773571967579286479e+00
8.829938305971548829e+00
4.706332872805043976e+00
5.910142368720413764e+00
8.309502699756732724e+00
6.449700140194147835e-01
1.240359054973743103e+00
6.981768269724350162e+00
8.389070093698649089e+00
3.940990775245385436e+00
2.676625601764551554e+00
1.638965037382421608e+00
5.520563665248573670e+00
8.330844326671195788e+00
3.933640241108269375e+00
7.240963225095464750e+00
3.657709830259006090e+00
4.109017248870300065e+00
4.656675793668336283e+00
4.960174758867085032e+00
7.631291106227226173e+00
4.706990394178012238e+00
7.933570030192166556e+00
8.997594033591238549e-02
3.766959912377849662e+00
9.535490855269744159e+00
2.916477460636580865e+00
9.938114733791824307e+00
4.799200715916454918e+00
9.475007196953292521e+00
2.730420232716999074e+00
5.827394734793173825e+00
7.621374792865799108e+00
6.411018764953229088e+00
3.646344535530114950e+00
8.814833239758110395e+00
3.954194225249989536e+00
1.468815374838662313e+00
1.890269372912356527e+00
4.469799264202423572e+00
8.527687627282299232e+00
3.391724462825067565e+00
6.103968990565067365e+00
8.608467858105951720e+00
9.030471403941049857e+00
8.499839311598487157e+00
6.300512180376934168e+00
1.316532848837870251e+00
2.700694594550970606e+00
7.054963940065318795e+00
3.744401572404720824e+00
5.475568507559591680e-02
1.463672872420057613e+00
3.149458210891344923e+00
6.682453377586559995e+00
3.476891620609856570e+00
3.755579754288071115e+00
1.759810239041847968e-01
5.993123052131537065e+00
9.660893457146986663e+00
5.836709004340811191e+00
4.352189712850734082e+00
6.274779875497142001e+00
6.705339376643716598e+00
3.963393312660572487e+00
7.576067423432633952e+00
1.689571245490073537e-02
7.673244088727235734e+00
4.137237540477594067e+00
2.246123407969967900e+00
4.956585877852433875e+00
9.041150839078797574e+00
5.689603084261318777e-01
4.442373604317584324e+00
2.168769951845247235e+00
6.196857540681568466e+00
3.947776186728608749e+00
9.256844849757403182e+00
4.532407370389499590e+00
3.547075431397688217e+00
8.015800619888313605e-01
9.199888822081032203e+00
2.013746569583779511e+00
1.874413870762384748e+00
1.914066844534789702e-01
5.511180092292277344e+00
7.897675603773175013e+00
2.061865952127558188e+00
8.562504324118892285e+00
9.724903694262291509e+00
4.747794108220552367e+00
4.239615694286056780e+00
5.450585034920695904e+00
6.508056896255056678e+00
1.349647780560758736e+00
3.017462289328459946e+00
7.526322366216653847e+00
8.369551835366225490e+00
1.194645593115956084e+00
3.631922520482043559e+00
8.811839995840909268e+00
3.438985572288562054e+00
1.288285349646537403e+00
5.445779287087066045e+00
1.986270985863713978e-01
3.746546885131950333e+00
7.790672111271298661e+00
4.305715995645731375e-01
4.457796774198158118e+00
3.162582241682900808e+00
2.094310654009923223e-01
7.858092123808248175e+00
3.742064279509094149e+00
9.236210404795038187e+00
1.082035439388737696e+00
4.368015716597136944e+00
7.019410194982364182e+00
6.579711936623891866e+00
2.149650280959913839e+00
8.280912161105190350e+00
2.576549819137529340e+00
1.019096051604189146e+00
1.489297902072406199e+00
6.378206621689230804e-01
4.107853200767795698e+00
2.585086546941513852e+00
9.945563154542600870e+00
2.510070758698350613e+00
6.137432250585792559e+00
5.157107658035156916e+00
4.130900800159730935e+00
2.287704322152095404e-01
8.830596868912152786e+00
4.821040553447643262e+00
3.014746684245837027e+00
1.201012195289568041e+00
4.796222390651101009e+00
5.312032740585898694e+00
6.796374980846221270e+00
2.258671441802330371e+00
5.916977972167774880e+00
4.194618820954326921e+00
9.184766078009939605e+00
1.505498369055909835e+00
8.389856994424789605e+00
6.182232313567523896e+00
5.654471018462444931e+00
2.719671887031659629e+00
2.706401856027050634e+00
9.874480384075553729e+00
6.891807202568265289e+00
5.119214143432511577e+00
9.625835820423869649e+00
9.846200313295232931e+00
5.230909012577056316e+00
7.284490879798209306e+00
7.456012677077643147e+00
4.830314376932523857e+00
5.233990496799179937e+00
5.646227936022915728e+00
9.805401212991414539e+00
1.243469739542687469e+00
9.945002760955750531e+00
1.712422105675897033e+00
6.929232397461029258e+00
8.939450343679421707e+00
4.382475713174011744e+00
2.391874198685561836e+00
9.050755834470763261e+00
1.176502448032281656e+00
4.085652599732910062e+00
2.128867303014330137e+00
7.288516216040567208e+00
2.938328173021644840e+00
1.193548546071353522e+00
1.986708595594729454e+00
5.478988368371808804e+00
7.197359370561406955e+00
2.913698438672203128e+00
6.880956003950709388e+00
6.422930885456572980e+00
1.146561907065971608e+00
2.565239098166233411e+00
3.865488511653288661e+00
2.247827109598259376e+00
3.661422318018127342e+00
9.185674431878323887e+00
2.490448791992905253e+00
2.073061675632514866e-01
7.944196526522439683e+00
5.572958522676511706e+00
2.166057349749028749e-01
2.801362163693145391e+00
1.123165411110574885e+00
6.025272794613034666e-01
3.404501402029922463e+00
2.866418460297853521e+00
8.711668499115036823e+00
9.817153808095525847e+00
7.909579904778810899e+00
5.063696151893792852e-01
9.279626776690449219e+00
6.960968234474815830e+00
1.503654965260967646e+00
3.584558797088843729e+00
4.503369841531945639e+00
8.210287312837078133e+00
6.953311999770294349e+00
7.836959147128562897e+00
5.014298287409846289e-02
2.955387007614488581e+00
9.527245876148349168e+00
2.651653696959224149e+00
8.406057244226062153e+00
6.219740689089199748e+00
6.146264095323922483e+00
6.671269237855526946e+00
7.927970301899607719e+00
1.487919035689468927e+00
5.607120844640921753e+00
8.633119212369580353e+00
7.184605102829133116e+00
8.220445328115971506e+00
4.195858747008537115e+00
3.223644216276366770e+00
9.075571698213746430e+00
8.547566855000322761e+00
8.685817492166897580e+00
7.675108474088688126e+00
6.891002367030800713e+00
1.986347132989926267e+00
5.017151045522609820e+00
3.717969817692673651e+00
8.913171244658075310e+00
6.528290624253837215e+00
1.008049514524264056e+00
3.584285994841359901e+00
6.471685098866267083e+00
6.314764616564651156e+00
6.387081358385389152e+00
4.105878536434607540e+00
5.466819438762251515e+00
3.120583655013924318e+00
8.006942657728160384e+00
1.536289551722203051e-01
2.275912066388356969e+00
9.320314131118420775e+00
9.170236441870760480e-01
7.920880085717171504e+00
5.697690493403698042e+00
6.508048471325609263e+00
5.470083924084691240e+00
6.897795734429542414e+00
7.922669157150139085e+00
9.300262375745116383e-01
6.848477091832658736e+00
9.741768324256652178e+00
7.209399656595961936e+00
2.846846257270603253e+00
8.748759752412105684e+00
4.552178120830918218e+00
1.834868829743913077e+00
7.894867878968755193e+00
7.752841820785155491e+00
4.107466423883967543e+00
3.017214097897827685e+00
8.700260183595206698e+00
1.260004676311929916e+00
4.407143714318607408e+00
4.186596719541874734e+00
4.438929058083362911e-01
6.519213918927332152e+00
5.016584786466365742e+00
8.826927577898613819e+00
8.001433943761700363e+00
4.869578909219294260e+00
6.956027528186581321e+00
3.235427390026484051e+00
9.963194446582052777e+00
9.204213600660242633e+00
5.749730541360548841e+00
4.823022091723921712e+00
7.895399752391307757e-01
2.073834927598587008e+00
6.833741837002667907e+00
5.858533346804818187e+00
5.060813529928153365e+00
6.425177897180011755e+00
7.145357711177473092e+00
9.909505239791350562e+00
7.590466657535991146e+00
1.158687921871025539e+00
8.944817504537105890e-01
2.920908377734077188e-01
4.670446169479569587e-01
3.145464213809989751e+00
8.728492614588818199e+00
9.496922219509908558e+00
3.525849920217992484e+00
7.622003298305342511e+00
3.341224369364316438e+00
5.666758999022476928e+00
7.179283653876805005e+00
7.766445176346858936e-01
3.314823953720369420e+00
6.934133619007835314e+00
5.664358664165570545e+00
6.934554277894028118e+00
