4.880925411266675340e+00
3.304061234186228546e+00
4.723629499080725047e+00
1.854899850290618879e+00
7.365185884762700752e+00
8.858413442206993338e+00
7.041918037410051845e+00
2.301178854852841127e+00
9.261825362101598458e+00
5.721117223061477297e+00
4.991188737474535841e+00
2.229442979772107147e+00
7.947787068490660189e+00
3.238748295214834094e+00
1.224999445951777677e+00
5.244845835496808384e+00
8.103210355782536567e+00
7.838529638496068763e+00
2.538416832088630226e+00
3.204699800955401745e+00
9.325039600824590380e+00
6.715078821354517835e+00
8.214740985737908119e+00
5.658235526467563226e+00
4.136272418860535538e+00
9.376187175408704277e+00
3.919838771740961292e+00
8.709479495401629023e+00
7.608736377044039045e+00
3.529012165628712339e+00
2.011945430560099446e+00
5.592932931296502375e+00
1.957240261298180961e+00
7.575939233071345313e+00
8.123305572448861867e+00
8.218639767228646420e+00
4.812947067765792397e+00
1.939077757802064594e+00
7.505140737558090080e+00
1.415187900676986299e+00
5.044685513506319552e-01
3.273507510273241383e+00
1.107181234322823782e+00
2.706511480532096670e+00
6.378343595427394597e+00
8.830013183349205264e+00
6.452797594978760820e+00
6.927252333655676608e+00
8.154351942716678181e+00
5.936798090091883751e+00
8.922347565669516811e+00
3.204942599522120350e-01
5.856543216261891338e+00
2.906945882484396115e+00
3.367325341015554585e+00
7.773959234349469227e+00
6.511382441831167434e+00
3.831406298746476757e+00
1.734819909582906439e+00
3.157706878287569463e-01
7.107078047529214793e+00
6.699356755691759702e+00
3.810328158578376367e+00
7.023292705396190883e+00
9.483040562922331773e+00
1.058376907346083584e+00
1.342306802187309689e+00
5.217111066065490910e+00
8.923435787548779530e+00
2.141798076680889729e-01
7.869717659715089297e+00
7.704501392549614636e+00
6.255934526224917747e+00
4.639793855876610529e+00
8.801775022187017683e+00
1.988562618388762804e+00
2.147780770737877987e+00
1.978224206435662547e+00
5.181861159941974826e+00
2.666759343266474680e+00
4.975313704526053371e+00
2.295771381763417551e+00
5.644336665938901376e+00
2.605886478168952802e+00
6.640243097950583540e+00
6.932713909150987064e+00
9.881861568998948187e+00
3.890467645790052220e-01
5.487889948243720895e+00
9.136842244991544959e+00
7.081441752014736579e+00
3.480789976742387992e+00
3.622790051669055877e+00
3.947179948372101510e+00
7.840620336853848293e+00
4.801922684836003263e+00
4.327927478846786080e+00
4.810373284926411586e+00
7.024952051312390644e+00
2.316399808177478370e+00
7.788151952054224836e+00
2.891742451722312257e+00
6.650311946825921083e+00
8.309257099462373120e+00
4.410545050365502817e+00
9.020769487052525903e+00
1.014228026818950745e+00
1.274084278605714937e+00
9.043870253875347487e+00
6.603737064780509591e+00
1.412881157892187378e+00
9.526698041593977706e+00
5.447387452948745157e+00
8.997151605946108077e+00
8.709259253365697617e+00
1.586318950384046911e+00
4.669076586821288899e+00
6.181482933805044766e+00
8.814047446345172787e+00
5.902572706900357957e+00
5.132915840911751459e+00
8.271994622356139359e+00
1.932590074250850609e+00
4.603205845665794271e+00
4.096218060096063596e+00
6.800306020993589939e+00
3.529196150399624088e+00
8.552646297861270952e+00
2.325658395192256034e+00
2.660847910167843722e+00
2.436285510081690475e+00
9.531779096189564982e+00
5.662902601107910883e-03
9.371034839001546324e-01
7.612663155216377930e+00
1.468014624303647375e+00
2.399463280461277215e+00
4.242839784898285949e+00
6.848971705011007494e+00
5.796159129505744190e+00
9.884849968751165505e+00
7.199017947166565179e+00
9.883040063475950987e+00
3.276743003649775776e+00
7.719116725018819736e+00
5.718448150873673086e+00
5.961691303385268981e+00
6.190562106191883629e+00
7.582758232210126792e+00
1.526208824721309032e+00
1.650578399210933522e-01
6.689937221063492423e+00
1.564995416936594275e+00
7.128314061704327464e+00
9.093949389012335516e+00
2.680866823084499195e+00
4.491731141841843744e+00
3.117765598583646103e+00
7.740876045725729071e+00
6.428452560945319139e-01
6.523430690765953166e+00
5.048778586803141621e+00
4.793068638221726907e+00
6.389568254159520677e+00
1.745057429583038999e+00
9.768086162729401778e+00
8.546794218327409709e+00
8.982949975998957726e+00
3.257832575812012799e+00
7.224057758205203683e+00
6.610462631798280420e+00
2.715591219303696846e+00
2.872721991025114718e+00
9.957197502069977446e+00
5.951774391231902328e+00
2.710095169199258969e+00
3.914633809805950548e+00
4.636424476135962536e+00
8.601620470300357368e+00
5.862146613840414133e+00
3.818175767964825162e+00
7.627781548463422823e+00
1.677221475134831330e+00
7.209981129470250494e+00
4.061966318733173154e+00
2.340090633338400838e+00
2.092968772725485316e+00
3.289026279490545601e+00
2.162471714858846816e+00
1.739542360080500449e+00
9.836123587161264226e+00
8.804949384161746551e+00
5.299488434581434149e+00
8.861087479061080074e+00
1.009684149673937270e+00
5.997797191735640077e+00
8.934493337268925472e+00
3.405270245845160026e-01
4.659234714527948906e-01
7.753274878838175788e+00
7.738011224159625279e+00
1.140007144731755018e+00
9.772216416536072536e-01
8.475057847388779209e+00
8.783529600146293248e+00
6.640394760618252512e+00
1.516497083210741614e+00
1.865410670681537653e+00
8.317246217085905169e-01
9.898732491383835708e+00
4.555252787500973177e+00
4.403570818405000864e+00
9.208464617178158118e-01
5.769902798769534158e+00
6.027011884184799939e+00
6.350148358388350900e+00
3.361923837962508266e+00
1.944589819419783039e+00
2.043235833977645743e+00
2.080850579142030643e+00
1.585413218056360707e+00
1.633133324997591007e+00
4.568693877046554164e+00
4.290017776736272381e+00
4.783851361154445314e+00
2.409770467974248209e+00
8.006304826831739163e+00
6.306720088540402003e+00
8.540390552694201887e+00
1.267126514666118142e+00
8.189869249601329670e+00
6.455935589947245923e+00
8.969988901566361417e-01
1.639944375953524824e+00
1.397010390590542883e+00
4.381223822451848271e+00
2.440631051247571293e+00
2.458830554952498915e+00
2.733898915311103739e+00
3.972389706316656888e+00
4.096447122433504617e+00
1.694763381905979305e+00
7.486268587582109113e+00
8.812162571915802545e+00
6.973414134020849531e+00
3.588097612028628980e-01
6.263966906462682616e+00
1.109956263827110989e+00
7.833037068276621717e+00
9.054231718587868460e-01
8.241723718346289473e+00
3.900244524475925623e+00
8.192533620712254105e+00
9.331188987127333689e+00
6.207592630315365234e+00
1.798994120305505984e+00
8.853618264707035834e+00
7.138961883053890567e+00
5.917620164943988570e+00
6.319274902226664992e+00
2.444855141552281452e+00
6.790059487767271307e+00
6.720643218044588529e+00
9.867901685881662388e+00
2.644411783507261138e-01
9.951396021831261152e+00
2.813835111576175052e+00
9.252629345021889051e+00
4.315442211104811854e+00
7.991751540108884555e+00
1.514410346351413583e+00
2.112083509971429685e+00
8.999337514414056827e+00
9.256453713592561527e+00
4.827866994983955884e+00
8.173818376495072258e+00
2.142524070426161664e+00
2.283193175996412805e+00
1.710524438139980896e+00
4.585627078941215906e+00
1.589616046837611929e+00
5.384358657557475780e+00
4.388764269525717410e+00
8.545130522075561785e+00
2.199348341803202267e+00
3.511109092968969225e+00
5.344392445271686221e+00
8.228311439483178447e+00
4.098004969958520149e+00
2.488786727153268430e+00
8.380874552511107467e+00
8.196659319739742600e+00
2.290181572262968146e+00
4.517439101144091751e+00
4.051495778419842431e+00
6.244577360838871272e+00
6.926901000115260665e+00
1.742639451392437033e+00
1.042195131981284995e+00
1.506761602268068545e+00
2.637227043923747516e+00
9.995814683952380264e+00
2.480739943133842829e+00
3.893710977486867009e+00
5.833765246042236896e+00
9.681975937289509559e+00
9.603860984935764122e+00
1.180697517978053224e+00
4.789179659375944809e+00
7.589381156833495012e+00
8.545719740706880785e-01
2.526661235064320277e-01
6.336850521499717281e+00
9.060740482473411461e+00
6.125160829041162103e+00
1.539857378762271578e+00
3.646340913361766134e+00
2.145161025101064212e+00
1.424339646375216706e+00
8.610672889853898226e+00
3.961413556042191253e+00
2.545908443957916045e+00
2.750540435671355866e-01
3.391464141354743944e+00
3.024892619808929872e+00
2.001993526824291436e+00
9.228045259026075087e+00
3.890781852611270075e+00
9.231519494099725165e+00
4.861493118277867787e+00
1.682419359488934729e+00
6.917535659174047780e+00
8.621203463195492134e+00
9.647145024582409079e+00
9.780883732304623823e-01
6.157368294424628630e+00
8.135327303346780781e+00
8.546544371203374624e+00
2.604582056892028596e+00
6.255300979787557836e+00
2.207355070202179359e+00
9.893987809719137161e+00
2.188839481145060439e+00
5.656992510774343508e+00
4.677633179815401832e+00
7.285303206314024393e+00
6.241580124266139507e+00
3.657448731212568305e+00
8.004413668593546305e+00
9.625489286020458835e+00
2.880930204220737423e+00
7.305249332404104123e+00
1.501018456461289396e-01
5.201600461529674924e+00
6.488626687986497998e+00
1.537224746891133753e+00
7.962157478459586102e-01
7.475796824869998858e+00
7.304859124038488360e+00
9.361005906003028176e-01
3.780168639567423661e+00
6.871369964417461951e+00
4.347954750751061859e+00
5.613674639984612469e+00
8.430560354042448523e+00
1.318882331429289678e+00
1.724635273716776940e+00
1.069456075350763147e+00
6.236046948932459699e+00
1.359754096958972758e+00
8.925220391112260288e+00
9.526873832070641868e+00
6.432174627225472285e+00
1.679970868915033888e+00
9.295857969952072253e+00
9.289886831668596301e+00
7.562962665994269251e+00
1.980210238249399124e+00
9.499510859541276275e+00
3.651391708396503066e+00
4.134038847137643913e+00
9.362081656359670490e+00
7.040712121184960814e+00
9.269302276499685078e+00
2.388812151291613617e+00
3.837795995812442129e+00
5.427467600999758002e-01
5.216232143482891104e+00
7.205248916389509262e+00
6.598316004785472977e+00
6.743033984166324490e-01
6.234957361465439440e+00
4.279116518095053223e+00
6.751534491353914369e+00
5.977494481580793995e+00
6.621913780884361778e+00
2.422626565971628398e+00
2.147837766357023614e+00
3.811974672132107944e+00
3.673199313737264049e+00
7.432661694102494998e+00
8.820541530154660137e+00
3.086546605843918378e+00
5.470967595902096470e+00
8.360692959856185880e+00
8.120939878714612092e+00
2.488065895228197544e-01
9.014922260706496715e+00
6.324566121443976563e+00
5.659553415688570510e+00
5.163862475764508631e+00
9.329018081633295267e+00
6.207615781102987285e+00
9.578755230555408673e+00
4.911156985336983638e+00
4.025779402961537912e-01
3.318979554817003130e+00
7.439043660507831390e+00
9.824571359165579665e+00
3.976177546510798244e+00
2.178766703498347113e+00
9.429669357206192259e+00
8.766135319630674605e-01
4.386959393487895653e+00
2.806063733190752529e+00
4.081802679414678003e+00
8.056623677218958335e+00
2.709834583729531232e+00
5.715192619872078161e+00
9.055254561536839830e+00
9.324036332541409067e+00
2.634352179514154457e-01
4.478123028733008937e+00
9.888218546934924191e+00
8.825735727223362304e+00
7.787081671021152118e+00
7.753442798904226052e+00
5.664894066259594574e+00
1.420911103471621528e+00
7.946281275371679165e+00
9.150631608305253906e+00
9.186348610211556576e+00
7.331809140541951209e+00
7.738237645448297286e+00
8.899025959450554524e+00
2.021201870654390831e+00
9.119397841339836219e+00
1.979109137143570951e+00
9.650727594560281730e+00
7.509451548003457155e+00
6.532108687689167859e+00
4.673434792695513096e+00
7.833591865247324648e+00
8.161971065488039301e+00
6.041961717332790194e+00
6.334254063458080175e+00
6.095047801644808416e+00
9.737945999744447079e+00
5.654482039154567374e+00
8.424278746867514656e+00
4.705744427593863577e+00
4.284458141271057841e+00
1.942053356748526527e+00
2.065586933048269014e-01
1.039117054681232277e+00
2.636819185611176675e+00
3.750180683102768420e+00
6.744112731543426165e+00
6.903503291692991706e-01
9.781836799158146079e+00
3.824375520406796625e+00
4.716418296313383607e+00
5.315604303613294057e+00
9.924359879782677751e+00
1.369835034044342148e-01
9.309231185147163856e+00
5.357636770141208871e+00
8.341180117328284016e-01
5.742047953400648552e+00
5.844068858005106115e+00
7.867067357740742395e-01
2.248188953691520275e+00
3.902367239189155068e+00
6.384295098798298262e+00
4.521762090356689079e+00
2.092147750490498392e+00
8.078813940832587193e+00
9.116333008754333278e+00
3.814943965524450142e+00
8.462533128525608461e+00
1.716068010540039435e+00
1.354575999413376586e-01
1.223910294432871693e+00
5.910199452649479213e+00
8.474515829994665239e+00
7.425558326119662489e+00
5.969755885004560447e+00
7.091971612635431299e+00
7.998491486895669134e+00
5.897550110935166678e+00
