1.723777357003794641e+00
4.687232456596845509e+00
3.702942838673991766e+00
1.999336425097716363e+00
1.673283800362475482e+00
3.220696747647675995e+00
1.565136456809235188e-01
4.722095876795696867e+00
4.477267605470067302e+00
4.627922010091627847e+00
1.885170034933258520e+00
1.424231128585958128e+00
9.347559956334444697e-01
3.032295999334055914e-01
4.774727079352922843e+00
3.399244872991094901e+00
3.629173612033102181e+00
4.812057610680154696e+00
3.338038816211488680e+00
2.735212674258400423e+00
3.447015680143319383e+00
2.012657144358154238e-01
4.233688760282531049e+00
1.349522577351153219e+00
3.155437529804374197e+00
1.288594974840528540e+00
3.455903571429520760e+00
4.125104454390241315e+00
3.000672771804762107e+00
3.675392048115587507e+00
4.464995217845288522e+00
1.901084604442064396e+00
2.556337411788034419e-01
1.858110457186680886e+00
4.830657054397283545e+00
2.795141689241668725e+00
4.942285132357309152e+00
4.978074780285135503e+00
4.720475010289673534e+00
6.913971694097126308e-01
3.450519263109568247e+00
2.824853962437234411e+00
3.276941935882146772e+00
1.011135108941136451e+00
4.117056763302522349e+00
2.810300599803067456e+00
4.273825198144739268e+00
1.362871381083552436e-01
4.201733607094809697e-01
3.510606424439066231e+00
3.054451738299577723e+00
4.078241342968827787e+00
3.781740226721086451e-01
4.628183694416765359e-01
2.381763620564689710e+00
3.743706278452211045e+00
7.862883549060206700e-01
2.487915062076066608e+00
2.675128890149615302e+00
3.546910821974064820e+00
7.393122509427940692e-01
4.594961064188207711e-01
2.285638097782779710e+00
3.424762584055573544e+00
2.514417284477648451e+00
1.106064042232965949e+00
3.378784174739731583e+00
3.331668288242753739e+00
1.239143272229147330e+00
4.271524509753119148e+00
3.823027673592426012e+00
1.061651324975265709e-02
1.821047174506593702e+00
4.503927396747860357e+00
2.687264730456691453e+00
1.036241270204263376e-01
1.569688455449027575e+00
1.824282407833230923e+00
1.157643007456649054e-01
1.319678688775721032e+00
3.963445345314267509e+00
2.497149345084429761e+00
6.066548604841942582e-01
2.182751744611816092e-01
4.217287172684822671e+00
1.663465616998331509e+00
2.870191136251207364e+00
1.207370913356922149e+00
3.955682608019905011e+00
1.163050481561210825e+00
1.090068205239682175e+00
3.752387191897037955e+00
1.880471714466473543e+00
3.871208128219949529e-04
3.869314009574354341e+00
8.391382335740510401e-01
1.615406205176048271e+00
2.256676245128399927e+00
2.685506755330659523e+00
3.508111040610261355e+00
2.436949805206962250e+00
3.679100569661253317e-01
2.901341848430634585e+00
4.395958851993700733e+00
4.451987383128933828e+00
2.952425572954615607e+00
2.771799222072590219e+00
2.697915246078805840e+00
1.661827642802486960e+00
2.298284254430511542e+00
4.124868240783998274e+00
4.247665059520549846e+00
1.705094767857354698e+00
2.387882104874460953e+00
1.015214375174266603e+00
1.797142483483563646e+00
2.449825978002697191e+00
4.206235592160371795e+00
1.006687794437056693e+00
2.790275428222579457e+00
8.510366774373223642e-01
4.946909405768354695e+00
3.788335793392350048e-01
3.016664086893300345e-01
1.987715327616760286e+00
3.608233648521177894e+00
3.370212784423454178e+00
5.094456170251948635e-01
4.215837377836506583e-01
3.079992437047737841e+00
3.701267491885334771e+00
3.001622840447511376e+00
4.345776869828382738e-01
4.826353357722700466e+00
1.949721088387103674e+00
1.685081186021122335e+00
1.022083434588025863e+00
2.183892218311748845e+00
5.301604168940893258e-01
1.918634050501201171e+00
3.619108227070810369e+00
1.063873080499572854e+00
2.920252408933608379e+00
8.808197835557801669e-01
3.853304539849182309e+00
4.837386356911784979e+00
3.407860360339569628e+00
5.399398376269148869e-01
3.530516795610393999e+00
4.735618469005348219e-01
4.557400300225990186e+00
3.983615672955371334e+00
2.079124348253297283e-01
4.813313085293452476e-01
1.202843845243900534e-01
1.447929923320595558e-01
4.189042175812507374e-01
1.194721907598507826e+00
3.803532151539607220e+00
3.626963201084072885e+00
4.737698552503388782e-02
3.414995971569280808e+00
3.660427517413708642e+00
4.312139186525291379e+00
4.328203153076584542e+00
2.107247754851189647e+00
4.843591727113581769e+00
3.022596877692913075e+00
4.906332637533817653e+00
8.103467310780826383e-01
2.571473015024090092e+00
2.435347142913877327e+00
4.871754411070626567e+00
3.930200008675957424e+00
1.396597456269051962e+00
4.236347422108676319e+00
2.897790447052736695e+00
2.788353456507258743e-01
5.650332024465515302e-01
1.192072617085948139e+00
2.149176318967344734e+00
2.276690126969899808e+00
6.245338347541756763e-01
3.476963724929839294e+00
3.920424777853446230e+00
3.366284448251022354e+00
1.650187107073011195e+00
3.381636249312608200e+00
2.945538492025861377e+00
8.186239735364675418e-01
2.485683545436723207e+00
2.511545054622016160e+00
6.162129849610470389e-01
3.284410189477493525e+00
2.574450944902075822e+00
2.656306212404268230e+00
2.065740092927925708e-01
2.742774217204557718e-01
1.374459919413711262e+00
1.998028087932146590e+00
3.158529162081001651e+00
9.997945762540122461e-01
8.512925550482869363e-01
1.927153278594819774e+00
4.238461613529759475e+00
1.312533318389932369e+00
3.673162712139164565e+00
1.700491984868748752e+00
3.975505316572236492e-01
4.597140423042563206e+00
2.537241906246807233e+00
3.088121955087577586e+00
1.842374532831664302e+00
2.112804806073433905e+00
2.132708763050941592e+00
4.330858838785755616e+00
4.425458836993049871e+00
5.755241404906102920e-01
3.221949818534732390e+00
2.500421625174911622e+00
3.468094259008347446e-01
3.675180145234564932e+00
3.117892772511984489e+00
2.032255509638106084e+00
1.606408052167414446e+00
2.735225599234826888e+00
2.643640219973298677e+00
4.233452251510802178e+00
7.690925799288972353e-01
1.911415786741968326e+00
4.086685477462744132e+00
3.527191318259434993e+00
7.666364640165229671e-01
4.623142875748627922e+00
4.349594947873823614e+00
1.572209409050892681e+00
2.226958552419091131e+00
2.341938048922091564e+00
2.264151377437286783e+00
1.814129739132053221e+00
2.034749079172543107e-01
1.051816119654525039e-01
1.825939876861428335e+00
9.322484287512172729e-01
4.581098311886287355e+00
4.189855341565556834e+00
5.853050392699227222e-01
4.922464450165359162e-01
1.141323464375732399e+00
4.117015543881271000e+00
2.623591693995182439e+00
1.432901541282566971e+00
2.953657247950352449e+00
2.634074335228993924e+00
1.205240481646501216e+00
4.087878042089671204e+00
2.904921830297391150e-02
2.391679814558121286e+00
1.778400892132869338e+00
3.246917859403201767e+00
3.281282809835632364e+00
4.872129941891928162e+00
2.705975994339334889e+00
2.005823877070465056e+00
4.742725041215861914e+00
2.907721866287897416e+00
2.119184499281793865e+00
2.282172400394985701e+00
1.628688938079064785e-01
2.808205852072709785e+00
4.932683981375835636e+00
6.861359887812357172e-01
2.968097164436230173e+00
1.010199875781717660e+00
1.342628799981935295e+00
4.632261490962804373e+00
4.166988271725286630e+00
4.706036943888880497e-01
4.636869172981538334e+00
3.506309436287144532e+00
9.590027230528669344e-01
1.518473201762498448e+00
4.222624054652367676e+00
3.391528014540408531e+00
1.676151857268335377e+00
8.461536286636356374e-01
2.034296307253243619e+00
1.638784034406148837e-01
3.675513878317642202e+00
2.754400102619132706e+00
3.689612756517631098e+00
7.976715568738923512e-01
2.040715069746382504e+00
4.276591980706058393e+00
1.222219919924978804e+00
2.488353375852564220e+00
2.893923464076426644e+00
1.583315735665280943e+00
1.360324344118691187e+00
7.795382159270114464e-01
1.932938929765097846e+00
3.314518023492825982e+00
2.933257738589758912e+00
2.693699777876923385e-01
3.827345341074877449e+00
7.906691747763278100e-01
1.067421463791949243e+00
3.038877860873976378e+00
1.350485909390131134e-02
3.412964873100361007e+00
7.020377910437963775e-01
2.529184651663736183e+00
8.373083896972111084e-02
3.368533174856045420e+00
3.280729030737665752e+00
2.615339018514994951e-01
1.105085368041982985e+00
4.054369849068891085e+00
3.177872252964690336e+00
3.046324078683119829e+00
4.448758961406697132e+00
1.861296913508952988e+00
2.258226647123429132e-01
4.018716790502836034e+00
3.436490453695715264e+00
2.388723976841865770e+00
1.323029524383208422e+00
1.209619071377270760e+00
4.525705686962205876e-01
3.218825371221653242e+00
3.991558838743407112e+00
3.513293388385098748e+00
3.642190198981938742e+00
1.066460169833633564e+00
4.911772874910996123e+00
3.607451411742151670e+00
4.046494053554669179e+00
3.179105123321146475e+00
1.765615613468833445e+00
1.155984608450966178e+00
2.402329638583028393e-01
4.243054372053911560e-02
1.471571782866477607e+00
2.524672747177791443e+00
3.954013489971337059e+00
3.954185407906294802e+00
2.995630349481305910e+00
2.572088833817171016e-01
1.044004395747574199e+00
1.627447091836589088e+00
2.206424273542340053e-02
3.856415404159017069e+00
1.520924573388088952e+00
4.462500541492725459e-01
1.976894025886493100e+00
4.329669914060676916e+00
2.523036068544564081e+00
1.436984758587323441e+00
3.289726670186428059e+00
4.755028088341170189e+00
2.453752992008660261e+00
3.955698784920999245e+00
3.221969541685310023e+00
4.195359776922423123e+00
3.204930100746302912e+00
3.271231714675806312e+00
6.404068531228823691e-01
4.336480051484344678e+00
3.532541908215693915e+00
3.234822540802096302e+00
2.682456654227263204e+00
4.970496703821588369e+00
2.260416821078826022e+00
2.847734641021113511e+00
4.250627085192476784e+00
1.197143585229877294e+00
2.151335961848246825e+00
4.474835872860371211e+00
2.023511361521156182e+00
3.915827543181043424e+00
1.910889367897572466e-02
3.751983082313708806e+00
2.355927913747188462e+00
3.575718435443742127e+00
8.511713663794906459e-01
4.827922184750278234e+00
9.146942521314910257e-01
2.673820602297996452e+00
4.556766172298594597e+00
2.877143623822302487e+00
7.994253163422970765e-01
4.868345899667703147e-01
2.281138988409323165e+00
2.061604186767477920e+00
1.995163493268076182e+00
3.578141250094674319e+00
3.852513433067089599e-01
4.138222171030864871e+00
3.600924072204864324e+00
3.132341233886667631e+00
1.068599675115988745e+00
1.260720928724087253e+00
3.232802256829938603e+00
2.330358751633692105e+00
2.049060061252513165e+00
2.137532148079235750e+00
3.712971584933733915e+00
1.178405261064133791e+00
3.715724822231956992e+00
7.985859721178278914e-01
7.930570454489449528e-01
1.664707945750066864e+00
2.123133029340107392e-01
4.659931003919477455e+00
4.323514184944005301e+00
4.439221972372431324e-01
3.938482385773933725e+00
2.713435513226696738e+00
4.877760767792664431e+00
3.507208308341525083e-01
2.642125757572255207e+00
1.051223100735779070e+00
1.107096995451098298e+00
1.528285249588352546e+00
4.923987247974287662e+00
2.975659510315015188e-01
2.745539086933602047e+00
3.792143634006028829e+00
2.128762787175746851e+00
4.379538870879454926e+00
3.479429512638909650e-03
2.089195846991619199e+00
1.285116498036190658e+00
2.940150068091859303e+00
1.000257655689518188e+00
8.736902420950060089e-01
1.394345580044795252e+00
2.074878407454994189e+00
1.359921096860325473e+00
4.732788206255431618e+00
2.770959356867305878e+00
2.764671984595923337e-01
1.852201711607395218e+00
1.549323106465627653e-01
3.665720763213441202e+00
1.933309898871937715e+00
1.312107144211299703e+00
9.958679499126771306e-01
3.442538422033472489e+00
4.711085673988007372e+00
3.939961617092737622e+00
4.610412448327177337e+00
7.420404093564741954e-01
4.979957382105872021e+00
4.679134772970250822e+00
4.024250636548797999e+00
1.909001978609718542e+00
4.095842905070302464e+00
1.352849806961892165e-01
2.747866366721762876e+00
2.839662050839342200e+00
3.716795667866656494e+00
4.915485771932302406e+00
2.836451096093056012e+00
4.697352253598296556e+00
4.587635320974992936e+00
4.376350345429824706e-01
2.157986146723418042e+00
4.957409259893247544e+00
1.198421960381723661e+00
3.980004074585270946e+00
3.834343331971965529e+00
2.546326866090280028e+00
4.871151832324370545e+00
4.415879263356416118e+00
2.351770804078004318e+00
2.328533179466911296e+00
1.739165894330314099e+00
2.893391752590701582e+00
4.943971724667984624e+00
3.733825058898454063e+00
2.626009955113976169e+00
1.445686663492439239e+00
3.427143460897657867e+00
3.935672710998394663e+00
2.609965927237488437e+00
1.060590379027039898e+00
2.723514674431164018e+00
3.628523546740411998e+00
2.733352074127768816e+00
4.097882532931772737e+00
4.635048697179134258e+00
1.926406718876174207e+00
1.251708195544937174e+00
3.075371576407345486e+00
1.036927594147782905e+00
1.733524513374842702e+00
2.492590816423243538e+00
2.820677062716798744e+00
1.374395592397381627e-02
