3.996235216918758715e-01
2.137687449454843680e+00
1.753064476265107530e+00
1.270484506840818817e+00
6.862119323849674712e-01
4.704727348761550410e+00
2.707742169528574827e+00
5.910888453447793456e-01
2.865088513110523927e+00
1.985197253186581801e+00
1.499413871388915354e+00
1.076520861612990654e+00
2.796736661857892603e+00
1.717313480007285342e+00
3.493954891804596397e+00
9.307205042547822549e-01
1.918521695245780201e+00
1.083171281065586911e+00
7.885781580438339100e-01
6.469642933460367784e-01
3.089813990642755304e+00
3.698325103859534835e+00
2.997929912652739670e+00
2.380988014769665817e+00
3.338553963636361477e+00
4.050911451714286571e+00
2.333548400775579790e+00
1.323569157681472763e+00
4.031121243366674989e+00
2.203218837227677973e+00
1.066337894783658147e+00
3.810868147372779902e+00
2.878008189395345973e+00
3.506409699881584796e+00
5.395758804171779666e-01
4.179712151656842956e+00
1.324004059514128917e+00
5.036993335375822278e-01
3.174041176720977298e+00
3.645251540347855812e+00
4.751864910039730105e+00
1.695039463177192562e+00
1.075061346275377749e+00
2.040356408519145681e+00
3.214807627493428299e+00
4.968290172130429561e+00
3.540517458151031249e+00
1.416662020353270268e+00
3.257750960993659906e+00
3.859379913904744441e+00
4.506374862911832757e-02
2.966564020028503723e+00
4.983048665903341501e+00
4.641953204067637451e+00
7.264574202936130431e-01
4.008590476238330425e+00
1.108426781977418063e+00
4.827961109393188899e+00
2.701270710133019115e+00
1.898394065284368271e+00
1.643337663734538268e+00
2.639618731725830614e+00
3.468738924603109286e+00
3.359627536750229737e+00
3.076568750357874471e+00
3.476499952690836448e+00
6.758066689538422267e-01
1.195773229696790008e+00
1.503238683945065102e+00
3.764260685760525416e+00
4.752590114025495360e+00
4.262840456161153035e+00
3.735656834821349470e+00
3.365401761814319936e+00
9.182947224345705539e-01
1.775777670089095928e+00
2.762899576499289189e-01
1.623973965335135938e+00
2.980680490892562151e-01
1.967919386711130425e+00
1.569796129710251398e+00
8.496848610071883190e-01
4.059882605150982871e-01
6.097988305546103716e-01
3.006468034213758411e+00
2.868818988500335898e+00
4.396742250802800456e+00
2.149574603776290171e+00
2.339848420031095166e+00
5.626354226281210513e-01
1.086553722446778059e+00
2.744298596396383960e+00
4.145855694751511500e+00
8.546644780742290726e-01
4.178113568881396844e+00
4.083511109249072568e+00
3.426118609779198021e+00
9.709410238356558365e-01
2.334580665502912655e+00
1.944873099037737862e+00
4.998479755158648175e+00
3.226068842279461002e+00
9.060757326232465880e-01
3.317315544466019617e+00
5.817892578025912753e-01
4.578074934947890640e+00
2.783406817604193062e+00
5.054597023749979323e-01
2.741558420833152265e+00
4.039187156074999230e+00
3.583444253205495755e+00
2.760862998518329725e+00
3.567323267971584944e+00
3.118755957879706830e+00
3.831214713064119870e+00
1.758418970079749677e+00
4.198265607844871461e+00
2.639721499044022757e+00
1.408579953304285759e+00
4.224930450398732162e+00
1.871050935333117948e+00
3.406508446568679016e+00
4.399126736090172685e+00
2.284327566306103563e+00
1.585234630827468960e+00
2.345199108986199654e+00
5.212111765516458384e-01
5.102633405149203938e-01
4.644328709761169627e-01
4.095190209698947648e+00
3.280262529498112478e-01
1.490531633319301275e+00
8.201723852247494451e-01
4.027238407484490246e+00
2.255820469366736081e+00
3.194532590107554526e+00
2.361370296124312151e+00
3.717570004610820655e-01
3.193675233335631081e+00
1.911738055921657908e-01
3.934428694963559847e-01
1.287976357429644336e+00
1.336055805072623448e+00
4.828748863723059115e-01
4.801180243162790795e+00
4.164427139509447429e+00
9.330888809730292222e-01
3.588316145898648557e+00
1.765791231058013278e+00
4.850531426723725392e-01
4.082325094648392216e+00
3.824656202331561339e+00
3.270004418443499095e+00
4.658132583406538352e+00
1.104648459028436225e+00
3.900817370157379393e+00
4.854358701714117430e+00
4.021211700039567738e+00
6.915402536383913334e-01
2.791288979231501877e+00
4.287508297022757375e-01
4.771895282762918633e+00
8.299894918842631863e-01
8.941038947819590632e-01
3.975402130983768600e+00
1.930374847844985586e+00
2.624764962873181062e+00
1.476974851534124111e-01
8.682343845899465062e-01
3.046859447462413328e+00
2.762743476704633494e+00
2.353852548331236694e-01
1.225853456810912068e+00
3.519164630758429446e+00
1.773907904230655586e+00
8.326206231557409243e-01
3.344627277833186696e+00
4.530028930775079843e+00
4.805191435622925056e+00
3.271408366076954621e+00
4.682672916742014912e+00
3.145198624695935585e+00
2.755831033810728137e+00
2.984885451840794790e+00
2.512290726760030957e+00
4.254831751932997008e+00
9.359097209114941585e-01
3.800288129736789644e-01
3.690989345552848633e+00
3.863297037367347642e+00
3.498194325584493836e+00
2.762964105214802402e+00
9.431611335471856705e-01
3.625092682264824617e+00
1.658267730295511111e+00
3.884734525372063985e+00
3.768218473468502694e+00
1.856565924233750220e+00
7.576812917682085313e-02
4.734240922728996104e+00
4.121568553995063944e+00
1.934879864608831657e+00
3.595494969894049930e+00
2.786819102529862757e+00
2.148920278155710850e+00
9.062180367662903135e-01
2.480681973531033258e+00
1.428904842555717147e+00
4.663451607245062469e+00
4.985888995271248625e+00
3.976966550912468534e+00
2.021879982998934011e+00
1.897360599103162127e+00
1.432345919284955249e+00
3.863524492952758571e+00
2.286882909701088540e+00
2.170057199214583399e+00
2.509765380905268017e+00
1.839030836582071782e+00
2.166976893807688764e+00
9.366172713986575804e-01
3.117828961485539452e+00
1.904050460954309631e-01
2.510160987484408412e+00
1.387058366596284342e+00
3.171910914016040195e+00
3.373728385380353467e-01
1.217007571279695277e+00
4.022327575997530325e+00
4.126255500603182469e+00
4.959067311334292683e+00
3.842281170592539041e+00
2.199540536067970287e+00
3.171833686088413984e+00
4.698030051626254533e+00
4.185265278960827118e+00
6.895745041397299824e-01
3.221155413775401044e+00
2.699322022248189512e+00
1.682722480890548322e+00
6.156354213376236117e-02
3.233996654407516491e+00
3.745588553920327524e+00
2.957789313343083037e+00
1.193974249321221315e+00
1.504194771059992330e+00
1.728672287666155327e-02
1.834029194876722446e+00
3.771955358944815373e+00
3.002557312909429399e+00
4.868721677303517126e+00
3.867901024742443905e+00
2.251545850884435485e+00
2.626603644118939318e+00
3.549265028971371194e-01
4.762370397848048054e-01
2.837096733835298146e+00
4.545050702105748464e+00
3.612943163567886806e+00
4.427690568880229272e+00
9.171974668921722973e-01
2.143095120576454793e-01
1.195259166149600816e+00
2.834069097039693119e+00
8.738383502129770664e-01
1.122079140871722336e+00
3.677789871934929344e+00
1.422310084384259543e-01
2.793471580772905583e+00
1.234557999222891667e+00
1.226892624776010354e+00
4.283731805674605653e+00
2.986757537069387070e+00
4.513491519165860666e+00
3.192435919311370718e+00
8.494808453409108395e-02
2.334506253531111852e+00
4.368541992136247387e+00
3.703942917942644186e+00
5.573487692332984578e-01
2.552076437863415315e-01
2.479766188267954696e+00
4.022041486211815453e+00
4.437400690547710802e+00
6.107809554958237852e-01
3.108094581185830041e+00
2.235112458089267395e+00
4.138245737358394294e+00
1.168817389712719645e+00
3.021258131368051547e+00
4.063113120885989638e+00
2.151486160026036210e+00
1.871632118806374478e+00
2.665765586185998792e+00
1.879065847439225667e+00
3.804377575540337730e+00
2.845060257720448682e+00
3.374028507936682963e+00
2.347017133132967448e+00
2.415809999975734534e+00
2.117461746441572146e+00
4.052325155175566351e+00
3.023906585440805372e+00
1.420199825210365363e+00
4.674581551057004347e+00
1.456607230513325302e+00
6.050841769774606416e-01
3.965902525401171497e-01
4.147904856990481726e+00
2.859426130640954966e+00
2.604966871382477400e+00
4.804986141712866754e+00
1.742826201465666358e+00
3.976304102875529267e+00
4.097365811209135344e+00
3.152092434636780460e+00
1.289587064159267715e+00
3.032289582819544194e+00
1.618208582634201420e+00
3.286325978892843391e+00
4.065557378791841536e+00
3.343029698833061003e-01
1.228810503125868925e+00
3.471806169123514696e-01
4.293502054017243275e+00
6.164499449734806014e-01
4.780132140487945769e+00
3.655720477231183096e+00
2.377885779600279470e+00
2.009686896874585127e-02
1.465787560804461709e+00
1.790246494961820645e+00
3.325211389208869939e+00
2.766698380790304945e+00
4.653189609721908759e+00
4.448570201707338967e+00
4.047402919366537510e+00
2.085824912408300591e+00
3.722244453669898423e+00
3.873548651379796759e+00
4.541910807715193066e+00
3.574962808442855078e+00
4.203389623131724484e+00
3.862965512431469683e+00
3.521645817043597138e+00
2.102224567642014375e+00
4.841362854349058331e+00
8.470799009944635083e-01
2.186696029835528243e+00
3.495490592066506252e+00
4.936266185010182994e+00
1.170323412436207633e+00
1.979163666334310401e-01
2.209847916098221177e+00
2.792057947394386286e+00
1.590944529685863085e+00
4.341841069425138144e+00
4.880721656492950089e+00
4.179494089211078567e+00
4.526831939118564740e+00
3.426232949397390648e+00
2.509918877166512630e+00
2.940177536034802142e+00
3.248200789850029135e+00
4.454809395176882347e+00
3.274112606862875197e+00
3.619917078485518358e-01
4.683022542601719351e+00
5.269598035831829508e-01
6.417493021954256971e-01
1.433281431611677537e+00
2.608508888637850909e+00
3.261024794761553824e+00
1.772410800549226728e+00
2.169121064054956527e+00
4.655645459222970572e+00
2.342882926313325953e+00
5.949185446704308156e-01
2.712675943903250619e+00
1.940580740424929784e-01
1.116287984604030781e+00
6.273147746139079439e-01
2.379682654950470155e+00
4.632237024973338890e+00
3.461096738187398714e+00
1.276343396152623377e+00
1.310365748155297716e+00
2.336642254101843008e+00
2.903694535176923885e+00
4.270174345771293734e-01
1.964115604244767610e+00
1.114691010745867406e+00
3.897243015905282881e+00
4.695690858829249414e+00
5.439237055460688364e-01
4.793648519075015102e+00
4.576040182130068246e+00
6.920690336658480435e-01
2.033504542288371741e+00
4.375891936993401288e+00
1.225122662068847568e+00
8.786011759770423479e-01
3.613564374662203704e-02
4.470198746656273148e-02
2.637643538720911174e+00
2.069782342309125500e+00
2.109696966330572465e+00
4.195285423107009137e-01
1.143115994544893876e+00
4.984358917140892409e+00
1.475566968224282682e+00
3.174247584841105585e-01
3.246726895511264921e-01
3.562392701612103085e+00
4.591677253130061587e+00
7.665335673560114138e-01
3.525522259349092025e+00
7.234443280339875049e-01
1.387327816576140460e+00
4.035641611686771490e+00
3.722969392383244092e+00
1.100677697876226713e+00
1.439787914515682221e+00
2.664862170368801131e+00
2.044660242627486468e+00
8.380930425896049307e-02
4.612294490126467750e+00
2.024193529768913535e+00
5.629515814505647864e-01
3.209564412125220922e-02
2.127320471187601925e+00
2.190292012908760633e+00
1.168843152222615034e-01
3.732393610386810501e+00
1.084745713296082048e+00
2.032879184915042270e+00
4.836842706172221007e+00
4.614464731943101583e+00
5.236071985255197347e-01
2.125085339124006989e+00
2.567480710709643787e+00
4.590636778539824547e+00
3.163025561926027240e+00
3.375060243496297741e+00
7.306992306314596952e-01
7.921090384276113783e-01
2.186280982993511035e+00
3.792568934965371064e+00
4.503574759262138016e+00
3.981250058808631476e+00
3.012446491577664975e+00
1.915912938188535364e+00
3.053377508531502915e+00
3.628342914100060046e+00
2.233953471565493842e+00
4.270203054250888641e+00
1.021593697889789931e+00
1.628411911767269515e+00
3.698553815768412800e-01
2.462458056692243602e+00
2.003398763308589903e+00
4.224661642176057441e+00
3.103280236241156675e+00
1.344302125082685873e-01
2.958379268856712763e+00
2.547412715114383275e-02
4.347851922461606122e+00
3.056966648178299772e-01
2.445296476331287883e-01
3.259760586117143699e+00
4.369665254260775455e+00
8.144129556464951847e-01
2.363287279928391271e+00
2.645235535874360000e+00
3.056433563692087407e+00
8.968549321017105225e-01
8.266849495916406276e-01
2.483909909194333299e+00
4.762373634996929894e+00
3.888996125887527189e+00
2.609321546732290553e-01
2.961941720099207753e+00
1.175569275318479878e+00
4.663825101289185149e+00
4.457861974493597224e+00
3.787945241177291145e+00
4.121980129861722020e+00
4.927437129031519092e+00
2.234212206131913625e+00
3.022459798138859455e+00
3.268255011937784449e+00
2.144491702523871446e+00
4.987192630004107841e+00
3.705394827789864731e+00
3.830639957418871422e+00
8.394426132501375815e-01
3.946558301719946371e+00
2.812595536200406254e+00
8.978982956701198059e-01
2.465110766439843726e+00
