4.734321823274052043e+00
2.577327222975567267e-01
4.642698990327934538e+00
3.623253112677141008e+00
2.238800055192254668e+00
1.559099116766211601e+00
4.526041991755422877e+00
2.388182748969015279e+00
2.713471155587681594e+00
2.374984912299580309e+00
2.503343977609371773e+00
4.249053793229054854e+00
2.281818290919177095e+00
1.841162931216140386e+00
7.870251507161357685e-01
2.467354116328413394e+00
2.808400805005490497e+00
1.511595093349844099e+00
2.024984123272905556e+00
4.962373290741258991e+00
2.722443220020615673e+00
1.673533121761596743e+00
3.117747948341081266e+00
3.159758597923326029e+00
2.337947959910297024e-01
4.334954700578930176e-01
4.665945379719202535e+00
3.713663189492066863e-02
4.811715055927406226e+00
3.412075867040694099e+00
4.688743279437153078e+00
1.210669360936345473e+00
6.933430325586165122e-01
1.764496535521986598e+00
4.359512047468094842e-01
1.560466673252802750e+00
3.542290325720613531e+00
2.081138922683890335e+00
1.572947165470882647e+00
4.257618710183939115e+00
1.042438048573823828e+00
3.844785439206330313e+00
4.327357854312435803e-01
1.503070282582557482e+00
4.461867496901191110e+00
1.858707230519005993e+00
3.873473413757195338e+00
6.103007775410834723e-01
9.698808692053317859e-01
2.677646247972720328e-01
4.150038598098504394e-01
2.423008776577058487e+00
3.208679871721394239e+00
2.610509642077572412e+00
2.038010145409235196e+00
4.881680448700319808e+00
1.463848505998845528e+00
4.680352179939909263e+00
3.732181430726773108e+00
2.961905629863407441e+00
3.856019181795659279e+00
4.751501118157763770e+00
3.218992883747252343e+00
4.738164465000033410e+00
3.849205183726018387e+00
1.416047668356481548e+00
1.173181826275240702e+00
3.941713539520032228e+00
2.786852782529236183e+00
1.161556499750337590e+00
3.346613895123136118e+00
2.179828500579038320e+00
2.068247608892615830e+00
1.279280690539407184e+00
2.262582020725600884e-01
9.426399608962188204e-01
2.176442037312785072e+00
3.900675313095617991e+00
2.381230717043304246e+00
2.018057054229753788e+00
4.912743251748102891e-01
1.762958478189477596e+00
1.438693723211596609e+00
2.102318849900966846e+00
2.720464587008345703e+00
3.910815297215719077e+00
2.350794891488457328e+00
4.449369615318379267e+00
1.036312891666879565e-01
1.594019154033146535e+00
7.203342720812561106e-01
3.115268943577574223e+00
1.288572701290982447e+00
4.875315091822952418e+00
2.498328953605635672e+00
1.557275054842655493e+00
2.973101997750513537e+00
3.595785636729354362e+00
1.377817408222814954e+00
3.389009262081370544e+00
4.893792441217781786e+00
3.242888956823006819e+00
3.353065469583753622e+00
3.197107615231740141e+00
3.220711830358380379e+00
4.092071434218232717e+00
4.810510628787497467e+00
4.657143292664812861e+00
4.111111149528755782e+00
3.846732074943313151e+00
3.869177884034582959e+00
7.251617936965210065e-01
2.277080217184579425e-01
2.891644820183376208e+00
4.068317990023487596e+00
3.594676432726287008e+00
2.023022258520293271e+00
2.599942872173278907e+00
1.353735617483503573e-01
7.914073676562560777e-01
4.589959439079972725e+00
5.471511630733538745e-01
1.886819062604263575e+00
4.372844678230724647e+00
4.976925992789021258e+00
4.562988919843276925e+00
1.692055270999657690e+00
3.191248335627299149e+00
4.065819998369335053e+00
1.027735545169564002e+00
1.456379908817637236e+00
3.874755261755245428e+00
8.242260825142666558e-01
3.914922461713202129e+00
1.245713005734218726e+00
3.349428485551564361e+00
1.610963821127635587e+00
4.546862706644776431e+00
1.952918719129399516e+00
2.807399137014830792e+00
4.299683871925926937e+00
4.492936264423691206e+00
2.662855216260447300e+00
2.066271813911630950e+00
5.756013246155039509e-01
4.123077930052453155e+00
2.663794222782001508e+00
1.801505601857321670e+00
3.153183754775468195e-01
1.963685357372501716e+00
2.241414923865718389e+00
1.048995418902060051e+00
2.612998851913864051e+00
1.501858152513507738e-01
1.715233565940782468e+00
4.282337500645316375e+00
3.780907960466452167e+00
2.591611555394261579e+00
1.810299945457535253e+00
4.973395177805074674e+00
3.215932388795872399e-01
3.294124251967524231e+00
4.375601324320788521e+00
1.323640264404672973e+00
3.491777719263672974e+00
3.557221230255182665e+00
2.721159380994441879e+00
1.891211243248591689e-01
2.871828028485140516e-01
1.479719550437701869e+00
4.345475548737905314e+00
1.037784681651450214e+00
1.795855969494583038e+00
3.662655073320961741e+00
4.373370608883019983e+00
4.268358621267501540e+00
4.930333157947247358e+00
4.472486978890490406e+00
3.144251835282185770e-01
1.778343465107783850e+00
2.762162204510401509e+00
1.737393747737744354e+00
3.843664034921701056e-01
4.392234627712493511e-01
1.118870601288596278e-01
3.606700218317082651e+00
4.139643489738736193e+00
4.163925083743492905e+00
3.720049722340857734e+00
7.795904567043815403e-01
3.791619726273638413e+00
3.060871167847732721e+00
4.630475729259880602e+00
9.381006215428533412e-01
4.024341998986142421e+00
2.612301659635618112e+00
3.032126644809414184e+00
3.135779143190882579e+00
1.523180265395897015e+00
2.886356146650789878e+00
2.810413410585551830e+00
3.532182896508972991e+00
1.318431904108547492e+00
4.134295745876269912e+00
6.546579928594914444e-01
2.963428903122428792e+00
2.295252408962098478e+00
4.653968419958217417e+00
3.320596568466070320e+00
3.006844382506957736e+00
4.171255623849012828e-02
1.304360381536821656e+00
8.925365829591330735e-01
4.083779838713923027e+00
5.165536551408334009e-02
1.624834008095549898e+00
1.712709013670696390e+00
3.014137846477739746e+00
2.920526639473024932e+00
1.994161250424861365e+00
4.017491283284227777e+00
4.822235955236420679e+00
2.623212292772803877e+00
4.432117331604115584e+00
8.908757066424188853e-02
2.990123544940151312e+00
2.426820952827410061e+00
1.607428158945307661e+00
2.060625776940561593e+00
3.863435030723023189e+00
3.073800830155151154e+00
2.495800912850602682e+00
3.396179344937965805e+00
3.476693121140384868e+00
3.817733746687619778e+00
4.435883604350777887e+00
4.786814445816546026e+00
1.310343680771306918e+00
1.991314246168829349e-01
4.317182357613140731e+00
3.918631023520129819e+00
1.639263082620021628e+00
2.838846846535663104e+00
1.855340660672122333e-01
2.806256467575769520e+00
4.471504949865973133e-01
3.452743166564876010e+00
3.627348207101857458e+00
1.394041681845525904e+00
5.556541042437102007e-01
1.512518183759720136e-01
2.391570923988500574e+00
9.903341168150225915e-02
2.939760234583845833e+00
1.901735136262598935e+00
1.051278360374403142e+00
1.875811829650300133e+00
5.287071985788910355e-01
4.755864723075630351e+00
3.079290893190848699e+00
3.434827459357305379e+00
1.158362600128039599e+00
3.516744988839850539e+00
5.579361886516143176e-02
4.304309363361770835e+00
2.549323263083235425e+00
6.519295653659878953e-01
1.926699735539336711e+00
2.186818682106239642e-02
2.047703854982720451e+00
4.185138705096370870e+00
3.300005037465127522e+00
3.689764902339513597e+00
1.145009800689155810e+00
4.667425076817627527e+00
1.776535497401108277e+00
3.103059809840593708e+00
4.895114479384977457e+00
4.423908650787030439e+00
1.472916011711643547e+00
2.013706668517258436e+00
4.683142655282038547e+00
1.018361327435787889e+00
4.426006699332885042e-01
3.342904876510963241e+00
2.859789588020555939e+00
4.172663876835742691e+00
3.234899642420740573e+00
9.264461881370061880e-01
1.479648965602259336e+00
4.654767631997306587e+00
4.812508875314225332e-01
2.874978986877096077e+00
1.245708605665623470e+00
8.200859554108747007e-01
3.619199886881766304e+00
3.041851789700915631e+00
4.529190934993766682e+00
3.145949384465181353e+00
2.699386718141929098e+00
4.602113028098906433e+00
1.027096710030521720e+00
5.869776284448685599e-01
2.027302420860518595e+00
3.976826365996682267e+00
1.282730475189459263e+00
1.011215748686003391e+00
4.071437707177383736e+00
4.483055086024270608e+00
4.626518471242505370e+00
4.768587118062185048e+00
1.281346708804629309e+00
3.124953900658659300e+00
3.380791495970025817e+00
2.202907711584439765e-01
1.439896598014240414e+00
4.585407639514679445e+00
2.716136315463467010e+00
4.927021274344860480e+00
4.605333179210565397e+00
1.496683847894856978e+00
3.294590875129552288e+00
4.968142581504226385e+00
4.108638765136721993e+00
2.694702870497680092e+00
1.360868740845572855e+00
3.816992980308515637e+00
2.933066753669150817e+00
3.188141620036859525e+00
4.724270303368508728e+00
1.331448778871264782e+00
1.561340928249910665e+00
4.814914423894065543e+00
1.288343739319213199e+00
3.237082004601959273e+00
3.664540892839489139e+00
3.327094388183936324e+00
2.923699968299958041e+00
4.545997107837901119e+00
3.539513592213783699e+00
3.239216787985793822e+00
3.267873759975032932e+00
3.320061845689899371e+00
3.526396325013083199e+00
4.182239022525948258e+00
3.683808564820372666e+00
7.006065070612094159e-01
3.125188045756938759e+00
4.432238071688318293e+00
2.010979924786182593e-01
3.003323773775694150e+00
4.103331836258647947e+00
2.242464728472060020e+00
1.259111598616892813e+00
4.552690169224415939e-01
3.023114670599144738e+00
4.203203531754081901e+00
3.420481657839977263e+00
2.900274526208308057e+00
2.020282382788884945e-01
1.204893803869657720e+00
5.625366642288853747e-02
1.903672707601262282e+00
3.991900631402214294e+00
1.646465990788425593e+00
1.575995980318762424e+00
4.529277084554528265e-01
2.753289362555639386e+00
2.227559421351467783e+00
3.481279230952481374e+00
7.275505064726545124e-01
1.616278214436996485e+00
3.635682854597719782e+00
3.974190833062468897e+00
2.122853823691752684e+00
2.919001403574020159e+00
2.287290582162939678e+00
3.732276150522781943e+00
2.264196374366302500e+00
1.638169133568029290e-01
2.648614197300334538e+00
3.504188312772382741e+00
4.900857278716851617e+00
1.806862603745298834e+00
4.282461256970425012e+00
1.563888637228167511e+00
4.864416578252117596e+00
3.952654719390419347e-01
1.952849826832092628e+00
7.740578388318536396e-01
1.213994180291974700e+00
3.544986469686399744e+00
3.672786713523328750e+00
1.521893818625734252e+00
1.112769773863238054e+00
3.533856699869502460e+00
9.717948352667549194e-01
6.092332018305918195e-01
4.582195017840781759e+00
3.022718033518230207e+00
1.899006733772192312e+00
2.491165990555064269e+00
4.010829164812484748e+00
2.774054924122715260e-01
9.572944998102206338e-01
1.388973161204638984e+00
4.547280637669347314e+00
7.497022652908202911e-01
5.178436203500197399e-01
4.692370905111118873e+00
9.958303148946906491e-01
4.405920395202743478e+00
4.325669878690078463e+00
3.390293924883629906e+00
3.010217217374321130e+00
4.596860704567773404e-01
1.308632120322944514e-01
3.536586013725138589e+00
1.466304850402342375e+00
2.681145170889121410e+00
3.047969315485159481e+00
3.136846346028560717e+00
1.736201452129712663e+00
1.753635330991307750e+00
1.197099861054531811e+00
4.876721511093979444e+00
6.509372539076641040e-01
1.724263532908607566e+00
2.555136209659510271e+00
3.890288375952474897e+00
1.545769640981843329e+00
1.108507519430945720e+00
3.748523148292761231e+00
4.503062661688096213e+00
4.355271871861654098e+00
4.917728168906696951e+00
3.753542700375733787e+00
2.738368670335371569e+00
4.634739101679753226e+00
2.550690244624298941e+00
2.677514846547130567e+00
2.127846736926222171e+00
4.431544774954199184e-01
1.119145138714909393e+00
4.394758651398177562e+00
1.863878379871277691e+00
1.863661856551676044e+00
4.997337552383079640e+00
4.572045679371895766e+00
4.779235758197150297e+00
1.662476263340094018e+00
8.903894801449763197e-01
3.403689055552008735e+00
4.200087630494633295e+00
1.354230631877920032e+00
2.980179457680312893e+00
3.492856032790049525e+00
7.299379940361866437e-01
3.702043576131029301e+00
1.042558613344635621e+00
2.768445386753965565e+00
4.959455555721142828e-01
1.857951732555369606e+00
3.180133698136433651e+00
8.305114626542253742e-01
9.499398323912283670e-01
7.578708100473341425e-02
3.091702596369999556e-01
9.335282830061575332e-01
2.043400841096385978e+00
1.310637114661142189e+00
5.374987424041915984e-01
4.133370462006802804e+00
4.661141053247971122e+00
7.036769171585138816e-01
3.599606159057250565e+00
2.701886500882605402e-01
1.688703756159648961e+00
9.043032994768440691e-02
3.823172576810123235e+00
3.779272003621006348e+00
4.801221852544459878e+00
7.106667919014841850e-01
2.573289432419523237e-02
2.996708808240593491e+00
1.205266829192322975e+00
1.770380741637345157e+00
2.997834370294972572e+00
4.026460258199605846e+00
3.656174272092152400e+00
4.752946608879366153e+00
2.194152464436398553e+00
8.045002221860492186e-01
1.058938093915214873e+00
1.094362785443476316e+00
4.729557036659687519e+00
3.048180296660629285e+00
1.619996815687274605e-01
4.902708707502332786e+00
2.967822145503005160e+00
