3.087232803961488692e+00
3.894228239724625951e+00
3.004147574908457852e+00
2.104165871289980672e+00
3.420553308075935384e+00
4.402961672052155606e+00
1.974885040784816193e+00
1.733691054756675287e+00
4.046586226802245001e+00
3.027433456000449663e+00
1.285154091867316550e+00
4.254233906977243684e+00
3.684436253160235708e+00
1.165570731328877674e+00
3.717695185145630798e+00
2.771781019266824408e+00
4.874428257616786553e+00
9.038471370656198101e-01
2.746895833629087180e-01
4.989744406489012185e+00
3.315001920715856087e+00
4.322718603585142816e+00
6.415224536917768505e-01
3.879251166052313238e+00
4.347159439840196704e+00
6.127435624932042746e-01
3.882479263068621123e+00
2.009434640699547803e-01
4.158961014223687691e+00
2.804166924631989577e+00
2.587070538908899486e+00
2.499931332045283838e+00
5.990783134676874733e-01
4.024547134100300738e+00
4.579452386830513255e+00
3.182437089739285518e+00
3.590690901471351726e+00
1.934461956849399256e+00
4.514407939659993652e+00
3.724356438575552986e+00
4.878549397236417562e+00
1.424358715661129704e+00
1.405385055562794472e+00
4.384396363101521032e+00
5.160557751379835079e-01
3.044180590089458516e+00
1.885279370021171186e+00
4.255011011850551306e-02
4.867350690354500742e+00
7.899444080416828662e-01
1.930031066936448436e+00
1.813755042972742260e-01
2.769145368423393538e+00
3.060704737541553477e+00
3.114047024498852068e+00
1.877055197137392106e+00
1.093552598589073277e+00
1.283414713131134199e+00
2.689123501677407546e+00
2.636876431632320994e+00
4.237484114368548660e+00
4.346816627223387464e+00
4.438616494497401810e+00
2.825431778984459186e+00
1.770206219820656290e+00
1.865591369900442942e+00
9.266487813918705685e-01
1.754728863591489940e+00
1.403026749097535664e-02
5.423822909773545753e-01
4.466792824942417361e+00
9.726657528512422379e-01
2.448540866925061454e+00
1.981482191714788454e+00
1.564195367649834356e-01
1.510956959785065834e+00
3.007811518128920003e+00
4.806210438956709297e+00
2.887512169502602255e+00
4.376879436295784132e+00
3.466216981813449394e+00
1.692828209468586476e+00
6.910966176076643874e-01
2.733119056876549546e+00
4.476758087669362673e+00
4.895686377263351652e+00
9.128082971283463243e-01
2.217940631872513002e+00
7.696161416460400861e-01
2.171128146240586698e+00
4.667322181633625888e+00
2.048494404170701166e+00
4.577174398490348572e+00
1.654690355790726208e+00
4.309696277995182179e+00
4.374137674146077792e+00
2.194893203154488326e+00
2.421496923094572651e+00
8.490828296427416211e-01
1.278318516415911654e+00
3.759103000451613497e+00
1.799742967283562978e-01
2.780145034625672196e+00
3.316296549112736525e+00
6.191497602185869198e-01
4.985879575676690045e+00
3.862087441385803066e-01
4.488245840654529140e+00
9.105623694137360280e-01
2.865782401873906426e+00
1.747413600923386490e-01
4.139573312258381321e+00
3.627149220080271519e+00
5.858105490246856561e-01
3.485959379237104638e+00
3.645370412461279130e+00
4.371392891033306860e+00
3.292038355383264392e+00
7.831580003594695860e-01
3.984220433782149406e+00
5.424250779125566746e-01
4.050364380932103714e+00
1.640522858149373597e+00
3.386763608483260857e+00
1.206404417042393762e+00
4.825239906274640944e+00
2.729479201486226358e+00
3.110643882402161609e+00
3.333267994960731340e+00
1.658114182625568533e+00
7.527150484054750956e-01
1.300435334521372610e+00
4.333061308913695342e+00
3.239561335934586062e+00
7.597359463438796423e-01
3.108656244272667291e-01
1.219579616428299040e+00
2.651284353636365498e+00
1.081477867152698558e+00
4.707623867288734054e+00
1.967534476095671447e+00
3.922783027323797356e+00
3.876782598504033839e+00
2.829522663173536401e+00
2.456678096781106824e+00
3.758660549561387842e-01
1.228869939763929775e+00
1.079084552791113039e+00
1.850854457844680612e-01
3.468104466260390595e+00
4.721040414114711758e+00
2.186133606741375690e+00
4.649314787048596465e+00
3.693106806418757770e+00
3.344921352552903571e+00
4.829743865895911981e+00
4.207776498934501674e+00
1.975394854588694127e+00
2.894958934986691101e+00
4.310151965954368336e+00
1.426929820653660030e+00
1.317703696933624880e+00
2.491735599562869830e+00
7.343520959141358606e-01
2.581309974953732045e+00
8.953910578731022474e-01
5.158885577368466091e-01
2.172718307905892487e+00
2.246100391053030165e+00
3.374905891375481026e+00
2.508893920229637420e+00
4.141012368317167791e+00
3.760414595182428599e+00
1.616876863315661161e+00
1.327576947218430670e+00
1.792817590698356334e+00
2.652585126318560249e+00
2.213413046817007679e+00
2.466048801271215396e+00
2.779001054161664985e+00
1.800050629214056119e+00
2.971311940163858800e+00
2.155341165213670696e+00
1.442484917553554791e-01
4.520010773197030929e+00
2.988865131067953484e+00
9.696935482315277577e-01
2.296057832189652981e+00
1.837177317077180572e+00
1.560442581233050241e+00
6.388424638607065331e-01
3.727298062148228119e+00
2.626194956968991301e-01
1.975653281019473351e+00
1.400627502876656827e+00
2.879463139349291545e+00
3.799231118955142428e+00
3.436612128698550261e+00
4.721268936483341783e+00
6.529860035528173290e-01
9.014769769532654520e-01
2.253201611354675560e+00
5.175258746494110218e-01
2.397399041528387453e+00
7.999705767436871007e-01
3.273168230697465653e+00
3.367264565424616496e+00
7.678776261463449160e-01
4.150216940272670740e+00
3.686565470827080304e+00
2.858057414847873900e+00
2.279959257709451848e-01
2.697577722895291963e+00
1.776821379812844715e+00
3.337265681432605824e+00
3.463846451076252109e+00
2.654120413441000359e+00
2.967400165501027365e-01
3.841783421019815847e+00
2.468194713953378194e+00
8.395540625134922941e-02
4.145967533503609026e+00
1.312702388204901593e+00
1.299812682074835024e+00
4.975964625822905774e+00
1.826553916842516001e-01
1.077539569882728809e+00
2.279910543940289358e+00
4.884859065627578101e-01
2.326947273063797450e+00
6.376075781767553963e-01
3.684592556155941168e-02
4.679578232634197477e+00
7.270626034571869845e-01
2.041811954941390450e+00
1.280893358968840934e+00
4.653698702954969235e+00
4.886994917832001128e+00
1.093984513668802450e+00
2.528675270989091395e+00
5.669505660616486198e-01
4.158335862643821379e+00
7.606635029899694311e-01
2.174247917138454778e+00
3.438040959756189618e+00
1.951526074931684285e+00
8.938818838148976376e-01
2.130531874662139558e+00
2.948972139560666061e+00
2.509031778388762124e+00
1.635432970965587929e+00
3.756140889222988832e+00
7.963400466039799452e-01
3.555603523738506411e+00
7.491509336880486369e-01
3.251804432775840858e+00
2.015301077315369227e+00
4.494903431316689790e+00
4.127071342117621944e-01
3.656551819465356790e+00
2.547753877786296250e+00
4.583887240007137542e+00
1.572465999668143377e+00
8.039178567100219164e-01
4.764005511565646778e+00
4.185900598162742625e+00
2.702404584547307032e+00
1.953178124786454362e+00
2.222110938768245836e-01
3.613410769901692188e+00
2.777830202713973407e+00
1.831772026300260592e+00
4.841473112371694754e+00
1.851708917692913126e+00
3.515651851062945532e+00
2.805749145662970623e+00
1.182221357172777321e+00
9.667022753158588388e-01
4.181930174334627992e+00
2.373823660265308000e+00
2.502794984869121109e+00
4.243755895536729383e+00
1.986678235694907979e+00
1.481444811267270678e+00
2.713447728213097543e-01
2.575952356683731015e+00
4.203057240125994021e+00
3.462003932386581884e+00
4.501946750890717386e-01
1.887514515897558143e+00
1.568435099025178303e-01
2.515184920011567016e+00
1.725635638774644098e+00
2.226054381653096215e+00
4.370314499862059776e+00
6.960364702328469821e-02
3.909577869971000652e+00
1.001987929033493874e+00
6.764932424444386472e-01
8.620855931139259631e-01
3.582247517107141732e+00
1.298356550927014519e+00
4.026403063842028729e+00
2.009454268705288982e+00
3.123722382092684491e+00
4.510809626474533651e+00
3.152645964246685750e+00
2.596657982006395082e-01
3.957070817765778736e-01
1.656994361853262987e+00
2.272218227658294065e+00
1.812820263468966075e+00
4.645086534372962817e+00
2.940260251898346722e-01
4.685348075039196480e+00
2.091355144353237883e+00
4.653984707825464362e+00
1.287435641064758052e+00
1.137524506370152899e+00
1.800220930178255241e+00
1.942056718200577237e+00
1.632110707594964349e+00
3.800725265451727175e+00
2.952249674508441224e+00
3.139277578601973762e+00
4.220712366764596268e+00
4.977225893593382189e+00
4.633240496633300509e+00
8.305449910806739222e-01
1.855914192784752226e+00
4.884888793331619183e+00
3.700967900913390451e+00
5.678378222325047853e-01
1.754813101587735957e+00
1.725023839366788270e+00
3.143985847735836225e-01
2.845753723707322713e-02
2.141249078045617260e+00
4.515284674878830451e+00
3.655241658422470064e-01
1.524542018925045372e+00
1.883807683689399770e+00
3.625096606884535166e+00
1.505536250159219547e+00
1.524426237080882540e+00
1.528149444513807076e+00
2.708386823976334234e+00
4.644788824109769010e+00
1.168009380448449708e+00
4.025814394763827408e+00
2.492053125079474629e+00
3.517042937594090368e+00
3.306222147727723826e+00
2.185188785818854118e+00
1.994969115388434577e+00
2.007709791331751426e+00
8.329897170470035306e-01
3.334981661320644442e+00
3.443163119621807766e+00
4.588246666934912454e+00
2.374284594040929175e+00
7.020101133569967011e-01
4.685856992009762578e+00
3.278184423956056026e+00
6.632478565717303542e-02
3.794818850277103195e+00
3.483637277335832394e+00
1.756982123521083627e-01
1.305659228535959837e+00
3.324114405624537305e+00
3.327885677576071011e+00
3.858475003650142732e+00
3.022268380755584349e+00
2.925820329280960586e+00
1.481206284996079425e+00
4.117383081707700399e+00
5.707952020159190454e-01
8.091692998958954774e-02
1.403575754675239651e+00
2.742511375817268338e+00
4.172189477383901668e+00
7.950288307291125678e-01
3.421277778129572233e+00
2.874869986018713242e-02
1.894104975165670224e+00
3.862408516882402054e+00
2.962412710592393639e-01
1.343405930333247511e+00
4.195810131225262474e+00
2.713175001603449932e+00
9.880565226961457448e-02
1.761631165129132759e+00
1.872466298199971790e+00
3.317610291148816337e+00
3.025879351565400555e+00
1.278933866020757204e+00
1.561311378051440935e+00
1.152211900850812043e+00
3.544214836395962909e+00
6.477795563538651935e-01
4.602040098713676919e+00
3.949012355182471623e+00
3.172791922841474488e+00
4.375159778223215667e+00
2.487251258207244575e+00
1.652641276932895753e+00
1.309115854707824100e+00
4.399326863029708434e+00
2.615363685995770293e+00
1.580171772717260836e+00
2.542626685419931754e+00
4.124233950494985201e+00
1.498461271061334976e+00
1.786272865790215381e+00
1.844767229301107481e+00
1.435106114607632710e+00
4.326223495213393555e+00
1.490226111641781426e+00
4.262100683172375781e+00
9.901887331873765463e-01
3.243175146602761405e-01
4.515720828532306719e+00
1.048602604507108405e+00
2.566893730020883169e+00
2.300297124482694855e+00
4.528792868693882312e+00
3.837132189523168257e+00
1.064318176494926105e+00
3.345681713102404586e+00
4.058456392423953396e+00
6.877358096643337859e-01
2.939500525742333448e-01
1.832520982597085180e+00
7.258425597462669909e-01
4.718788361224505401e+00
1.543396815846207470e+00
2.375398882286756219e+00
1.620080962161976057e+00
1.428329552487089815e+00
4.340073818952822071e-01
4.606318185276680133e+00
4.065408930909279128e+00
3.597963807632842403e-01
4.711339383237050704e+00
7.622412628154423553e-01
1.019585438175208969e+00
2.799603433974894973e+00
4.371142593528291265e+00
2.628580461028992676e+00
1.939487049142762931e+00
2.421051355238370562e+00
2.518347610416671323e-01
2.443095311941871017e+00
1.637304758094514368e+00
9.690165977931541885e-02
3.350051829808520676e+00
3.758322168994046031e+00
1.052984600684477856e+00
4.967277549044563756e+00
3.912794860452834644e+00
1.636834118746138822e+00
3.500169445592035800e+00
3.352690164434126263e+00
3.576064618362547076e+00
6.776426303292204523e-01
4.623327414750687758e+00
3.370416436288035555e+00
3.649564079095888314e+00
3.125699573391035102e+00
2.227381443203854783e+00
4.338756368426359700e+00
4.788730931831519655e+00
2.178329839890054132e+00
1.410638601460512120e+00
2.415548353349412647e+00
4.893823021380251603e+00
1.191492050614303411e+00
3.924264154503934954e+00
2.546411258020279789e+00
1.161644147126377646e+00
7.731187716400694798e-01
1.296734432359125666e-01
3.603043270424798550e+00
9.133727641019462329e-01
2.826245001218363750e+00
4.131063231697984506e+00
6.686273837201966996e-01
2.160594207610386785e+00
1.401415019085577862e+00
1.655538313276789353e+00
2.860337768156758109e+00
2.661574827703210744e+00
1.254868860206476144e+00
4.488839078693526830e+00
3.898685527811279083e+00
4.034765348699913545e+00
1.608007819736156918e-01
4.478940782814818000e+00
4.333113915308840269e+00
1.478961912084529207e+00
