1.921537190685027596e+00
4.790191717982662745e+00
1.640652929111506841e+00
2.832459199288779317e+00
4.854163308985012470e+00
4.631227864565556018e+00
4.934019109722000529e+00
4.854138581114473716e+00
2.288262915146792142e+00
4.479078208629727165e+00
1.830235392940968264e+00
6.775023360739390599e-01
3.646641141225056337e+00
1.870107112653425663e+00
5.416543817659713600e-01
2.563097737130313192e+00
2.821778827492672725e+00
2.933863839272685237e+00
3.970401761533271401e+00
4.785195686318032493e+00
2.339597618045190508e+00
2.537076771420260224e-01
4.494252766048137282e+00
4.978499764556620910e+00
3.746325367425613173e+00
9.553583579825386529e-01
7.939663660301493620e-01
4.511712642267596607e+00
2.680230099734139060e+00
2.567448418684233680e+00
4.533790634155334232e+00
2.456189062238977705e+00
1.708030806935856738e+00
4.233500008924032443e+00
2.225031877039457484e+00
1.534789394105146032e+00
2.768506618122072105e+00
2.979680589763433307e+00
3.394421197884487817e+00
3.943451777128217373e+00
5.739318961801082031e-01
4.804108149833317576e+00
2.611789692438130750e+00
4.560804483601190285e+00
4.006688733243005451e+00
2.757631721369159017e+00
3.892145044587300262e+00
3.875814366059856297e+00
3.132789671021379174e+00
9.647904191666217821e-01
5.800551512596291426e-01
1.818905414873354109e+00
2.528318911696088911e+00
6.015761025684035479e-01
1.860156436564411209e+00
2.962353055583844430e+00
9.566515086809113111e-02
4.509415310923413855e+00
1.753388880082959567e+00
2.017636206820219602e+00
4.206986699663658236e+00
2.600914198832521951e+00
1.286230737996134188e+00
1.579800191215956939e+00
3.017096848311964230e+00
4.567497075161203846e+00
3.779338625049028622e+00
3.878574407819552317e+00
2.315411208521402031e+00
1.281553733526308303e+00
1.619563144807721899e+00
1.453125239145575121e-01
2.077000717836401833e+00
1.979378762740265252e+00
3.569404081315239008e+00
2.204511070703835784e+00
2.688177621596421485e-01
4.797003496099897291e+00
3.157892045511415002e+00
2.476625319626576172e+00
4.457319961763289484e+00
4.680658368769134547e+00
2.825506340387777815e+00
3.023399538687301824e+00
2.470550308094177083e-01
1.826224049982017483e+00
8.739788601603648566e-01
2.661147256695141738e+00
9.473264168088868509e-01
1.728264418171611139e+00
4.032977010350954572e+00
4.511384614309766228e+00
4.889601516243857304e+00
2.075067684357361220e+00
4.939811493276723198e+00
4.792474427065626763e+00
1.941093511989003817e+00
1.924399096937807307e+00
4.578706377341996259e+00
2.781129015499592683e+00
4.697632722712190123e+00
1.724508281861602654e+00
2.560879062079276736e+00
3.779398335649895913e+00
3.969198892784707944e+00
1.894553757755615964e+00
3.085123702993546768e+00
3.085579067708404954e-01
4.605199821573911834e+00
3.612267115768181380e+00
1.747566467136154600e+00
1.000022338455437421e+00
3.122806359684163979e+00
1.667120866916633304e+00
3.954590512847606210e+00
2.094742750682843546e+00
2.223474880279381338e+00
1.721213466771025935e+00
3.584884243554984806e+00
4.273130055775035352e+00
2.767580390849551542e+00
1.495604335335740664e+00
9.991416712156397928e-01
1.249124995504089952e+00
4.803267952996170820e-01
4.655660224423225024e+00
3.267391996555138345e+00
1.833018163620454999e+00
1.306149215903892991e+00
1.319030844528501500e-01
2.164702486610643462e+00
3.261021086441806993e+00
4.408449549567095005e-01
2.943312802283544638e+00
4.420341714146643675e+00
9.302317186577424568e-02
1.173908547216281351e+00
6.331919515607176141e-01
1.021828326858317260e+00
4.892908061071285175e+00
3.890382462496627669e-01
3.341564158763082881e-01
4.659463659866506013e+00
6.700193255996989006e-01
2.478159777427505261e+00
1.317720368441290368e+00
3.829237548563228621e+00
1.939359238944238228e+00
4.674470881657330601e+00
3.232926318476082805e+00
6.833929305219266226e-01
4.795048583603241710e+00
3.645762549833986288e+00
8.269929828284028339e-01
4.611400741736250808e+00
1.571014876795148174e+00
6.949858152532534250e-01
1.251009660782969490e+00
3.876903478387575319e+00
4.080907029549087461e+00
1.926077135138914542e+00
4.801133273221532605e+00
1.758542052717302351e+00
4.374587755482376217e+00
3.797582470997889814e+00
1.984687825147796181e+00
3.335094515873281651e+00
3.988508232477421256e+00
7.776954517458767313e-01
3.600096123742036358e+00
4.468451552745456024e-01
2.544313419315175739e+00
2.567436393313748511e+00
8.719505348352507568e-01
2.774839538912942771e+00
5.739432320859638725e-01
1.847439753855808053e+00
1.947818645309850050e+00
4.143613084672666425e+00
3.236302886956716307e+00
4.007763694700712698e+00
2.626539562561349239e+00
2.827836164804775176e+00
2.996670470246244555e+00
2.212913718661880136e+00
4.626852048885425006e+00
1.200991809472455429e+00
4.233047667460192898e+00
3.295543477608593452e+00
3.657572863116431705e-01
3.705464952237669252e-01
3.746648250762954824e+00
1.295144990889393721e+00
4.839063038167851438e+00
4.176870354468205981e+00
1.955269789605881270e+00
3.424403267997602640e+00
2.411728325313230670e+00
2.672278586728453309e+00
3.418301730683059869e-01
4.811185082169833649e+00
1.286881950785394579e+00
6.276407197560518458e-01
2.426310369508164033e+00
1.748812238865228297e+00
3.546390441964249796e+00
4.829709505226468025e+00
3.738107020123802471e+00
1.945033509343032208e+00
7.493992878181759965e-01
1.768146042695775133e+00
9.476772777587122443e-01
3.742837060681924122e+00
4.616648497566903764e+00
3.703408121727794544e+00
4.572326264061812751e+00
3.274364144034845658e+00
3.663739445709632836e+00
4.148720573061734918e+00
2.853126155169544820e+00
2.555204112145820217e-01
2.606403370136672226e+00
1.380205529987186264e+00
4.686355495137155103e+00
3.853385948059502297e+00
4.578279573510156908e+00
1.357337520083790050e-01
3.907573332190833471e-01
3.381946498819651925e+00
2.060907216465218461e+00
7.569791253820917776e-01
3.963802959164612005e+00
6.982320655149254485e-02
9.779958911019159817e-01
1.418367350584734954e+00
3.281041248795667720e+00
1.344863387472086114e+00
5.264614623782093439e-01
1.118046385075572413e+00
3.663157464423360210e+00
8.097175918607124601e-01
3.582605967045858542e+00
1.682482841110832794e-01
2.444427026969042238e+00
9.913947568587760939e-01
3.257258091150887047e+00
1.748228391281043237e+00
2.429072723229976472e+00
1.503153747656162942e+00
3.179253143769452450e+00
3.101004208650694594e+00
7.340361754543306416e-01
3.321602162789432544e+00
4.809366060516590657e+00
3.066429000608085431e+00
4.432509007150028602e+00
4.107563354981515147e+00
1.145603260846879135e+00
7.557400637698652446e-01
9.400162722358512690e-01
1.722874385993842239e+00
3.710784352305709799e+00
3.515610489478274481e+00
2.465727190009550096e+00
2.195012274721443113e+00
3.629517000203277721e+00
3.532133326161950304e+00
5.414342892774137717e-01
3.215011172314190535e+00
3.675068760839081961e+00
4.667007396616032366e+00
1.618652428795642084e+00
1.279265598072661270e+00
1.934727141590407706e+00
2.502459073614752949e+00
1.516966616222883424e+00
1.166667493646698084e+00
4.905063192913122760e-01
2.240444951163625298e+00
3.464800164979451313e+00
4.673924881420297162e+00
2.762214857443216154e+00
7.210709023418976349e-01
6.807012852038657469e-01
4.062467041214097740e+00
3.233381489853916158e+00
4.009029391282895816e+00
6.519131127731447872e-01
2.356471735411621360e+00
1.325671350603038201e+00
3.032158239406201439e+00
7.711256404111277440e-01
2.347237292266598274e+00
4.927712518096147853e+00
2.027264607401826790e+00
1.892561467619319870e+00
1.633231059109443883e+00
2.742065415850302834e+00
4.361674608997602398e+00
2.311710213523530122e+00
2.394230628970667185e-01
3.897386467094345885e+00
2.878095501225657049e+00
4.353281264629190517e+00
4.429616753782933181e+00
2.332842992349982936e+00
1.598310626798693956e+00
1.759608954322989804e+00
3.685714608469323750e+00
3.394335952429571979e+00
1.810035903476714392e-01
9.139051599213909860e-02
3.020012807075028727e-01
2.017774252447502192e+00
4.139597795466872121e+00
3.214251887650393158e+00
1.623420685376285588e+00
5.904788749659972691e-01
7.352325687456823244e-01
3.895358998960886332e+00
3.903177440837237278e+00
3.897897337187272715e+00
1.075249592695133760e+00
2.716940737330103772e+00
1.397362400033502761e+00
4.654019949024819525e+00
4.197314804423071699e+00
4.507311879699223311e+00
1.604182374555318980e+00
2.537746302121163255e-01
1.972015646483358253e+00
2.700968742267679801e+00
4.703678368978214230e+00
4.532589951198368050e-01
2.856328355978577704e+00
4.338800290016498806e+00
2.191793324257230502e+00
1.461507529233913028e+00
2.769362605135086142e+00
1.061828086760147061e-01
3.016787152383781478e+00
3.136722627321316015e+00
3.398383627207290480e+00
4.559408308145128430e+00
8.573920725006745069e-01
7.877482022472070966e-02
1.929902877229177083e+00
4.206067404692817924e+00
1.552647159522302367e+00
1.453530974590787617e+00
1.332044746473290964e+00
3.575404127783582631e+00
1.744663001001083735e+00
2.177253319585620961e+00
3.608902923247509165e+00
3.203034628571143738e+00
3.978960566219173600e+00
4.949270525088937056e+00
1.666445859056048251e-01
2.784304764687218992e+00
5.393395644829546143e-02
4.521637454830670144e+00
8.891401933084297493e-02
2.327317270792122361e+00
3.747545363428477216e+00
3.636388944060849227e+00
4.110013700200955356e+00
2.597594910257025713e+00
1.825778588563329752e+00
1.350306738287602837e+00
3.203012490185093597e+00
1.053555752502025600e+00
1.368164331208520101e+00
1.430440321346066579e+00
3.182198505237990194e+00
6.836651208320060347e-01
2.071505039827488126e+00
5.653607532599158603e-01
4.932408536536771138e+00
3.991426309470587075e+00
3.071218330605235414e-01
3.936755604685844734e+00
2.537800095798482758e+00
4.355875102210562844e+00
4.934686776920756301e+00
1.492830571941935469e+00
2.989216563901220258e-01
3.540570197932322305e+00
4.282183317459498539e+00
4.747261348447022300e+00
2.408771178163517934e+00
2.874736517034450323e+00
4.170261483860682183e+00
2.195489171807037287e+00
4.275686565521405136e+00
2.638653687751544741e+00
6.768335105053385758e-01
1.853530990950629675e+00
2.539192280738864049e+00
4.903106288742934638e+00
4.974338256277648362e+00
3.554374003504644719e+00
1.050665033233552759e+00
1.013203134296323693e+00
4.894798885130104082e+00
3.789988323246867630e+00
7.480034288372361395e-01
3.294330189614060878e+00
1.467168820594134004e+00
4.007568469064949568e+00
1.792849722344305174e+00
3.220020812916217778e+00
3.837545727248092842e-01
2.107607611049420182e+00
1.218095011187433352e+00
1.353925333879048010e+00
2.147033233649860318e+00
3.476688559813572166e+00
4.221067126650571488e+00
3.191919541786797154e+00
3.016829237240927331e+00
3.617656984530607911e+00
3.378823491167776805e+00
2.870429941449375022e+00
1.785017431985657765e+00
3.763528666885950891e+00
1.975576080845058424e+00
2.802943969956682047e+00
1.117364815117916077e+00
8.318590092678729286e-01
2.142734972820408590e+00
2.874975116737354952e-01
1.282652751962434667e+00
1.271557294791150650e+00
1.102915768863288459e-02
1.827075504695614416e+00
4.351277641277937036e+00
2.444925581112987079e+00
3.025745126397175966e+00
1.803254900245490067e+00
1.070878619123474706e+00
5.462464236431091580e-01
4.842969802966075044e+00
5.957185324597674692e-01
2.441700021189372460e+00
4.943845178078221103e-02
2.905159422982446671e+00
4.379521405142040358e+00
4.517964177847666463e-02
1.046230377172436388e+00
4.099128400629830971e+00
2.855645398178285443e+00
8.601720836856996399e-01
4.849438066235752132e+00
3.976001905684398263e+00
4.976261647657240772e+00
2.834567585148672464e+00
4.565580728490028051e+00
1.597970071671805492e+00
2.706605045495951600e+00
3.902012539595136165e+00
3.458878452210379262e+00
3.397226883833870836e+00
2.407251453318481449e+00
2.046734043410525672e+00
1.506854810789512999e+00
1.067231127658624379e+00
2.608367649939793864e+00
4.911731619728350040e+00
1.474285068719347169e+00
3.820738686661113270e+00
1.973569252583948774e+00
2.922834805694239257e+00
2.763619106690661020e+00
1.914822645464939743e+00
4.069226628741026808e+00
2.140958850776184530e+00
5.301746281331781718e-01
6.341766619531991056e-01
2.430637481928004107e+00
1.737989272996074419e+00
3.385832121038601095e-02
3.460803664243323308e+00
1.691270103424030058e+00
6.806260118985574259e-01
4.602480300558440263e+00
3.960915158414196613e-01
2.292092999994805425e+00
3.971023374924681271e+00
1.184858831698367698e+00
3.040656081131712263e+00
2.124900019979048427e+00
1.706129216869062271e+00
4.383050629385499164e+00
4.175978996491941375e-01
7.773854549104619593e-01
9.299675115824307392e-01
4.968104582523123369e+00
2.717612463442351967e+00
3.284677454447526568e-01
