4.216554589125691699e+00
9.375740813297950282e-01
3.194444698205172628e+00
3.207289759089722914e+00
6.591867232348891381e-02
2.882885115241062834e-01
1.922452339426876211e+00
1.547855604366561444e+00
4.869556043423685310e+00
2.185144139540991404e+00
5.683670920180905473e-01
4.537049715701616748e+00
3.381495350813227496e+00
2.213482109861318214e+00
1.750261255047676379e+00
4.680884732077863930e+00
1.670181459744980446e+00
2.048045600344454709e+00
9.991491302975652467e-01
1.693735866215212438e+00
8.656705711368783973e-02
2.680292246536224887e+00
2.954622676126015257e+00
2.115950401318204221e+00
3.773196119157291140e+00
1.730121105226238409e+00
3.609314763574168694e+00
3.769807681622350248e+00
4.637900906117693012e+00
2.122027812459506002e+00
4.463214881320109129e+00
3.536095182575594187e+00
2.026212654232394605e+00
4.746565942028039942e+00
1.707348520493913835e+00
3.451295605972437119e+00
2.703246140485239479e+00
4.297278851994822624e+00
4.296333723889979694e+00
8.891336543270833559e-01
3.929934655905196195e+00
1.098526411193873065e+00
4.165772123788374914e-01
7.139648097175421704e-01
4.018741549871872820e+00
1.255275353896549539e+00
1.224345972735846333e+00
2.319843219308630911e+00
2.677241666772384399e+00
3.448140553458829416e+00
3.243617508185584697e+00
9.681497539645173012e-01
3.734993424161200615e+00
3.005824595999589732e+00
1.174714290327969479e+00
1.167796991653033967e+00
3.419424888338179258e+00
5.384812636373803585e-02
1.475233703782001804e+00
3.220506028512785779e+00
4.806643195297488624e+00
1.639686583847180135e+00
4.344148207323848432e+00
1.714673492651287434e+00
2.429235834941478878e+00
2.639809180240594522e+00
3.366265483942329162e+00
3.691684982479743748e+00
1.573625775130046422e+00
2.804113309434696610e+00
7.480671166959212970e-01
4.817315304825356748e+00
2.733513926380187753e-01
3.996184808617722073e+00
4.672950611905807294e-01
7.108319038504190557e-01
4.459626590204234908e+00
1.741438254153737653e-01
1.780498243636586819e+00
3.592000418107042403e+00
3.917187923707248220e+00
4.539867065599127116e+00
4.295887502333604502e+00
1.538840208889558081e+00
4.741266695913595619e+00
1.956231088300755427e+00
1.144630859616167395e+00
1.488337614461557212e+00
6.630919782960154052e-02
4.670251327874453295e+00
4.071674134087114538e+00
4.652657106030407164e+00
2.856238255200345133e+00
2.408192182278257043e+00
8.164663274956163175e-01
3.758198444885270106e+00
4.991361044319714502e+00
4.321415202634715236e-01
2.691468214341978360e+00
3.357332297402046972e+00
4.974677656845303275e+00
2.409455746600129178e+00
3.336594499151048332e+00
1.113179668266224276e+00
3.648926463897239625e-01
1.678993294916605317e+00
2.065764260110475092e+00
2.703815221004475688e+00
3.264482018650967099e+00
4.139888665197842599e+00
3.406994812620414592e+00
1.745885399609806043e+00
4.778948676310697863e+00
3.241406364431707043e+00
3.391254964052348164e-02
8.332406079606380356e-01
2.963898080943843549e+00
2.967868610060830470e+00
4.208641508557898980e+00
1.171635267012071102e+00
1.345687456814672167e+00
1.647606117649844215e+00
2.516794577080769812e+00
2.740647340041149516e+00
3.366512921365371724e+00
3.805031813815495934e+00
2.935798198813748705e+00
4.205979091172087792e+00
3.030118771668728783e+00
3.570063056543945734e+00
4.143357433226673159e+00
2.504802925527946478e+00
3.676830745628806962e+00
3.415656964720859445e+00
4.487796555615185312e+00
3.338260731704550288e+00
2.932840129761694392e+00
2.295686821863526905e+00
1.989610801774748694e+00
4.151225830231491720e+00
3.424978287806507815e+00
4.639720294036150605e+00
1.958707028711781817e+00
2.745917476350338227e+00
3.517916656534510800e+00
7.608656898116739065e-01
2.712651746889372273e+00
3.544231391595001668e+00
2.783530991941596255e-01
2.216978484749108080e+00
3.110129495701221103e+00
2.924516210256926207e+00
5.875140115571075849e-01
1.982400222145234148e+00
1.983308953834040267e+00
2.438777253336852358e+00
1.921211486352395470e+00
6.837283337766397739e-02
2.411547468333593791e+00
3.875152758166402478e+00
2.194576761950432608e+00
4.154849099100140108e+00
3.874406345505800875e+00
2.677958526620122015e+00
4.962027228024759928e+00
2.997412891491832099e+00
4.012663311137904643e+00
1.603553490519083358e+00
3.638351589498607819e+00
2.270202031805394149e+00
9.637059929493868582e-01
1.178865632369400229e+00
1.761109634935144719e+00
1.024485804737473860e+00
1.348559653478212272e+00
1.629632528938497193e+00
3.118695703137071895e+00
3.913476961451911595e-01
4.121921181423940261e+00
2.725314341949762298e+00
1.426375928544031391e+00
3.957264642959701817e+00
3.611022233196731879e+00
4.555189794534808101e+00
4.912956952427707691e+00
3.775462270241309870e+00
2.119662469918039971e+00
4.553495282496544228e+00
1.343550783027156470e+00
4.215631146559158715e+00
4.506923401718882616e+00
2.418956615998065107e+00
7.681569408046229341e-01
4.087859035922511985e+00
3.639341848764967580e+00
1.752648447791504527e+00
3.915334540663774732e+00
3.033481431297406328e+00
6.923848631168955103e-01
2.540494127640941180e+00
1.888904217927349194e+00
2.197944451734257232e+00
1.787102033813736668e-01
3.076822810821524978e+00
3.804968424767524837e+00
1.339180841420350987e+00
9.520678247520469872e-01
3.294407641744791171e+00
9.939518638705291398e-01
2.606900448912868207e+00
1.584290999203975536e+00
3.716568343774661720e+00
4.588337387438455650e+00
4.469676170069868171e+00
2.338429741431138353e+00
2.311201170013745365e+00
4.286324529354049062e+00
2.168724048428988915e+00
2.803498084754971309e+00
3.586653543745443873e-01
1.328131875962423880e+00
1.038917233720186850e+00
1.228987122450962977e+00
4.856855784649644070e-01
2.554349156305088187e+00
2.602596491838813808e+00
1.787882689585046370e+00
8.867274542304681706e-01
4.765406591052721907e+00
2.807284743789911774e-01
4.098612463625526559e+00
2.416535846727282610e+00
9.243667193923038594e-01
2.686919810458770819e+00
2.852273837658097833e+00
1.445134106108240113e+00
2.260140396800732088e+00
4.597366065212699304e+00
1.213756377811696208e+00
1.779290263787526971e+00
2.593720801770805551e+00
4.434094626551859264e+00
3.003095600372904794e+00
4.353803193454453435e+00
2.466270748958713899e+00
1.684789601578231100e+00
2.815532546419053261e+00
1.399580671118751507e+00
2.394540224287172947e+00
4.586435998985008311e+00
6.090813087375213097e-01
6.787985119087830421e-01
4.796371948309945843e+00
2.389020196417490638e+00
4.341331526680815678e+00
4.556113634845505800e+00
4.190203355440761612e+00
3.027174417098625447e+00
3.175550806480647914e+00
2.234633426423552116e+00
1.646507256689889731e+00
9.372410101413219952e-01
3.499258960862239753e+00
2.131843869986924211e+00
1.883612244704815808e+00
4.590150425118146416e+00
4.946287553077155508e+00
1.058619652166549185e+00
1.475015777660598770e-01
2.273588968920567943e+00
3.935457266133568499e+00
1.446824174148501063e+00
3.098992923549015455e-01
7.573201459109485389e-01
3.359089057230646436e-02
3.225898471412294466e+00
3.405214304823918070e+00
7.914017470053918979e-01
6.278344108439787297e-01
2.623733340155569582e+00
1.491221632518695994e+00
2.053102710446458978e+00
2.656807766659463610e+00
7.568613503897891892e-01
7.890705683849186247e-01
4.185084552089657350e-01
4.516333691503982450e+00
2.246343978100111549e+00
3.151417871180727026e+00
1.685050408067467309e+00
3.968343671746132895e+00
2.693459637074657298e+00
1.852447038753590736e+00
2.164449525732270452e-01
3.871365135161247695e-01
1.250995037639802687e+00
3.130006171046460395e+00
1.890082356162161137e+00
3.262738364862074913e+00
3.280175769702311062e+00
2.082188461860867701e-01
3.268138304901326840e+00
3.205991668759027746e+00
1.677393306795846861e+00
2.061294184499173454e+00
1.704769330623953749e+00
3.537274547648731726e+00
4.742142704931562314e-01
2.322184557186397047e+00
4.639559853708662196e+00
4.827426153557301092e+00
3.551928682304942519e+00
1.870048788337796974e+00
3.391219409379746086e+00
1.448270598380613894e+00
4.055835345743196818e+00
1.456585599934263620e+00
4.534161131715544357e+00
1.948505462675545363e+00
2.583505138521242195e+00
3.647169989986971395e+00
3.314523247538001538e+00
2.883537243974991338e+00
8.531090353178683028e-01
1.920893348807801271e+00
4.114549726608122349e+00
2.627421909544394030e+00
3.809461749683590970e+00
3.679808892644198970e+00
5.056922929767282415e-01
3.179669173287993367e+00
1.720575426175649625e+00
4.676359987354716807e+00
3.374037409745358040e+00
1.424173765590556195e+00
8.090139630342702004e-01
3.425676484373429531e+00
1.610466918799922098e+00
1.410854843722019858e+00
4.071344216797434079e+00
2.457831998685411801e+00
8.393005002600739672e-01
1.158397841847468968e+00
2.593266687156454253e+00
6.778959309725263171e-01
3.346204496496113512e-01
2.594448123698351871e+00
4.216192779280440561e+00
3.163762223441575205e+00
2.670048170149524891e-01
4.788254555553203673e+00
4.640128466455052170e+00
1.599012944971631267e+00
1.565359210858525696e+00
4.161618561532241856e+00
3.937428148118381266e+00
4.762881436413939795e+00
2.032580690078093610e+00
4.742157319324837417e+00
3.675780265715437700e+00
4.968165682187550836e+00
1.871299554419732392e+00
2.526059354689223824e+00
3.409263335637963133e-01
2.782146164679685896e+00
1.419700342612335575e+00
4.703826202076120566e+00
2.012881134624018298e+00
1.605968607872199527e+00
4.580885320810852868e+00
2.892036130359540103e+00
4.020910592999998867e-01
3.525264869321956596e+00
4.143324289848202113e+00
1.291970056976246006e+00
1.450458205827189317e+00
9.116123101671863571e-01
3.751892094974028424e+00
4.592582786460617683e+00
3.495145785067466093e-01
2.236963870046240199e+00
4.559743723276243887e-01
9.655150037773257976e-01
3.248516945379637644e+00
2.615571881298528467e-01
3.567562250715341943e+00
3.959598680294392103e+00
2.430777039002763651e+00
2.552289757163487494e+00
1.186186060773632533e+00
8.680644544731164203e-02
3.860461001387304414e+00
6.730359995829976461e-01
4.190880887680428657e+00
4.127407480895470826e+00
4.217677538464577935e+00
3.649022074079870670e+00
2.150741488776185761e+00
1.897743846790953981e+00
4.904436181836921982e+00
4.797806461984646553e+00
3.177703896090608549e+00
8.061737240863542375e-01
4.063366141191188108e-01
4.664255475051492184e+00
3.774728091208531922e+00
3.868183874603716710e+00
4.346403079664068692e+00
4.742033761529384606e+00
4.923165155550810468e+00
7.730567273594307620e-01
2.084298410662850376e+00
2.312374213663708211e+00
2.740674265279011479e+00
1.376209837416754844e+00
2.343666810451136673e+00
1.491248549876386109e+00
3.678656669663947554e+00
3.365457074797079118e-01
4.290507551647938733e+00
5.057459123469582041e-01
6.664462687397632035e-01
4.658455626097271818e+00
2.229217423355439598e-01
4.292890797005094683e+00
3.892246772595298498e+00
3.290076684638010285e+00
1.647519079382897988e+00
4.593148383115242872e+00
4.610998116640538491e+00
3.695761660271073001e+00
1.593708638979696612e+00
7.938751219956075023e-01
3.309359328379391840e+00
2.917113931109005520e-01
4.051963337164043111e+00
1.957789396283009520e+00
6.379796192230680063e-01
8.223086638688759109e-01
2.963633699828673862e+00
3.905492209277880988e+00
4.514516080297145351e+00
3.384663799466205436e+00
3.665511466416251807e+00
3.149900214747608729e+00
1.844035974874828732e+00
4.433603047585558343e+00
3.077728902395662214e+00
7.394042116815674470e-01
1.400886482494064111e+00
1.787600861573214850e+00
2.610393543916389447e+00
2.833059599831133202e+00
5.215891717890325241e-01
1.898563329775782016e+00
4.916210491010332362e+00
2.982161275036107284e+00
4.015155476562232373e+00
2.169487531192815233e+00
2.034590504995098748e+00
1.572270660157596422e+00
4.864196666375674383e+00
4.381484662717541667e+00
2.139906576750298495e+00
3.204601823784131165e-01
2.603579510876104841e+00
3.301846839836004133e+00
3.306304604081355514e+00
4.930394915959502633e+00
1.603864482464946173e+00
1.102368798881227629e+00
4.487505788012306596e+00
2.669795747018699039e+00
1.248285724903034355e+00
1.304773871869702173e+00
2.243136390500811039e+00
6.809559025500183660e-01
3.796472883236373663e-01
1.585520911234715058e+00
3.054346280065129982e+00
9.093946739887603936e-01
9.573542086873559898e-01
4.219066439711783190e+00
3.398145699565359834e+00
2.724488538048793984e+00
4.012961377812470865e+00
3.454651422769744684e+00
2.385876332132955024e+00
8.117481926316505447e-01
3.453278595611716906e+00
4.610764013833600572e+00
2.787213259770353613e+00
3.596014369664671584e+00
2.209050810891852734e+00
6.645755431698951998e-01
8.575052356757278949e-01
3.550490271789820795e+00
8.269180762067412926e-01
1.956790402385851113e+00
2.285946128034131775e+00
