1.997429442831379465e+00
2.860837177253866548e-01
1.681062372040926345e+00
1.184552083404101230e+00
2.824466032823575112e+00
2.801378771774413856e+00
1.492986131389897331e+00
1.482875399687466178e+00
4.878299371811563923e+00
2.880455707723147185e+00
2.518776296641671131e+00
4.316334374689131614e+00
1.191641179727584543e+00
3.450227670522159062e+00
1.221460850217795269e+00
3.438066630290524284e+00
3.706565272080677431e+00
2.290447959676680689e+00
2.756817599177632250e+00
4.428288029392029479e+00
4.715806756643431186e+00
9.895853552748229420e-01
2.454728729359859862e+00
4.535391264773463993e-01
4.294947895116872694e+00
3.144473256280880591e+00
3.721965559370049581e-01
4.762168698491007213e+00
4.027462354406063483e+00
9.845559910550566451e-01
3.588554465908877500e+00
6.702328671134516469e-02
1.064279530560293008e+00
2.337926995995738721e+00
2.795384443582141110e+00
4.388232585422974230e-01
5.974594940734079263e-01
2.646508788436576776e+00
1.409498119210236267e+00
2.360706596938998203e+00
5.458432728747469875e-01
1.526348077434130923e+00
4.507480829570812197e+00
3.335714641340538744e+00
1.862776741621543053e+00
3.801351090418712442e+00
4.942904911556123437e+00
4.236266475701738754e-01
2.435439836733237939e+00
4.808893623037003628e+00
3.714546866961327076e+00
4.743891662731218872e+00
6.171637738643953597e-01
4.448935203442166975e-01
3.497095147574313945e+00
2.115307665920756364e+00
1.448701314743477297e+00
1.037033739150596823e+00
4.888894049777639417e+00
4.403343524340346704e+00
8.038451383314287879e-01
3.393351294096701665e+00
4.917782394285420189e+00
2.899381920129715962e+00
2.468651415931619297e+00
1.430992433025392030e+00
8.822181018285413234e-01
4.193718278671358490e+00
1.284599334727892783e-01
3.524365919304119910e+00
1.827239947285059340e+00
8.946965624271085993e-01
6.102807745712257592e-01
1.064006566994178948e+00
3.244577616257493080e+00
6.775817705661846269e-01
2.531964260913846410e+00
4.044048302409181117e-01
2.374274010820861314e+00
3.154156080503409676e+00
2.119252566402653581e+00
2.758605405611580963e+00
4.083846708020325345e+00
1.330500807412494657e+00
2.221136515527192934e+00
3.595967232093233434e+00
2.114310988687495563e+00
1.393174230708684291e+00
3.860081017019481475e+00
3.585070204440767405e+00
2.052592001019214685e+00
4.752945886099906758e+00
2.323644551823958349e+00
2.731583020260550665e+00
3.131951964873728400e+00
1.316192017696155014e-01
3.611962332388109598e+00
2.992954104627389977e+00
1.294785574286060337e+00
3.428128178431877338e+00
4.117005567447796999e+00
2.350998027575597504e+00
1.980792990576973889e+00
2.479692543350098255e-01
2.728925015538358423e+00
2.753313041120025728e-01
8.323288956610824796e-01
2.490281035550979460e+00
4.156955566473826025e+00
4.829885874560012837e+00
3.946166858482176742e+00
3.589827873916897172e+00
5.833781311726660146e-01
3.425480874256327635e+00
2.025874851703020951e+00
3.677566355243242491e+00
3.057365468682310405e-01
7.165667963541977326e-01
1.319161089707461709e+00
3.454956503095854004e+00
4.975809652865166299e+00
1.421883177234237738e+00
4.891501879392683882e+00
3.599951345287047300e+00
2.936052938126795908e+00
3.040398005739987752e+00
1.878489186036635950e+00
2.373360569945243137e-01
3.392038689102068183e+00
4.686160053525449065e+00
2.399051875536397205e+00
1.239670740199877441e-01
5.728799167694642591e-03
7.225891078736174089e-01
1.848321513913300240e+00
3.529791744132817488e+00
4.265617809272168159e+00
3.811637762844852784e+00
4.836587850217595630e+00
2.630015274697235395e+00
2.634851976569288823e+00
3.530523188155396230e+00
6.034297832974822029e-02
3.717312297618970085e+00
3.755839434245221931e+00
1.605863959904941796e+00
3.492890971798489730e+00
2.274092619631815193e+00
1.100397863959623912e+00
1.216563501388536750e+00
2.598396599492121872e+00
4.175551105604174751e+00
3.664664396896453624e+00
2.706755740742504024e+00
3.948656591663025850e+00
3.394048889899447641e+00
1.039354085726861276e+00
4.162614273988328506e+00
4.363127810495834424e+00
4.382240504015230798e+00
2.164080189433601920e+00
3.621138691771741858e+00
2.851314759817751732e+00
4.258925903774802180e+00
1.615826150753563173e-02
2.710458096653045157e+00
4.748243747020246985e+00
2.667835286044435428e+00
2.982301178316709711e-01
1.990024157248871273e+00
4.829800826657379531e+00
5.546235670660126793e-01
9.210478513044517701e-01
3.019897437090997450e+00
4.925114351524445766e+00
3.516480755155186433e+00
1.868764348547968801e+00
8.601111702181118979e-01
1.607827503999723628e+00
2.255148517185794788e+00
1.262970280883140006e+00
3.773540070982139838e+00
1.604007876780197517e+00
1.421228588353655287e+00
3.677691938315851949e+00
2.372771634019386511e+00
3.894787876668000415e+00
2.834457406014216918e+00
4.915349080807290605e+00
9.715901135449256376e-01
1.327578602965681087e+00
2.158290618567618502e+00
1.414130275525462999e+00
4.975663949187243418e+00
1.054583368669592680e+00
4.023753071264300374e+00
1.159417523003052786e+00
1.313663717721180291e+00
1.740404877781849713e+00
4.471299830607694759e+00
2.222524942884206212e+00
4.821757377380679443e+00
3.540281004628699435e+00
1.526023424891009395e+00
3.839386781526536119e+00
2.452018166143554279e+00
4.593064677044678135e+00
1.864952280996851730e+00
3.752046959232199885e+00
4.549869618429939422e+00
4.730687194430575282e+00
2.985178163916192062e+00
4.821728221923789803e+00
4.178765680146960371e+00
1.376397710894963211e+00
2.910878767296503522e+00
2.457432445197399673e+00
4.871437985988443131e+00
9.105760556428715846e-01
1.704791385660251013e+00
1.327429535812083117e+00
2.317285668237870411e+00
2.361855817070819263e+00
2.784090239898780794e+00
2.694867150306845538e-01
4.805823179171931692e+00
4.833483447081730056e+00
2.781305227083807896e+00
5.226653290544042152e-01
1.778535269647618211e+00
4.625762248120312670e+00
4.104677361069908326e-01
4.201736260384675070e+00
4.919407134879635102e+00
4.251012533339720179e+00
2.442138601796304265e+00
3.077250847611305851e+00
3.585320250441181411e+00
4.280447837202558503e+00
3.259835401676615341e+00
2.541386147863647693e+00
1.867710948205882904e+00
1.140143726454497797e+00
1.884651918832037643e+00
4.257027214436655882e+00
1.556193633770750928e+00
4.463001946272281195e+00
8.912050019096823261e-01
2.679523906463976424e-02
1.672059515537748231e+00
2.964585273858979519e+00
1.031608179542687909e+00
8.011158217842928586e-01
4.737837130177501521e+00
9.926986868711895617e-01
3.263592133490682112e+00
4.526529738285406390e-01
1.879647075370726172e+00
2.299736674146704019e+00
2.563378396735433995e+00
4.860499045418109620e-01
4.013739512466685255e-01
1.526144811546983782e+00
4.868565995758481257e+00
2.014018584594125638e+00
1.629922950574314466e+00
2.898566436527984180e+00
3.718300828814984360e+00
5.317751733818748550e-01
2.004330602442840448e+00
3.183734712763024000e+00
1.610189497280944959e+00
2.785431559795452650e+00
3.687838997798514873e-01
4.170405020624137649e+00
1.519681576675687040e+00
4.214173351311383264e+00
3.762695534904103578e+00
2.147939880794428547e+00
3.683546748311302022e+00
3.514275029113834492e+00
6.722794183651126243e-01
1.673655110804332491e+00
1.274642189091396149e+00
2.234094540073029656e+00
3.285612984346557575e+00
4.379414941090484348e+00
4.253154157346484610e+00
1.491054062584108442e+00
1.092361570312400110e-01
4.372963966610565745e-01
2.967312502265382790e+00
3.387403374144489554e+00
2.068628063708605191e-01
3.195705876497263009e+00
1.170992559325022553e+00
1.744821878526189307e+00
4.764701753603737266e+00
2.277670364606034781e+00
3.856794466688850953e-01
1.266504289310323994e+00
1.197874364150681270e+00
3.446375995670985404e+00
1.546222526320707447e+00
9.773998774277098400e-01
6.198108479579206298e-01
4.869263216023843377e+00
7.915422282444350977e-01
1.487412658264584575e+00
1.109715201870264956e+00
3.969454670070130753e+00
5.321332103252446322e-01
1.497996032127929533e+00
3.000418449908566654e+00
4.486820645660299256e+00
4.399934915630308474e+00
4.472476381922168009e+00
2.966454577596300268e+00
1.591422678837240978e+00
1.034793131244370334e+00
3.047785616575666712e+00
3.704823142950412596e+00
3.950013653324123020e+00
4.390463548031197760e+00
1.019360591639103530e+00
4.737627714186475103e+00
3.874671423933968128e+00
8.854217735815850254e-02
1.994900955894387096e+00
4.519281366843072689e+00
3.366915940178200062e-01
1.948995072314613219e-01
3.650281774063062645e+00
4.392509821800067549e+00
8.129583701277071084e-01
4.235148240362253347e+00
7.072835174992747609e-01
1.625566027499985022e+00
4.186791147518251321e+00
1.421940288769973915e-01
2.602564662395874695e+00
2.970113223955311854e-01
3.214411502479402882e-01
3.076300385123506231e+00
3.525981260837689923e+00
3.878066340523626643e+00
3.221543442525143242e+00
4.755879712836128093e+00
4.769054479234371868e+00
1.798778777058104295e+00
3.120669083330452231e+00
3.784232093625261140e+00
3.207628501887169303e+00
1.485652447652465735e+00
2.263532745544035052e+00
2.354757711087535066e-01
2.414168200511569218e+00
2.993779411065593088e+00
4.589825181502698470e+00
4.569910609590781547e+00
3.373983500136021441e+00
2.566886286649891602e+00
5.356158860082738116e-01
4.297833720411369463e+00
1.515013112535620321e+00
4.749152839860400377e+00
2.575759224402155212e+00
1.861792159623599119e+00
4.177648810053844031e+00
1.625363338360976240e+00
3.810886307643602144e+00
2.820691361709472655e+00
3.298571339401472624e+00
2.694224029785182051e+00
3.317268951080160733e+00
2.847032234825590091e+00
1.139396646337237362e+00
1.706550412379713721e+00
3.952476067126740045e+00
3.832193819616406927e+00
1.673381427963588353e-01
1.092394356523913146e+00
3.876779164168436154e+00
4.750193176985700205e+00
3.125125073427725386e+00
3.475671496608758293e+00
4.691616092212358424e+00
9.781228002099151553e-01
1.044201345957992411e+00
3.223489666048906521e+00
4.204810177900063728e+00
3.748137090597770005e+00
2.595410083637920806e+00
2.888637931084806709e+00
1.802476796111268653e+00
2.223276349404772034e+00
1.069488696036835496e+00
6.563377737470355022e-01
3.829410235081762703e+00
2.170003210694007034e+00
3.866589258967557008e+00
1.300242915761506968e+00
4.960401921683036619e+00
1.493917285218035573e+00
1.702973042267251769e+00
4.769523189750001002e+00
2.994849278419747129e+00
1.256112832569032944e+00
4.074226567892860196e+00
4.290572970536829622e+00
2.114288867348873557e-01
4.779719897671721895e+00
4.601688038580737050e+00
1.767262665671625044e+00
4.335371497939672025e+00
4.775187913148910113e+00
1.635376744829710294e+00
1.507617943799452576e+00
2.897699197944663574e+00
2.098931749480424269e+00
1.853455748674838865e+00
4.222777350533251095e+00
1.720815363854141911e+00
3.991220272486675213e+00
3.623774670679396515e+00
4.172699257501893966e-01
4.747584978616989027e+00
4.490605508713169769e+00
2.497939103390629079e+00
3.143157387904682576e-01
3.037940149725550487e+00
2.053550713090415147e+00
1.139475457224330857e+00
2.035657479400360792e+00
1.870246469702255832e+00
4.010164242586511385e-01
4.634681348290895286e+00
1.312994827882038029e+00
4.333384653695405930e+00
1.827570885528748246e+00
3.353437205288025691e+00
4.003098756369263711e+00
3.088326989282001556e+00
9.614514721228878402e-01
1.495803213723971847e+00
4.599155470544608049e-01
7.389258753303157290e-01
3.396710424103879689e+00
3.301839277533626937e+00
4.924364031122364871e+00
1.223348490809092581e+00
7.469011936164460241e-01
3.686967546776223514e+00
1.365981108284232137e+00
4.485091382525566495e+00
4.072728393089812826e+00
3.190197147033452918e+00
4.433423953166682807e+00
5.260470967478358961e-01
7.268442660949075984e-01
1.176772209228468924e+00
1.921676988751859660e+00
7.795459684930716726e-01
1.688327903673932262e+00
2.887306646336342819e+00
2.173070140897930713e+00
2.637430820862632252e+00
2.998209528709707250e+00
4.193946912702360308e+00
2.417804314632652218e+00
3.402747835987018465e+00
4.968043928222542149e+00
9.591567014549007286e-01
4.124307211207124624e+00
4.327998256123766652e+00
4.920975412274664507e+00
1.126306789262832009e+00
1.210951612148016387e+00
3.093934530935756655e+00
3.167553449168146074e+00
4.682746231667210601e+00
2.288726976837169858e+00
2.338103171104668032e+00
2.003121265821651953e+00
3.666697755172887430e-01
4.501405239314552276e+00
3.476635305581925461e+00
4.921503727175254639e+00
4.958658038518738209e+00
4.401433045382090015e+00
3.040789503162586005e+00
8.138282949672509536e-01
3.077112099581191362e+00
2.686956798564905213e+00
1.584655999526904502e+00
3.672154839300544982e+00
3.935625088578030173e+00
3.328923542023054960e+00
8.001286523316303301e-01
1.931033476383360981e+00
