4.075472731872827659e+00
4.332512361933148703e+00
4.150296109266576217e+00
2.531590317736380769e+00
3.320868431687630906e+00
2.312926087023587929e+00
4.738427454380197190e+00
4.193743191948118287e+00
2.627282236551227612e+00
9.199140252410675789e-01
1.845113482455274401e+00
3.771197792331160148e-01
2.641190874857909598e+00
4.181793288587238422e+00
3.558544614291866637e+00
2.097882713823113754e+00
7.824748582646368078e-02
1.146906934125578870e+00
2.670693164529464037e-01
1.852135972218141191e+00
5.890879856091479905e-01
1.827114701430955890e+00
2.882113499258459610e-01
1.262992047995822320e+00
1.462998555714245974e+00
4.550018682082673571e+00
4.805548652832404066e+00
1.772193745245814078e+00
1.684419692018228609e+00
2.957655170738214601e+00
4.121819837838089029e+00
4.256204746996013810e+00
1.758048680845870626e+00
1.432825645725042563e+00
2.850937857845982748e+00
2.210083894666791338e+00
1.749236219158999406e+00
3.872841684691559205e+00
2.733792191956316842e+00
4.187178149933135529e+00
7.281497776997286620e-01
3.692115694617398969e+00
3.870378092523907299e+00
1.299929547056986490e+00
1.699288915322938465e+00
2.248992207933875331e+00
3.774926763467162383e-01
3.271854988450757062e+00
4.302082457616593025e+00
7.118115721124196327e-03
1.450094895514256077e+00
3.663095046245228747e+00
3.830411466767158046e+00
4.711351962529880533e-01
4.175559220498225699e+00
1.429325397884253501e+00
4.797205267918250193e+00
3.223246656621027828e+00
3.377582940485368113e+00
1.061487251050272640e+00
1.085681644379954403e-01
2.544991291314231407e+00
1.603008808877320890e-01
3.828950190828696698e+00
2.145838167614732228e+00
1.816719083743116858e+00
1.339176739384634995e+00
4.424120411831223620e+00
2.143764659400461792e+00
2.110360059951647660e+00
4.408453549410639383e+00
2.160185047743373721e-01
2.025858080613453627e+00
6.656254023230889771e-01
3.651381197552591829e+00
1.257074420886050259e+00
1.574756258041101642e+00
4.448306071286288521e+00
2.316315237932804916e+00
3.908702439163817655e+00
9.111812768912308513e-01
2.421855295904623562e-01
2.729070905912526879e+00
4.610351697325471676e+00
8.900028769999313027e-01
2.179259645326794281e+00
1.521597067611383247e+00
7.616939717997489590e-01
4.607758703337731632e+00
4.135158105783834692e+00
2.449066081015400353e+00
4.599391366051413854e+00
7.837024561665550948e-01
9.839272233605761420e-01
3.336709142086177859e+00
3.939088039812135289e+00
2.065269741876371690e+00
3.230264789645700407e+00
3.725499051792042327e+00
4.244557223493303333e+00
3.971691800778127668e+00
3.879833576693243913e+00
1.652707982394771680e+00
2.548984136849785642e+00
2.200291302113715375e+00
3.808681573328291492e+00
3.773108054344207041e+00
1.366200465063073910e+00
9.376950491608604388e-01
4.391034448728959205e+00
2.766677282399208071e+00
1.970276751956426819e+00
1.610699324181198433e+00
7.209515015596196230e-01
3.548782591645930573e+00
4.761755199471608968e+00
3.362284086842581843e+00
2.788249745585923201e+00
1.891167708447911711e+00
3.748499938508943252e+00
3.683785683142111189e+00
2.184361383505402543e+00
2.861751320928714648e+00
1.965296723355675068e+00
1.982512866706828802e+00
4.331722890613765031e-01
4.220217905291350213e+00
2.558483580463268403e+00
4.220207423739633867e+00
4.880857932706040181e+00
4.040086951438482288e+00
3.379871068751059582e+00
2.253908883285868914e+00
3.599625221717078771e-01
3.763099154219691211e+00
2.559043778441459249e+00
2.054108352996482978e+00
9.359208380121558646e-01
1.382822875262122997e+00
4.701095071635788436e+00
2.986848281153959839e+00
1.668518600695610310e+00
6.518669292117668101e-01
2.854736273903907495e+00
3.470653594661296637e+00
3.015971570522432366e+00
1.784982608347609467e+00
2.782657706784962492e+00
4.600410950350848793e+00
4.517583566367716630e-01
3.376570162953754117e+00
2.109669294161243158e+00
9.005457317914222770e-01
1.093259153358755453e-01
2.881068763931039278e+00
4.618721756477161655e+00
9.987321127934323250e-02
4.660140438867840906e+00
2.153659295118333095e+00
3.396111844786141809e+00
1.043512860196771364e-01
4.253077638727368104e+00
5.872106225540885127e-01
4.059175101600863478e+00
2.106921154507511051e+00
3.018921345673784451e+00
1.819485954107670223e+00
2.625730211515475698e-01
4.671157922643786264e+00
1.241932585445767456e+00
4.413300901865143899e+00
6.502020207825087716e-01
2.426074896167698558e+00
4.746679233520878505e-01
5.388813724781055248e-01
3.847267928452082764e+00
1.926017197242715806e+00
4.786084730485035132e-01
4.042442853063224817e+00
2.447034847550367154e+00
2.386060532248024835e+00
2.488598111419500825e+00
7.432633527770315940e-01
3.300322127379402115e+00
2.756961819758091403e-01
2.371469934844867122e+00
4.671985964375505063e+00
3.445584063250356266e+00
2.033417433041930344e+00
3.780708059052981351e+00
3.156645709208242501e+00
2.396797283657870370e+00
3.900246389256935231e+00
3.276510524516203837e+00
1.670227206704869571e+00
4.605916799057608202e+00
4.631671014688775401e+00
3.000914962727689872e+00
2.698110520485499375e+00
6.391653248099460338e-01
1.314505530957678747e+00
3.721490690510798061e-01
3.441396108972515577e+00
4.558882247065026760e+00
1.163312076548494556e+00
1.957798798408565855e+00
2.520997905122287719e+00
2.029685311884874110e+00
3.209570848592823822e+00
3.827337272489228059e+00
4.788054431824869006e+00
4.013045787202379477e-01
9.413930879853177336e-01
3.676112019462137503e+00
6.663258882471756461e-01
2.648980309646589149e+00
4.053379021494467160e+00
3.968251141836393048e-01
3.293681415736595675e+00
1.918813475097107979e+00
4.425207506979525363e+00
4.669966918080073803e+00
1.883804492314145484e+00
1.850304931835418110e+00
9.173175412240563986e-01
4.440054140011913120e+00
4.967124237791461283e+00
2.943477613842659935e+00
4.492866880255599327e+00
4.452251968094128820e+00
1.442223675101273361e+00
9.296469642328675231e-01
4.272750940659361341e+00
3.335034290000045143e+00
7.059325977888603054e-01
1.082444749342121426e+00
8.929759302736217652e-01
1.005349719995227709e+00
2.192663229532678226e+00
1.855872940421178230e+00
2.427501721092741427e+00
3.743409073292131684e+00
1.564065393422735095e+00
4.712683721725535513e+00
1.316951408910680854e+00
2.695445916301168587e+00
4.741320219838652150e+00
2.230783189809901756e+00
3.382443955133701330e+00
1.696279787433543351e+00
2.160991250058365232e+00
4.344075464984332058e+00
4.593334420956938224e+00
1.199814977021107509e-01
4.105368750675377321e+00
3.603008928314554105e+00
2.937179847497135565e+00
3.210593502137066846e+00
2.856925076189434254e+00
3.297464064498093705e+00
1.506234738167909093e+00
4.469775042890720584e+00
4.696819480863320351e+00
1.855637703342098987e+00
4.467223533446475159e+00
3.185708939797156081e+00
2.076803217199550744e+00
9.953399813275326524e-01
4.596699528730154860e+00
3.242803747819889004e+00
4.510453737390171192e+00
1.137965070620122754e-01
4.961591551843046233e+00
1.545446094166201156e+00
4.752780046042147433e+00
7.608173282936903092e-01
1.510717969919003867e+00
1.617761712774300475e+00
4.362205186972254012e+00
4.639219437291793646e+00
1.363622173787259584e+00
3.642599227198695999e+00
1.009435874966893465e+00
2.944958569954559735e+00
9.016439616831456449e-01
4.114714587131988566e+00
1.979846230321058886e+00
3.611448418958582263e+00
2.205611671661207751e+00
1.685279140597653047e+00
4.235940776392688178e-01
3.528428494707346097e+00
1.683868693729448474e+00
2.925354021667492699e+00
4.642723129420623707e+00
3.181175552900526782e+00
3.039274958923190439e+00
3.641116986244674170e+00
8.901414379939520671e-02
2.506170573813894187e+00
3.550963840405394922e+00
4.623781890959877572e+00
4.625439571580459486e+00
4.712584272599103841e+00
3.942827322454872885e+00
7.180850142425121430e-01
4.054843474345273258e+00
1.558810182629170038e+00
1.344349073599512279e+00
3.953188258663395960e+00
2.794576138278194399e+00
2.835271694040621071e+00
4.414090453988591456e+00
1.468174900981961795e+00
4.850944043203966771e+00
3.346994714383517255e+00
3.791297606600517511e+00
1.659384579954751970e+00
3.881182488566687905e+00
2.133687842015349112e+00
2.687093084434169832e+00
7.412973545503598327e-01
1.156205223327063658e+00
3.796342379319790794e+00
1.311090271408959396e+00
2.461423179466983413e+00
3.926889500568333524e+00
3.327938704868527608e+00
2.534147915862683398e+00
4.511468442414756197e+00
8.654924144262454710e-01
5.125831227390659217e-01
9.148329880322758623e-01
2.014380067064330815e-01
3.182338601114400589e+00
1.949010872967288366e-01
4.816959003919549787e+00
4.397867915980346876e-01
4.803361616054076855e+00
2.469371577647447857e+00
4.131636898155777615e+00
1.403157965074352642e+00
4.759940619440719445e+00
3.301809235219319572e+00
3.355842991398211961e+00
3.398920592898640791e+00
4.311773741846158803e-01
2.251253328707250034e+00
3.917184712903192256e+00
4.427046317359469185e+00
2.117093799408398702e+00
4.653503102443046657e+00
4.835559748200028096e+00
4.549014837199807815e+00
1.367478386553633740e+00
6.073155978560818014e-01
3.797600277887626774e+00
3.324539737341663859e+00
1.732130709638186605e+00
2.124688927271662475e+00
6.833107591257581159e-01
4.227924860479409297e+00
4.916692919039499010e+00
1.810261785795086453e-01
4.798723331398216274e+00
2.529218379974592423e+00
3.335456656244129015e-01
1.970534876623996734e+00
7.166208194499423811e-01
4.443088220845240244e+00
8.951784136861545838e-01
3.583612924998974547e-01
4.167094039769811076e+00
4.225725181783614559e+00
4.680184883579935340e-01
4.187342594265916595e+00
3.546869553133999542e+00
1.140343383897559626e+00
2.501693739645578063e+00
3.773747045512440224e+00
3.396677604761466185e+00
4.083344585609063770e+00
1.257731340605762860e+00
2.752515870991950386e+00
6.952032389929957423e-01
1.481443515258916710e+00
2.468388911657068974e+00
2.250554690312246642e+00
3.098318569395485333e+00
2.269683382717064379e+00
3.720716839893591921e+00
3.279511411228081652e+00
3.683673564738573880e+00
2.599044786498230675e+00
2.398407389224532338e+00
3.825954885204942979e+00
2.535468201167022428e+00
2.537637064135952691e+00
3.674096746820038284e+00
4.669494747486006681e+00
2.341032742348353679e+00
4.522124279835671778e+00
1.498223407886161596e+00
2.714827063642617944e+00
2.573881823299126737e+00
2.461874817539839277e+00
3.631195619035465061e+00
3.420295674189066659e+00
2.870702131172602645e+00
3.756856439594218333e+00
4.598166597410891399e+00
2.723095024184303270e+00
3.277212319497291304e+00
1.495750245941163570e+00
8.867204044188797818e-01
5.771110975391019471e-01
7.427348232166508524e-01
1.546016426301893176e+00
3.995711691987973158e+00
1.210591685734698775e+00
2.530182394598072815e+00
1.619715521205353781e+00
1.981140157744953445e+00
4.321293829659541785e+00
4.191015362789919152e+00
1.038124782310041017e+00
3.042505709599612196e+00
5.842111402053884461e-01
3.748189597987006128e-02
1.853237581047923577e+00
8.622280669178972179e-02
3.553129083390749177e-01
2.218343523956877839e+00
4.322392189752497060e+00
2.844102187445774366e+00
3.028785102162696141e+00
5.582872619666778835e-01
5.388558934632536879e-01
2.389060239503391969e+00
4.689656584789670291e+00
4.589833251773178802e-01
4.076463848140897461e+00
2.496130604307482681e+00
6.288593951834609008e-01
3.134867769483602906e+00
4.426005393600965121e+00
4.236190076626565215e+00
9.569438130705898438e-01
2.859699297135246177e+00
4.673122674280812738e+00
2.023920211726002005e+00
3.467395336140490336e+00
2.469933164240098566e+00
3.605430317981521249e+00
2.422514565633060446e-01
2.282832095669764083e+00
1.722559914922735524e+00
4.038740779889861798e+00
8.696036569426723872e-01
3.293773522660559561e+00
4.027243271537609637e+00
4.611956219876455876e+00
1.251880170396490577e+00
2.000675964150340658e+00
4.060279046587839780e+00
3.531215639879847767e-01
3.264201561560120535e+00
3.545052836262932328e+00
1.519916379743994073e+00
3.182207937200132175e+00
4.073777282050722981e+00
4.420985768849172715e+00
4.428117517422979432e+00
3.636584614654386982e+00
2.804967363248768386e+00
1.245691016159115039e+00
4.002018172941051999e-01
3.797814897811819357e+00
2.089716741577652304e+00
2.319582770299426944e+00
1.368196929438250109e+00
1.083981341637804796e+00
4.902585186852763677e+00
7.432686947717520587e-01
7.645062677041752908e-01
3.613696906544428433e+00
4.687284324477295705e+00
4.901915298436321233e-01
1.100206527705296367e+00
2.229833283787317377e+00
4.943238337312827468e-01
2.341387625341117662e+00
5.543305771027418061e-01
3.306383957518067795e+00
3.629530913282957627e+00
4.262876038238853305e+00
2.859600478132966916e+00
4.419627221040056675e-02
1.692579495971848758e+00
3.831469492153873890e+00
