9.334943460648981173e-01
2.713225566529766652e+00
1.434814577890341614e+00
1.855811884486470165e+00
3.746591932011831716e+00
8.275117410264604123e-01
1.626234045436621978e+00
1.281878355112181511e+00
4.536548015125968503e-01
9.913480038213773327e-01
3.516278218399482292e+00
1.876463009951308436e+00
1.302106399843165896e+00
3.728617971716712720e+00
2.450068391075357788e+00
2.658322728676822067e+00
4.385406339318651980e+00
2.188286504318193160e+00
3.749533596218451947e+00
4.594550836619814227e+00
4.643378368390700395e+00
4.105886808461926663e+00
3.464953091429745502e-01
2.351202700156618253e-01
2.017792154894924472e+00
1.112445392477598549e+00
3.749936485869775904e+00
4.657136113188575788e-01
3.890836993633800533e-01
1.586800202425066031e+00
3.249027702080650393e+00
2.736427658128314455e+00
2.532479244088439607e+00
1.566030913348901876e+00
4.187775661294282692e+00
4.527831193094759676e+00
4.153955735628744872e-01
3.889963285143576588e+00
4.766447712762114541e+00
1.372671969278391746e+00
6.961423563962643168e-01
2.938748837732436670e+00
2.834710153082485196e+00
3.362563774899928859e+00
1.722626668470638833e+00
2.410661020853157144e+00
7.504007622155900448e-01
3.513919029387012394e+00
3.557125442269555737e+00
3.868551904774930161e+00
2.507022287498765323e+00
2.056033851638240151e+00
4.510705154587901777e-01
3.734010939209404079e+00
1.013950381824030300e+00
2.161202158538728657e+00
3.156781844470309295e+00
3.077955278479683088e+00
4.732323844606700636e-02
6.198502609422329446e-01
3.462153723680003292e+00
1.042468766713962047e+00
4.953780406137953563e+00
3.351058592273668424e+00
1.202108559570422397e+00
4.798533482297642649e+00
6.753161481206571004e-01
2.181442392595317692e+00
1.320444970112860661e+00
2.856094214849859370e+00
2.539603235304405127e-01
1.148759024483844815e+00
3.617297007844475054e+00
7.703587740249362437e-01
4.534312595274790247e+00
4.920634114988362562e+00
1.691688946719969167e+00
3.796870320893845907e+00
1.355346039624382160e+00
2.661126322256171406e+00
4.416867336478713657e-01
8.745838345807638303e-01
4.181832120843763434e+00
5.656549686675937938e-01
1.437538391053119202e+00
4.197037633411812685e+00
4.553419778393847928e+00
1.424418009500280080e+00
8.870863258143540930e-01
4.466081932338235028e+00
1.773895297574540342e-01
4.982193943810969694e-01
5.472345908531128789e-02
7.440030380982254332e-01
4.455652871709587792e+00
4.418595594354093770e+00
3.221557143012129920e+00
3.160537740996160583e+00
1.359296333696200065e+00
1.080689557580383653e+00
4.537427921331732783e+00
1.965478642499054907e+00
2.075997336414852068e+00
4.862932308725498309e+00
4.764022048893234107e+00
1.467264569645398975e-01
1.072880121911512052e+00
3.354532099492682384e+00
3.989412799363312168e-01
3.696647069776485939e+00
4.905430666560618214e+00
3.784254750259383293e+00
2.021729951036483897e+00
3.206449715034635606e+00
2.070892091342128261e+00
1.445370349702165935e+00
4.164097386625724262e+00
1.269877564194042963e+00
1.649028431844373754e-01
1.590207443580286650e+00
1.086636543081520578e-01
2.704220109222075674e+00
3.301711789541039721e-01
1.468028575720771167e+00
1.112135601315794586e-01
3.738880345441669917e+00
3.109349596396575155e+00
2.788152806886191826e+00
1.396072699620167779e+00
7.101970703770221771e-02
5.744123425088165646e-01
4.076008429692322466e+00
4.978446305600281008e+00
1.477380139384346647e+00
3.413548362687923721e-01
2.579319836394254217e+00
2.267236757718804618e+00
3.265183428479863537e+00
1.422491748501003572e-01
2.062651941452496196e+00
1.398051935591373418e+00
1.829080165328839103e-01
2.527020843322962396e+00
3.842250125993631027e+00
1.941570052958723203e+00
1.186744843967822982e+00
1.497552121416321214e+00
1.785160156946458798e+00
4.094698893727427569e-01
3.213024613749934311e+00
4.505097691999763398e+00
2.425758985070483487e+00
1.763290079469409521e+00
2.090237937915566668e+00
9.352403412092535895e-01
4.999796821589054474e+00
7.564891246636973321e-01
3.735170690050355180e+00
1.186072597085606084e+00
3.187390246753682099e+00
3.112506983276967176e+00
3.099190510633990758e+00
8.268434615046582614e-01
1.331262507092874525e+00
4.858541330169995121e+00
1.185978117910059915e+00
4.211230799497045929e+00
6.183482265941897538e-02
3.777852352509947220e-01
1.279390955024278798e+00
3.115075966819716324e+00
2.290084164062796024e+00
3.946831317755096435e+00
4.435139067253667911e+00
1.725063372760156089e+00
5.351603562839246653e-01
4.325250030964891579e+00
4.341067817595710032e+00
3.885564349707507859e+00
4.044977106604913386e-01
7.502668633872999759e-01
3.735161271290143858e-01
2.189747936371971182e+00
4.788284334944851395e+00
1.591727046926713740e+00
9.558624942069982033e-01
1.156898358333625643e+00
3.513315267832274991e+00
7.270214738135993837e-02
5.071449155268648035e-01
1.670664657485624316e+00
5.163693172598288195e-01
1.441676108681512192e+00
2.132286222270031395e+00
4.813201767047113222e+00
5.948039137478067229e-01
1.244826048170372124e+00
2.476891380865742232e-01
3.059106871459217558e+00
4.554446788680969860e+00
1.734704686294045839e+00
3.940441394888702931e+00
2.097078365367754937e-01
1.466996708233836433e-01
4.749364092761429568e+00
4.619622548080705826e+00
2.656508853485046284e+00
1.042604577712463731e+00
1.715278160816234188e+00
2.011257822119172367e-01
4.185046212151290135e+00
1.642141985280154426e+00
4.089941944436535692e+00
3.655918424950799217e+00
1.582486467025532750e+00
3.751959360724455017e-01
8.811248966487622569e-01
4.235616353774932286e+00
4.354667792270603854e+00
3.987727425221199162e-01
4.325196603733017398e+00
3.706242129941365704e+00
1.268224375462567277e+00
3.095377256469229899e+00
1.170369250666153382e-01
1.400614201736319897e+00
3.016479172786761698e+00
4.921137293038713167e+00
4.275791328273413683e+00
2.659292904916500611e+00
1.689940104092117590e+00
3.789526835846548813e+00
3.016001702356663206e-02
6.984290540666682201e-02
3.180823882656324653e+00
2.001695778595266262e+00
1.624323082791340855e+00
4.628493515016135262e+00
1.718204802847750345e+00
2.045985714687820201e-01
4.811243633056289104e-01
1.449094834617206118e+00
3.936188258321474898e+00
2.286318713281472625e+00
4.683264839582484740e+00
4.612038086316015750e+00
3.640639930091476018e+00
3.629510008906140506e+00
1.513366214521502107e+00
4.547256546286550183e+00
4.597904902995011867e+00
2.709723727779383751e+00
2.187419949753190096e+00
2.996876705997719714e+00
1.006996583615046958e+00
1.103292923950959903e+00
2.402797878724369340e+00
2.308504183550401212e+00
1.511775784539459710e+00
3.849886945964699603e+00
2.332693915192238787e+00
4.363962810934655323e+00
3.196373047727097294e+00
2.476138282034045623e+00
5.224508935512078844e-01
3.775316446745506926e+00
1.732201727527200585e+00
2.763779326448732032e+00
4.174363218154236499e+00
1.976638675852204763e-01
3.259853942245597658e+00
2.230395437043127593e+00
1.876542329226395633e+00
4.158487354573969785e-01
4.366474209731430633e+00
1.242922507029464718e-01
4.716961121906289911e+00
1.900390003104701186e+00
6.202226658567711048e-01
4.384095008716223596e+00
1.215967250567323577e+00
1.590359037903193995e-01
3.462127109220935139e+00
1.768841124495333927e+00
9.593641777416694882e-01
1.440815261944374370e+00
1.232302849867836336e+00
2.739104476467859595e+00
4.376700149889581226e+00
4.655913452737137082e-01
1.576479695817143867e+00
3.281874024608067320e+00
1.208147787657664729e+00
1.652738870362363555e+00
5.268365785590206629e-01
1.910239792339182952e+00
3.140785438359772641e+00
3.883145647247540744e+00
4.442776606220466107e+00
8.463757758222212324e-01
3.100349857215690008e+00
2.693966314988710309e+00
1.807410465596835270e+00
2.406129086438463904e+00
3.840512371256627588e+00
2.208302270262877620e+00
2.460223988713311272e+00
6.699061752311336049e-01
3.222187348083652036e+00
1.623107810096199977e+00
4.079466596879340656e+00
3.527933557435267709e+00
4.837136622265125752e-01
2.855278203137031845e+00
2.472621255346955316e+00
1.589191227494298753e+00
6.457163984543640156e-01
4.380637360462261931e+00
1.816574388597290035e+00
1.174867382996514387e+00
4.167007041162437808e+00
4.382370374639121824e-01
3.582161025806757770e+00
2.007010607351039866e+00
2.625795393857960347e-01
4.489463279086047365e+00
4.500581365766576525e+00
4.462817545631120097e+00
1.356120291116336141e+00
2.628778054854710611e+00
3.971981992663660588e+00
4.566270605075089861e+00
8.826112250688566974e-01
4.910467007724975907e+00
1.164281670334596619e+00
2.517956859478738263e+00
2.364189177653978291e+00
3.590172392304121551e+00
4.981396677512254456e+00
1.034577657459549993e+00
4.361899575440242316e+00
3.441701041102472214e+00
4.537527354294351944e+00
1.997567028918806331e-01
8.811851907450041210e-02
4.652959492746960635e+00
2.399578892999643553e+00
4.130918045530777682e+00
3.010168786207898517e+00
2.763942369453769476e+00
2.867216856027554606e+00
2.352842381021810869e+00
3.489503463954599205e+00
1.126523336064136904e+00
2.194172399499807025e+00
2.103426849513667207e+00
3.277642094705415232e+00
3.931835711480041073e+00
4.315517993344021086e+00
4.005895156395925305e+00
4.260761104712173619e+00
7.000979673081458854e-01
8.243940665837701243e-01
4.003212949664523457e+00
4.035963330168888419e+00
1.721462565083160534e+00
3.162827656426097089e+00
3.544523878755623691e+00
1.156121186236203080e+00
1.400998723048020311e+00
3.720200926240368133e+00
3.068809143848810983e+00
1.190125705833620096e+00
3.300232169866197829e+00
3.051798282266466877e+00
1.875140383569943170e+00
1.584357614735176778e+00
4.452499739025546965e+00
3.005540891038095630e+00
4.441168716112866122e+00
3.253241050013953917e+00
3.173683216535140961e+00
2.963681653927643822e+00
1.259881224783139242e+00
1.876560585071524567e+00
1.783835483159878610e+00
8.043780948989454060e-01
1.975197174682715051e+00
1.223988893858725113e+00
2.289639810793469010e+00
2.505092044957439867e+00
2.257939017157067907e-01
9.938281082021238610e-01
3.902830651929495964e+00
2.376371655448929587e+00
3.210782815566538773e+00
1.404751719502359109e+00
3.174855929128509224e+00
1.067904344898053637e+00
1.259821099558617430e+00
4.351704289767013734e+00
2.385897612565532455e+00
1.408902495013343303e+00
4.413775990612439415e+00
1.424581673559277561e+00
3.751334290443219643e+00
4.451141253386743379e+00
2.630941437779450887e+00
1.784738466540272572e+00
2.027957582796866109e+00
4.884165854296036891e+00
1.659558102525541923e+00
1.451596949247663249e-01
2.019573423505585108e+00
2.362121191922870178e+00
1.484122093388021035e+00
1.651428239749421323e+00
3.127167417861770105e+00
5.594380696287037935e-02
1.829886739171624033e+00
3.831740260869633374e+00
4.303260560357839104e+00
4.877316644146685753e+00
3.000799356189187694e-01
3.490213750214722133e+00
2.641519657508939911e+00
4.790436046230810874e+00
2.907873818475396277e+00
4.255908260916879016e+00
2.553960864486302995e+00
1.450274140531321976e+00
4.834366978648396707e-01
4.258432043162278191e+00
4.164483343817082517e-01
4.388273220733960756e+00
2.753210405054263177e+00
4.446770943563423728e+00
2.925196526529656005e+00
1.985711347906759627e+00
1.915804641100845584e+00
1.578490341860899759e-01
3.248297174400554432e+00
4.190773926491893953e+00
3.577401255487328235e+00
7.083886815783374535e-01
4.875930345255829579e+00
1.415930677595600429e-01
2.838234181515796095e+00
4.938174708355530740e+00
2.189718770535070691e-01
3.413095375934438458e+00
2.370520192380200619e+00
5.250988949492157998e-01
4.734918983379348134e+00
2.369294956210957093e+00
1.995573522141406153e+00
7.098762080264015006e-01
9.251187027549240272e-01
1.736483309724690116e-01
6.127690386869999450e-01
1.885024059565254984e+00
4.265735551409019166e+00
4.621316344007221133e+00
4.587121331803384550e+00
2.904184686295085527e+00
2.770153271966719899e+00
3.139296548746728810e+00
3.069190754928501352e+00
1.779137586454378361e+00
4.457890837960891695e+00
1.428855369443705614e+00
5.042868226461438841e-01
3.267257790563464326e+00
3.451811661195556269e+00
4.369319168028989786e+00
2.772500703096630659e+00
2.834528335460995141e+00
1.385715604904758091e-01
7.516250211978420248e-01
3.774079719619281459e+00
3.078010049871998000e+00
1.384137720247133885e+00
4.218369495859093377e+00
1.877702899872398801e+00
4.309481175470159187e+00
3.324712726269826835e+00
4.579265483064961728e+00
3.502516756472072057e+00
3.859022683357659744e+00
4.262405307194221393e+00
2.677065320764812739e+00
8.800214002751771680e-02
3.908683521839536823e+00
2.839740613632422139e+00
7.980099699410525549e-01
1.825268964053970988e+00
3.208249995733453375e+00
8.756217082534678564e-01
4.257550306662320594e+00
3.545789538631400450e+00
