4.960078319753971954e+00
4.525166361587366737e+00
4.853611839496662306e+00
6.918799463939584449e-01
3.218898980230360252e+00
4.958467177052395591e+00
2.468127858959151766e+00
4.268003876536514696e+00
1.379720115361922073e+00
4.891732586001425354e+00
4.168279148160979553e+00
1.738363608784185832e+00
2.933036709917959950e+00
3.392156399782991771e-01
1.540636957519089245e+00
2.388018801270481273e+00
2.372244273933110215e+00
2.733647605992967078e-01
4.512346205981276448e+00
1.141763172773584412e+00
3.330888594279686643e+00
1.932485063111278212e+00
4.105874920653725724e+00
1.951300349856406324e+00
2.795521838243392176e-01
1.855085390079203034e+00
1.951905651914835449e+00
4.080078651699905024e+00
8.469931391943819055e-01
4.393615030187762116e+00
2.337988915475103902e+00
3.687841698477052343e+00
2.393781958496230988e+00
2.620680195530098899e+00
1.468861529760963069e+00
5.447428500982687272e-01
1.312849604053000885e+00
2.051127724045554324e+00
5.836322745914612753e-01
2.727913149965687012e+00
1.248529369101349484e+00
2.869969296690225491e+00
2.322372070133822408e+00
1.551641514392887000e+00
2.384384210779088242e+00
3.254440678928964825e+00
4.283909811989476957e+00
1.166737015414032186e-02
3.781408751398011248e+00
3.152049063408772778e+00
4.770236508813102461e+00
4.171384931906260363e+00
4.924061790692575435e+00
1.470905027461835157e+00
4.763462045748777740e+00
3.047129554351081460e+00
3.767825788762843686e+00
8.882665699742536836e-01
4.999439711414571441e+00
2.990339605562225556e-01
4.460892259963328277e-01
4.115503944292947525e-01
4.898530509376974429e+00
3.742635393697775203e+00
2.351394475790862693e+00
2.100011618680305947e+00
2.934722465673331282e+00
3.667173168957682527e+00
4.409863366764489534e+00
1.292560470132009698e+00
4.522616897837939298e+00
1.937328667059716292e+00
4.588354612913753128e-01
2.133674769466810783e+00
2.542614736887338633e+00
1.616977755170676989e+00
1.610839874932352700e+00
4.312657910234526604e+00
8.379577614233579830e-02
4.248314220005086739e+00
3.438992843177253622e+00
4.397545175292620456e+00
3.397227140997560291e+00
2.220356206426386869e+00
3.542425600079024406e-01
4.626862313542102534e+00
4.782003955074176638e-01
3.628287451308577882e+00
4.898305149439556416e+00
1.037560497743245103e+00
6.064086949620001166e-01
4.418051950489302548e+00
3.480346398160720334e+00
3.359798266938895495e+00
4.373142803766046249e+00
4.801860217561340960e+00
4.913975025736933233e+00
3.171918040952231177e+00
3.274795637356489042e+00
2.581899818294444593e+00
1.812407722035529911e+00
3.850080706461144864e+00
2.789079762790014794e+00
4.707584841751774718e+00
1.622176008867276531e+00
3.512480146337207287e+00
4.543503531751921898e+00
1.241414816160821388e+00
4.951076091738576546e-01
4.515617257449673794e+00
4.693958129667802348e-01
1.316595272625520785e+00
1.435151148437156632e+00
3.637542161066065205e-01
4.849558540402842510e+00
2.733039715691576443e+00
1.179547061307261835e+00
1.613738556833113513e+00
1.357809691228047955e+00
4.883775938314073528e+00
4.341379438571414617e+00
1.983677454308007793e+00
6.309577320766346364e-01
3.277845678064381207e+00
7.182944931607704309e-02
4.548181736514117723e+00
2.533084850287970369e+00
3.362617376170740080e-01
1.441012790788069431e+00
4.733786457530728242e+00
2.741929759610796768e+00
2.401849239560345683e+00
1.250543804693510230e-01
2.198940482491136716e+00
1.368837709493484489e+00
1.917191061126458651e+00
3.168783376818735231e+00
3.479783838225870340e+00
2.200824941703966697e+00
1.689416956896898192e+00
2.013693401780556780e+00
1.554004363787814258e-01
4.010446265635269292e+00
3.301694199694825471e+00
2.426929807249861293e-01
4.739013461069010447e+00
4.619312565203742338e+00
2.883992705633206644e+00
4.508544630159400102e-01
2.801037410047877430e+00
5.661642995480414831e-01
4.456460568943326983e+00
4.512475050648578900e+00
1.551800188806742753e+00
2.650776273879200229e+00
1.106216660446145417e+00
4.068421083324401444e+00
9.616657992291077761e-01
2.905335623376186671e+00
2.095438735848834888e+00
1.273244894963974083e+00
1.036028226442535782e+00
1.688963613870391622e+00
1.161953997351533596e-01
1.715134725966731999e+00
3.303545326797683757e+00
2.470246587873954347e+00
3.035677150996241913e+00
4.343073226639350359e+00
1.058136742085550308e+00
4.875124766052763903e+00
4.816388912115278309e+00
2.873610379524071501e+00
3.054628184495613574e+00
1.350697507974889078e+00
3.755741494361369170e+00
4.011380407032300255e+00
4.913635378884092297e+00
3.734391284192656313e-01
3.834879945170967197e+00
4.933069093279342177e+00
1.574482845007755927e+00
3.440603219633840304e+00
2.127106697975151395e+00
4.640300211021138210e+00
9.222347303676015073e-01
3.750355953706276502e+00
3.542630955385233538e+00
4.923235141260982495e+00
8.193364744652187337e-01
2.658346746493323032e+00
3.765768575383897421e+00
3.619544493856593270e+00
1.466207920058779202e+00
1.098292215741901057e+00
1.970619181523660668e+00
1.680940770756862435e+00
2.446587419581880862e+00
1.128933034110748412e+00
2.010623153950468200e+00
3.540017836642302296e+00
2.346985782098236939e+00
9.870386409808540318e-01
2.946025169420303680e+00
3.389171713617189496e+00
3.108759758351213875e+00
4.160083662766198564e+00
4.269125242501285555e+00
3.447322255952922188e+00
2.283665116994206823e+00
2.370791121925503564e+00
1.236529350536444971e+00
8.097273470776589210e-01
2.670572772241559090e+00
3.997566059123681015e+00
3.774250554142100089e-01
2.108160816630789025e+00
1.476278072266257180e+00
2.510032410082212007e+00
3.872882046300904157e+00
8.245008387454233478e-02
4.085485697671945360e+00
1.946590936172345465e+00
2.605977131556358461e+00
2.938228124245770179e+00
2.578580657692684852e+00
1.067919192463391731e+00
1.067355433012087573e+00
3.589459853610803997e+00
3.069046199495382155e+00
8.336879671069225006e-01
2.715217713238232911e+00
3.040425591556827900e+00
9.774421254762188926e-01
3.046122791846574973e+00
4.927869199866400152e+00
2.800331134238485564e+00
3.106054965050010885e+00
2.459589490772490228e-01
3.270132393154097983e+00
3.399267285038543029e-01
2.496473884792794529e+00
4.067203119045847970e-01
4.074440659949106092e+00
4.119968419647176638e+00
3.434135593654566776e+00
2.761386905425256000e+00
4.637709591884116023e+00
9.140501964197866869e-01
3.197525832550500713e+00
2.354435530070812632e+00
3.483907260013991092e+00
4.184918535788227700e+00
4.603902734465511237e+00
7.068076662234284990e-01
2.646174500275543906e+00
1.667502848456798414e+00
4.352791733923252693e+00
1.278788577135560045e+00
2.463166759193042399e+00
3.098875885783925810e+00
1.619451757427867289e+00
4.299669088536257178e+00
2.317364147515454942e+00
3.151604914042322569e+00
4.960321231129794839e+00
2.752637787190102436e+00
4.723838512812656099e+00
3.368168315006489610e+00
3.137191656082417346e+00
2.702803826433272771e+00
2.119329082917043028e+00
3.866794595233468801e+00
3.480386891508728819e+00
2.700074819245029900e+00
3.700016485377241704e+00
4.421158307813128019e+00
1.374141438516524039e+00
4.111075035756056373e+00
3.512783882072872954e-01
2.595261526295603360e+00
4.819569419786560616e+00
3.845829152054619726e+00
5.629980691975416951e-01
1.044274398276822780e+00
2.355067954351390824e+00
1.316901193599206987e-01
2.113033140108415697e+00
3.931380331534970018e+00
1.979562111749898490e+00
6.060180930191244597e-01
4.146941888057705583e+00
2.721140093184877706e+00
2.586764371480377189e+00
2.092365232753105708e+00
4.747067709872359487e+00
4.118604863232111502e-01
8.736960322948678082e-01
2.509960386204336924e+00
4.651545627643171699e+00
2.790986310190273212e+00
1.353303395971181100e+00
3.049692874759222239e+00
3.286923699118238673e+00
3.446416960566376364e+00
6.063024890673551770e-01
5.508941148092788564e-01
1.218014548422929444e+00
2.577847054549855521e+00
3.060480223238069453e+00
1.790109961404177108e+00
4.328696407393257672e+00
3.186914803907941796e+00
9.715975111244556928e-02
6.226863482355038393e-01
4.810953052466805602e+00
4.417661854509075114e-01
7.672708904219660564e-01
2.616287572528856575e+00
2.217203626073344758e+00
1.429875834512097654e+00
3.113161556113588357e+00
2.975023123676197478e+00
1.878194340266217566e+00
4.013765547796163347e+00
7.575582974210426368e-01
4.668330649786970099e+00
2.966754088440318959e+00
7.022633158057994818e-01
4.800643583850393803e+00
3.241120238358247363e+00
1.029562210757346108e+00
3.495532583294114204e-01
1.087082815369944111e-01
3.098517880711252559e+00
2.225221874576656766e+00
1.983100526107566708e+00
1.657049972579378583e+00
1.417935428239087692e+00
3.360274646366934181e+00
2.815176927124146466e+00
4.631706552523710663e+00
3.802068073219555533e-01
1.455059778368815060e+00
4.045697099560399579e+00
1.352796335660244598e-01
4.181653959781166385e+00
1.878887899386112892e+00
2.498932129790786938e+00
3.169874695669945730e+00
3.973958535841721318e+00
1.146666421841049832e+00
3.486466529449411267e-01
1.489391143729389411e+00
4.346305752118508892e+00
4.309370330513038638e+00
3.430572826934091157e+00
2.512915832905646685e+00
2.632049905986381777e+00
3.510034143527671180e+00
2.681865395194082957e-01
2.807500178742905472e+00
4.863044165382568451e-01
2.934070716402934931e+00
2.548624824835956204e+00
3.791256441101287677e+00
1.089874659106467192e+00
1.638532326973047848e+00
2.971630152722615215e-02
8.780217638115828116e-01
9.870474781283933297e-01
2.709297438196440311e+00
2.341672807908016019e+00
3.397428817029407577e-01
1.126385547881486593e+00
2.897690780225405938e+00
2.537563964206047906e+00
2.460772471137149253e+00
2.358598667954249883e+00
4.314493678352145700e+00
4.816914665214473423e+00
4.017382004339934198e+00
7.771380009948114509e-01
2.553020319569841323e+00
4.913942459669638829e+00
1.027407992765551725e+00
2.028069645379404040e+00
1.921302847204562791e+00
2.046697555748441921e+00
2.559518572431883854e+00
3.177601832570320362e+00
1.769866939693589547e+00
1.167645278306382206e+00
2.959726695660398477e+00
3.748430063590705963e+00
3.091646375393864332e+00
1.108319566272415901e+00
4.304659098633413450e+00
2.738307190936784430e+00
8.351730409227237084e-01
1.362328629783833733e+00
2.859752638006731296e+00
9.337477047629871851e-01
3.454062769736222727e+00
4.669340050859149827e+00
4.019091044597752571e+00
1.948739601252752474e-01
4.403255121438768072e+00
1.262952868353713898e+00
3.857955260471979120e+00
1.137383258964967947e+00
1.682104616535560648e+00
3.244915730731775305e+00
2.848437970106960204e+00
2.269083470225147003e+00
9.202932179138390012e-01
1.114292492474243668e+00
2.193034001219538620e+00
2.537573268505882496e+00
1.816444256625869835e+00
3.584534352729249473e+00
4.028607385231083526e+00
6.029687445169751303e-01
5.120467038715947883e-01
1.850350964602415882e+00
8.612116595834701238e-01
3.823964416019992818e+00
4.015671105467593982e+00
4.167651271950872927e-01
7.544703889034420907e-01
3.362504369212460098e-01
4.859188624389039646e+00
3.371856405508841803e+00
2.887271444664901487e+00
1.276684387970453027e+00
5.337518242247391020e-01
1.094317640260143998e+00
4.572014047035324324e+00
4.710590098949638538e+00
3.258774883514670151e-01
3.005382302649235893e+00
1.610092368421307985e+00
2.420318354061263832e+00
3.313178433456803518e+00
3.654675295102888022e+00
1.177222252131659985e-01
3.903470800445248301e+00
4.332103938155091427e+00
3.051441260042288661e+00
1.415304161730009280e+00
1.108567312122661352e+00
3.423719206109463897e+00
3.494149482853425415e+00
2.765477491673395072e+00
1.577390923708314574e+00
2.528276110494060980e+00
9.326407992984619977e-02
1.440354283704117222e+00
2.820036249684551688e+00
7.503856560343824533e-01
2.939111015935449878e+00
1.189010285405140532e+00
4.879627516195759185e+00
4.347003300516194546e-01
1.543890757981397632e-01
2.855640348672713991e+00
2.839016757347267994e-01
3.685530894157146298e-01
5.653553302398250935e-05
3.167007150004912841e+00
1.432465868615300231e+00
1.978644040140867810e+00
1.309067161510246713e-01
5.300773656744722784e-01
3.748368414118689707e+00
4.077211908233106641e+00
5.556342610426451278e-01
9.368991964997630539e-02
3.094174321874448852e-01
4.640330373818561505e+00
4.068954158340067906e+00
4.548687504983469410e+00
2.852964469173540074e+00
3.371501881100726461e+00
2.816887188112941587e+00
4.968452948555607485e+00
9.935786275138358548e-02
2.125152893056129866e+00
3.361368413665898558e+00
1.853950010207324084e+00
3.492849017001570466e+00
4.637795426560717083e+00
3.574075067530865901e+00
1.003486643449592597e+00
1.605873196010299431e+00
3.946884260899612862e+00
2.519084811828276926e+00
2.087955068262376201e+00
9.126456056780696269e-02
2.725691026545054019e+00
