1.028836196140210824e+00
1.094495196658998193e+00
3.608247288122033325e+00
4.118802993865394058e+00
2.342615338110603851e+00
3.850696423104245092e+00
3.329946290188179781e+00
4.771347496736436433e+00
2.050568509768684766e+00
6.222137107515951504e-01
2.673144492885306978e+00
2.500975158516998142e+00
1.281003601496123467e+00
3.514752595685135983e+00
1.751226906737549660e+00
3.037278976707576295e+00
1.381473005548445432e+00
2.514497608319698152e+00
4.841927369189662933e+00
3.895315025645191831e+00
3.400543766578812299e+00
1.593057199946537050e+00
2.159961623853814405e+00
2.843642863471879112e-01
4.005937500501231874e+00
2.044443537060443461e+00
3.511260399625161455e+00
4.584371362815486073e+00
3.558535507260782715e+00
1.250151477253556465e+00
1.679779781834496166e+00
1.986529570354153673e+00
2.241051175323458988e+00
2.329952974809731181e+00
1.840865825460080263e+00
4.289133571461634986e+00
4.489382008427230453e+00
3.993137279534048067e-01
1.279884348128957905e+00
4.688376898002973192e+00
3.879891566678197456e+00
1.329221202430064253e-01
3.044958725689072665e+00
3.861597903503680040e+00
8.932875208641916087e-01
1.137245136417733837e+00
3.045278330481060447e-01
1.005998427189769728e+00
3.346034909064833585e+00
3.866150748490370770e+00
3.803549764009863221e+00
1.818133013097036788e+00
4.837778124414843006e+00
2.052921440721608981e+00
4.909538617404344052e+00
3.057967309879900952e+00
2.494969030082422323e-01
2.161188823846078577e+00
4.723609294340917586e+00
2.586122297551262328e+00
3.905522176037145243e+00
1.200402675589545831e-01
9.207792259465213958e-01
4.087982644972650625e+00
4.070768198914117342e+00
4.262725168015983890e+00
2.581084656096528374e+00
4.666531304502346877e+00
4.665191378335064698e+00
3.504359515529884117e+00
1.443681971001385289e+00
4.921248790013505570e+00
7.099121296816185422e-01
1.031569806055961269e+00
4.756973950923772065e+00
1.333753907746420442e+00
1.317238989063349575e+00
5.559382909321897159e-02
1.552477514688653137e+00
3.281972816438469387e+00
6.760128248187968758e-01
1.962269350551009595e+00
3.753025443352498325e+00
4.816390701813969777e+00
2.792721259186124350e+00
3.517019697182746540e+00
1.601182115165579845e+00
2.323451233098196678e+00
1.265130323963700176e+00
2.208495591166272476e+00
1.760983249737518186e+00
4.397773123185024780e+00
4.535476400141018161e+00
4.561530456898099217e+00
4.920122683787796269e+00
1.143786855666206304e+00
9.013473864686394332e-01
4.183059864881039758e+00
1.570180896494726142e+00
2.087932446083293758e+00
4.752381171155880324e+00
3.777962384664361739e+00
3.884336474906369574e+00
7.642825935020775008e-01
1.964291280588172484e+00
4.641215070965452938e+00
1.515850134825411200e+00
2.160569976042379547e+00
4.972564920607592143e+00
3.541030543653017615e-01
2.893398559536331405e+00
8.556846428104597502e-01
2.438371831013700586e+00
2.681794843473015000e+00
8.109168613808565018e-01
4.274161687961208766e-01
4.627455607296073303e+00
1.072183620912424029e+00
4.346369784665692571e+00
2.559650049174044817e+00
3.723046948188813321e+00
8.279793752499314818e-01
2.839116039828929239e+00
4.317332219372287838e+00
4.947799527308591294e+00
2.158443216563994849e+00
2.847119223677462951e+00
1.949300080163512972e+00
1.051241556716018710e+00
3.362319178804480835e+00
1.690455952150162311e+00
7.487705155939383683e-02
1.268285799034364336e+00
1.161360572903747945e+00
7.359257529943852294e-01
2.492313919783714304e+00
2.658574753261221169e+00
3.437596430147744186e+00
4.629312785448089329e+00
3.351156926825389348e+00
3.641187500519676767e+00
6.585852553454507596e-02
3.666615564772475189e+00
2.443447651183341396e+00
5.693335187122772201e-01
1.457810382545569050e+00
4.912730719215581132e+00
3.278361017397941168e+00
3.934452604209409676e-01
1.288830429918645493e+00
3.135703740822184837e+00
1.616580013452111775e+00
1.131139779121995703e+00
3.571565841715295342e+00
1.090587575812737686e+00
2.923187077761581598e+00
2.387179949943214474e+00
1.950596106412255670e+00
2.695186817726557660e+00
3.765220100203970688e+00
2.485005290776282072e-01
4.414265527129624722e+00
3.285531828458958969e+00
4.122451523892654457e+00
1.700483109078507749e+00
4.618713851968641038e+00
3.648141227383796981e+00
2.013707468528949551e+00
3.699997721545971618e+00
7.628823302586135169e-01
4.604554276386640943e+00
2.539036543701494786e+00
1.018165997330252592e+00
2.295749551256669019e+00
2.392810214112536471e+00
3.299227036846634320e+00
2.683873288876498009e+00
2.731886683970856211e+00
1.013170252366403234e+00
1.724025144291246869e+00
3.992866831267542160e+00
2.453358489717686997e+00
2.099523300318989705e+00
1.130138163333442414e+00
4.243180828685561012e-01
9.990571936008996179e-01
3.180326265650934126e+00
3.893889166677936942e+00
3.744634367865857349e+00
3.367150774508343325e+00
1.990017924121517012e+00
3.166594144874476768e+00
3.248653820495933431e+00
1.133961828699417973e+00
4.660971334724534065e-01
4.966989617931826473e+00
3.698877233702719369e+00
3.674382617710876708e+00
1.777573391107589718e-01
1.297399990318666596e+00
9.683728624908893856e-01
2.220872248842025165e+00
4.238193239423035052e+00
6.322961677445088080e-01
2.188939929322852862e-01
2.357107410654990520e+00
2.598879063316632543e+00
1.122130533081285853e+00
3.585630522937865550e+00
3.673316686633510297e+00
1.957168958263117986e+00
4.264018543181057552e+00
4.674962005733883430e+00
3.936011287362296329e+00
4.190397086319764597e+00
1.110350215326677548e+00
3.881015744262052980e+00
4.084000967238719859e+00
4.130344278057643592e+00
5.134361392170866401e-01
3.727197100012431541e+00
3.910805280831213704e+00
2.161294366914124243e+00
4.244750842040700078e+00
3.496284016152238827e+00
2.629774149384050963e-01
3.536212808460812873e+00
3.883308618948028146e-01
3.427449471635146683e-01
1.376623683327458547e+00
4.339771828516944652e+00
1.420153641285576418e+00
2.209481262991113582e+00
4.068811967843748434e+00
1.615532077224890450e-01
1.810182785560755514e+00
3.137641196801847165e+00
1.010337012995329298e+00
3.859059644412075052e+00
4.337054177751065609e+00
3.690191414977274764e+00
5.358521012608169487e-01
1.893317554581445794e+00
4.460366957986213521e+00
1.697392304151490006e+00
9.256827945508416811e-02
4.685366052831201777e+00
4.763686647359355320e+00
4.877188532647369179e+00
8.016664203004186806e-01
1.536356519632183115e+00
4.765559705314407424e+00
1.160856081843612664e+00
2.909124042617428518e+00
2.331926373938186359e+00
4.941199780279597498e+00
4.393470589920086766e+00
3.091113456779815305e+00
4.829262373863961066e+00
4.864492389808617645e+00
1.032569885512935492e+00
1.813515264912475278e+00
1.091701021101912250e+00
2.488600701498872247e+00
3.846693059734143549e+00
1.871500261827300893e+00
4.171295274573157741e+00
1.545365082488779906e+00
1.408490516356551314e+00
3.019743579944817569e+00
4.044829591218185527e+00
1.408421433365020903e+00
4.026468002676699243e+00
2.964623442694719557e+00
3.618863399995497776e-01
2.516716936483941680e+00
2.261080736918958944e+00
2.307346764438000797e-02
9.005960809105578724e-01
3.574018389078366109e+00
2.016749115871443898e+00
3.128811180809079051e+00
4.674602365542077642e+00
1.890430879119897156e+00
4.938009990629582013e+00
9.111127695974796659e-01
3.263610315454022359e+00
1.247858998114995011e+00
2.770811783816569118e+00
5.253748971812927104e-01
4.418489098975496354e+00
2.239858072133099620e-01
8.024214493291048633e-02
4.771771000432357468e+00
1.661935384222934076e+00
2.858519662518460791e+00
2.399815660421929397e+00
3.715927910469090545e+00
1.181338564292387927e+00
1.268800629824465842e+00
3.570982869742910459e+00
4.003801442321027970e+00
1.787793846225774752e+00
4.095415710709288781e+00
2.929185627215423082e+00
2.427507296492011690e+00
7.065688944526621329e-01
1.580995283802115736e+00
4.842663854154913849e+00
4.192970650964733537e-01
1.175366952021629885e+00
3.027212002744210650e+00
4.645961979373089079e+00
4.415063523476005614e+00
4.041170770844941806e+00
3.268990016372300467e+00
1.450948345902473013e+00
4.123248580308170652e+00
1.860360682354468942e+00
3.322358143292555077e+00
2.661158521230512886e+00
4.036485092783022921e+00
2.172962775904059285e+00
1.621299618543004417e+00
2.782290180737271079e+00
4.652904697989290739e-01
7.008091168161656448e-01
2.648168590264706079e+00
4.901521530103433832e+00
4.631395145740230257e-01
4.580107719143598821e+00
1.705050018825887026e+00
1.466026414353097662e+00
1.453428848847777566e+00
6.653424188042761367e-01
1.711465413354051446e+00
1.312757357973931560e-01
4.503404521168964614e+00
3.832923966315694209e+00
4.847657309623634170e+00
6.330526484515619501e-01
4.448889598430818104e+00
3.159872017027817837e+00
1.587689223962898577e+00
7.805646789392711726e-01
2.709331630488808873e+00
1.613338638417305404e-01
5.210731846729899086e-01
3.329616490091835690e+00
3.472083197381838460e+00
6.416863830087715659e-01
7.975749902361783938e-01
4.527164515767029940e+00
3.395907602098702682e+00
2.036177651719692339e+00
7.285496515174372245e-01
3.875506454847649884e+00
1.473776875787113916e-01
3.713995318818952285e-01
1.118082886302187440e+00
4.735284843302844493e+00
4.316723644252463465e+00
1.409075441033195819e+00
3.370344796145219757e+00
1.982645359892883929e+00
3.379713188302401861e+00
1.581983495784106131e+00
2.041229367166161435e+00
1.962244455293244982e+00
8.747313186828892251e-01
2.412759418563675595e+00
4.914318031660415365e+00
2.658435368198386328e-01
3.070323708312214350e+00
3.701973936008251087e+00
3.620819122559912451e+00
3.810480935299178196e+00
7.576723149117892131e-02
1.254110155454754016e+00
1.900000931710423391e+00
2.708742671796980250e+00
4.073289571929229247e+00
3.041711769224250794e+00
4.805707594915680225e+00
9.104737363260367866e-01
3.132611834523262306e+00
8.257381600067836835e-02
7.206697570580172796e-01
5.332425530786910617e-01
3.103092441910612287e+00
1.193892315601099874e+00
4.548994388444405068e+00
3.374117064694640789e+00
3.962341601235507937e+00
3.670189349332840134e+00
2.565283705158893479e+00
1.188287772369369666e+00
4.920256566053714309e+00
3.641920937428364979e+00
2.363816838601416670e+00
1.485263768532359308e+00
2.174508577317036284e+00
4.328265377816568282e+00
7.210030159876940070e-01
7.291600226519973083e-01
2.355566491071824586e+00
2.446861636888062463e+00
2.425330933083679419e+00
2.042054969393340524e+00
4.366659630384940094e+00
4.624132904131100785e-01
1.982023967532089426e+00
2.476696914302355168e+00
1.736406333829678239e+00
1.286594503654932442e+00
2.293965708371468626e+00
8.661366402667364239e-01
3.228131355463800922e+00
5.462321648619150594e-01
3.519654818562119036e+00
4.056718301207050459e+00
1.192625581499757281e+00
3.930327505494013884e+00
3.546902443099870350e+00
4.039999719241654796e-01
4.604257285499285812e-01
4.293055012171692608e-01
3.295660979344011698e-01
2.264368462472385435e+00
1.869089248205048071e+00
9.128824844935701233e-01
2.440337310819820082e+00
2.357896179044347118e+00
4.042126952088204161e-01
7.794950089958707640e-01
3.002036725998122435e+00
9.612502216760415719e-01
9.962565728742323046e-02
3.107406712820777628e+00
3.073099819426461377e-01
3.220599848128529175e+00
1.907816387931551283e+00
1.803837445190608513e+00
1.883228198439701462e-01
1.952063035934053392e+00
4.719909766379543292e+00
1.926055317597225036e-01
1.961034186744577967e+00
3.052892224153774592e+00
2.317235906811392354e+00
1.186766144496646636e+00
2.789903861370049309e+00
6.481090127728467154e-01
4.326238609218743925e+00
9.851417876191037593e-02
2.853167144760615503e+00
2.634839173319492023e-01
3.412770735322445681e+00
6.312071892810655616e-01
3.625048514568811608e+00
2.289145274730772339e+00
3.016283210571073958e+00
1.433487312157918359e+00
3.236464809618920135e+00
3.341287407427445011e+00
1.776402144764512414e+00
3.879865451953622646e+00
4.381283927590894578e+00
4.199522565268464014e+00
4.383837545617578435e+00
4.794485807104851283e+00
3.557235530147112357e+00
3.658630308664334141e+00
3.460319814320169662e+00
3.107482686633286306e+00
9.124220975194985428e-01
1.721256123646062175e+00
5.353992720514860748e-01
2.156866332985441392e+00
2.394309658040720823e+00
1.558755129429969521e+00
3.599576905220271072e+00
3.003663845844124491e+00
2.440084401796264846e+00
3.924770872717684878e+00
1.196829340932393126e+00
8.277293569718940924e-01
7.136849234229136751e-02
4.863743709835573803e+00
2.593707753649046488e+00
1.587839610703286608e+00
1.359214992734009142e-01
1.898653996960361079e+00
6.106069312290879347e-01
3.757120650745955359e+00
3.239825876637685731e+00
2.007205325314011635e+00
1.700861584217508993e+00
2.406788132530431668e+00
1.658769757494458208e+00
