8.070052297316143708e-01
4.876755405630413875e+00
1.758689560507201044e+00
1.778502001197266313e+00
4.017977014136421055e+00
1.118966176420712610e+00
1.867493890004519486e+00
3.606985453725346957e+00
4.395047477366945898e+00
3.725465893246437954e-01
2.161882206995075606e+00
4.531828848221151951e+00
9.897426341799941962e-01
3.207558271749083367e+00
4.294578990793611162e+00
3.114987547106851107e+00
3.492344519532109004e-01
1.893332334803249362e-01
3.454303425676129358e+00
3.173548835793585265e+00
4.775770256378525147e+00
4.138021202287490041e+00
4.425578069063329956e+00
2.167896086356583041e+00
4.783613791122703240e+00
1.073603748833098948e+00
1.735120174715604868e+00
3.012081084107864459e+00
9.560522361603318586e-01
2.137955971823345180e+00
2.419332040908999115e+00
2.317334185229973809e+00
6.893736357196528219e-01
3.116138877580944655e+00
1.037596610010833142e+00
4.422672728187138524e+00
4.142733593378586043e+00
5.055977918007770189e-02
3.016323609179934806e+00
2.904325665220810926e+00
4.276728479815035122e+00
2.402532281229857070e+00
4.662865626342782566e-01
2.610003433882473800e+00
4.279275880657293918e+00
1.089659001866418730e+00
2.159685996027265187e+00
2.638398729604603421e+00
2.270106231535395480e+00
2.718366099482584453e+00
3.623619221773928256e+00
4.588676283204112805e-01
3.976455472214406317e+00
2.270995185776208292e+00
6.815328236967205244e-01
4.239800410169622502e+00
3.042150998835941866e+00
4.606309378495748064e+00
4.628994982195222541e+00
5.447183598652144410e-01
3.753051707675354898e+00
3.096790761926409008e+00
5.594131645638517059e-01
2.868403804068701213e+00
3.316615745202669885e+00
1.652080123796694888e+00
3.479080868070339339e+00
3.828006298793408924e+00
3.953448415319792630e+00
4.203424145684322433e+00
4.161624956126357411e+00
6.260251867113431068e-02
4.585526495396233138e+00
1.289590016953010565e+00
4.389740780603653469e+00
3.987785632285593351e+00
2.016404562781632936e+00
4.721815157261975315e+00
4.307290066330285327e+00
1.399170983783049493e+00
1.398423537445022680e+00
3.819759330470159142e+00
3.338669350547404768e+00
4.679251805284081023e+00
1.391833506956112299e+00
2.332539681286899480e+00
1.838747013578342360e+00
4.704351515393478955e+00
4.710371214577214083e+00
3.021138590655764178e-01
2.824016938142751343e+00
3.498795109609322829e+00
1.669162694506111766e+00
1.312501860990632485e+00
3.711620840487572792e-01
4.821921479301376934e+00
2.541934819933699963e+00
3.427597026416910886e+00
3.937561603985491487e+00
4.293627981984212028e+00
2.522998774654469756e+00
3.323077109859816858e+00
2.101100811953500624e+00
2.306229131813280375e+00
1.242073943899365540e+00
5.578525523172284117e-01
2.324534121998937497e+00
4.957105490458411978e+00
1.181244999438613164e+00
1.511530391173316445e+00
3.452336947330383321e+00
6.026731875374280456e-01
4.143577503619889413e+00
1.936560098674663388e+00
2.520479659540780126e+00
1.576200670027327888e+00
2.298539968881598838e+00
1.846539195439240721e+00
7.180244137329988563e-01
9.931296429508090773e-01
2.701996788636304991e+00
2.287736152672285250e+00
4.440243581382732785e+00
1.953874652414274049e+00
2.345654831058624490e-01
3.532288884156207676e+00
1.073389904731825162e+00
2.121870283985581196e+00
3.141381797068585779e+00
3.211320646061450734e+00
4.893692483816799665e+00
1.720489115784398670e+00
2.604669199740547114e+00
4.063367077669351346e+00
7.962314017016819401e-01
2.003486416025981320e+00
1.042458399075255615e+00
1.612890261127366109e+00
4.877507129226961169e+00
4.991460640794895376e+00
1.976956431876486509e+00
2.685465902568687113e+00
2.564274334383844778e+00
3.475383010512987259e+00
9.573955221572810759e-01
3.167435462225156595e+00
4.805454617669308037e-01
4.497786263828854381e+00
3.764278745203342158e-01
2.016492401220308039e+00
3.726376595035130634e+00
3.422500396150728985e+00
1.628098887907387216e+00
3.611717381631797785e+00
3.915448717142086643e+00
1.584643948061037921e+00
4.045995532975823039e+00
3.828393118630979419e-01
3.760891452863445839e+00
4.712285224111580462e+00
1.227783726897822003e+00
2.428385488179269025e+00
3.244084550009947332e+00
4.707356078007828515e+00
2.795596304773078522e+00
4.243915812901595253e+00
4.470280192448532475e+00
4.244777819721493373e+00
3.098523148161590690e+00
3.685782792792000606e+00
3.371368743716054883e+00
2.254861629278229529e+00
2.748425478394950217e-01
4.203907832850983795e-01
4.397536416426629735e+00
3.400197826154177427e+00
8.941300822273379190e-01
1.001819835335520104e+00
2.016066178915671081e+00
4.241079996647119543e+00
1.466487237511366892e+00
9.136290336338509510e-01
8.269743656720895952e-01
1.026452578440916197e+00
1.237877923961916871e+00
4.890749858453733445e+00
6.806905971393101273e-01
2.604421237822267088e+00
1.453169276213811534e+00
5.172483219734758109e-01
3.905246228319315449e+00
1.184235639338360180e+00
1.605644373686977433e+00
3.181573097704654796e+00
1.974946139848291482e+00
8.017398081244803132e-01
1.846989790401372122e+00
1.392339722426423343e+00
3.432935314527283843e+00
2.193186970991080731e+00
3.643087982896355381e+00
1.916388330778451721e+00
4.151397833971791407e+00
2.441175251008996128e+00
2.862901412870775264e+00
7.842730452913043715e-01
6.534556163963478603e-03
3.874768167118802342e+00
3.790566995826993857e-01
3.642276307724307660e+00
3.161476661044521075e-01
2.675781396988713423e-01
1.230264348822642795e+00
3.000630977889584550e-01
1.676812732993262056e+00
4.231349705016102192e+00
4.762445338055169231e+00
2.528243124269125008e+00
2.971074637143330754e+00
1.119335809242277824e-01
6.842266390425277844e-01
4.914032783727473319e-01
2.677959437712191360e+00
4.069217175480802418e+00
6.412123605328440279e-01
8.635523538888661976e-01
4.221461523005915595e+00
1.400798258807648411e+00
6.389388720751848494e-01
1.904955884386422937e+00
1.086309275129874186e+00
1.054651307461547560e+00
2.238657264569152705e+00
1.578317783548943698e-01
1.203875089501678097e+00
2.071191604807784969e+00
3.533719573797263536e+00
1.913345550408622753e+00
4.308463994446903866e-01
2.089864762656486796e+00
1.550655904023471310e+00
2.437496080087507622e+00
1.857092381493550270e+00
2.443627346714288162e+00
2.440411095346805670e+00
4.717435869547225380e+00
4.450116828664039126e+00
2.398777583399243518e+00
2.083314748230258306e-02
1.674203340228698877e+00
4.766105815209372487e+00
7.508209156799910966e-01
2.562348871572647013e+00
2.423525392022232605e+00
4.078961067533943385e+00
1.175766308547690375e+00
4.204773321390242735e-01
2.319486220507908758e+00
7.977944820933374759e-01
2.601630790470032650e+00
3.764891701741567953e+00
2.066367013492853566e+00
3.358764650755980963e+00
2.488259947507919900e+00
2.974912026327507064e+00
4.552000706483124937e+00
7.717208239750522614e-01
4.802587104230432447e-01
6.392043183754247959e-02
2.133153444571511681e-01
3.815175767409705543e+00
1.385048538690335507e+00
4.704663811297159270e+00
1.935023865494858608e+00
2.251398763122560265e+00
4.558821180041211285e+00
2.993394550936583354e+00
2.805920167906040152e+00
3.053934284759345363e+00
2.341159668350610623e+00
1.035089300595609663e-01
1.328162605054227230e+00
2.904497615257306098e+00
5.622207968009668155e-01
1.757474835320238959e+00
1.427238101753898647e+00
4.623349167727120346e+00
1.757663469578442772e+00
6.756551274575489652e-01
4.431571931121922603e+00
2.591033479234894354e-02
3.470950861983399083e+00
1.492178524701484044e+00
1.678327294807304693e+00
3.440145738170974354e+00
1.848563604984625020e+00
4.656738741718870145e+00
8.808236080961595604e-03
4.673687952529148593e-01
5.435238615030074660e-01
9.133515671022596205e-01
1.347473432708059082e+00
3.880068370019922774e+00
1.169069149361536386e+00
4.956037017342071138e+00
3.656404279398068446e+00
4.056634202160874780e-01
4.832370382928737662e+00
4.051088242179305965e+00
6.596382099067588101e-01
2.660715725419092070e+00
3.950060852294552394e+00
2.213561765620125854e+00
2.801213814098684640e+00
1.117029881590360763e+00
1.533431679922089286e+00
6.190048875851850152e-01
3.499099815289992144e+00
4.681328255433198748e+00
4.595268942535420287e+00
8.833103173276080078e-01
4.515283834252971751e+00
1.654632676074417219e+00
4.931775017314584453e+00
4.943464752292386244e+00
1.821180823948048699e-01
1.637880533751068679e+00
1.331343663219341611e+00
2.304602832729314432e+00
4.889610283172774352e+00
4.074676378310045699e+00
3.953494454806932179e+00
2.809404781875520118e+00
5.356958727461719194e-01
2.481106371948275768e+00
2.225992648788426731e+00
3.158683050488804156e+00
4.275912344206989957e+00
1.737553346697573886e+00
2.496176782105432590e+00
3.689921769596995027e+00
1.594072506601594830e+00
4.772200225899388748e+00
1.049103029710885426e+00
3.148534148595245163e+00
1.909028891227639857e+00
3.139470192273679405e+00
4.425155367426589770e+00
8.106622849698708055e-01
2.589419601207434862e+00
3.803675894878122410e-02
4.796036620887958790e+00
2.746708914575997973e+00
3.710722230368570074e+00
4.057632368007938695e+00
4.065693573052443277e+00
9.016565157993883250e-01
3.761737045668736013e+00
1.272140764084567222e-01
1.903707613572406254e+00
3.519726702135594909e+00
9.418245001411135187e-01
1.828762242033328711e+00
3.123358075621479601e-01
3.743951912192508225e+00
3.222782085777874173e+00
1.719683888399572425e+00
3.537344681631036991e+00
3.211118171129944798e+00
1.692511820026453284e+00
1.757701683647745483e+00
5.491866504965503548e-01
2.647525997000581111e+00
1.505550952176673007e+00
3.655862672812847158e+00
1.872243084983623573e+00
2.091374533249448220e+00
1.585071500660066413e+00
3.485197987428923838e+00
3.917394933895321341e+00
4.172222833631696659e+00
3.903509747267432939e+00
1.270997121963974852e+00
2.947933248500247405e+00
1.576955371476343348e+00
1.895635488132934032e+00
3.963487423921885799e+00
2.045734468053114874e+00
3.044045475228143172e+00
3.791511272635447849e+00
2.346046277449874040e+00
1.289423202917592270e+00
2.643247324884373528e-01
1.587215216556716157e+00
4.101544100511351765e+00
2.175503025680940894e+00
3.012176621650166641e+00
4.730080131080718786e+00
2.745535345971234609e+00
2.783607370682694704e-01
1.392529127549557710e+00
3.438579014024487623e+00
2.561064269693363205e+00
3.170393704276681213e+00
4.625221419718363869e+00
4.580283474714154757e+00
1.603062099663362661e+00
1.921973605908477545e+00
5.884122377345046839e-01
3.254517396833517262e-01
4.393117546254623917e+00
4.407482970256026533e+00
1.383989549930864538e+00
3.900864293902142954e+00
4.423999168087691558e+00
3.248333296359889877e-01
2.965222136958422183e+00
4.804714701605565352e+00
5.190157385386545696e-01
3.932387959777034592e+00
4.504878110511411293e+00
3.322393056971284953e+00
1.612489695029091674e+00
1.417312048709832295e+00
9.716179558729332033e-02
3.787707476961155617e+00
3.533621909699388830e+00
4.544965345555765701e+00
4.021463454241921198e+00
2.204096472320117961e+00
3.063490284026712640e+00
4.362887079025801640e+00
3.282408006829944824e+00
3.352699677945698564e+00
7.748395939850827308e-02
5.305501828483605298e-02
1.563233279448783541e+00
2.163087774703806865e+00
2.289899761800544997e+00
1.428538368056305075e+00
3.991907109791661856e+00
6.806003874221622230e-01
9.648575651384910801e-01
3.888598281428295333e+00
2.157579421456077284e+00
2.278743471135777465e+00
4.562187223081703102e+00
2.424121221928143832e-02
2.986906296206464972e+00
3.254121272466044434e+00
4.694200409133884477e+00
3.068946061974044959e+00
2.969340904504953027e+00
1.449383645924977149e+00
4.188615537251656029e+00
4.687589556009273295e+00
2.724391642979457018e+00
1.426266122328815333e+00
3.114283575401890047e+00
1.889701903424163554e+00
2.679151180417938427e+00
3.830930165249411434e+00
2.464304340690255835e+00
3.889682512284347471e+00
2.325312890018071954e+00
3.357977095841260251e+00
3.885527605171361198e+00
3.609826766518918095e+00
5.055596331810308097e-01
2.279152604678400085e+00
2.853522568141991789e-01
6.092594287534497388e-01
3.684633633221899185e+00
3.597564021713022697e+00
3.540097851852697985e+00
3.270483104880939074e+00
3.761753377227122774e-01
1.401436355289447100e+00
7.806987858730346508e-01
2.548649524732260474e+00
3.385014458099891321e+00
9.581641157222320349e-01
2.865705694690253047e+00
2.291053604199617233e+00
2.613804111220709547e+00
1.960769282227113219e+00
3.688356486420470759e+00
2.504525362326542215e+00
4.216595878667172670e+00
1.755494673121503757e+00
3.656041758549792853e+00
2.148705232285831102e+00
2.899970168806355275e+00
4.313742607507108140e+00
1.101997626926691343e+00
2.106804984994854024e+00
1.868005219279495588e+00
2.541210718575050542e+00
3.735393754095579943e+00
4.934085893202837525e+00
