8.215545219711906100e-02
4.769555611998161915e+00
1.952611362190802557e+00
1.958952937032175656e+00
3.314416634261208472e+00
7.091565581451181322e-01
1.987537681472093531e+00
2.044462803708402276e-02
1.798823550682940864e+00
4.507366892899062449e+00
4.532770359845167185e+00
2.364435592149037646e+00
2.401210909021550544e-01
4.249075795907875097e-01
1.007967217031422891e+00
4.030358828596172671e+00
4.954971115012357430e+00
4.854843524425219492e+00
2.022648124406214443e+00
4.997777330989043421e+00
1.791383742895833464e+00
2.991903746013524934e+00
2.259083667360451297e+00
4.780317979097413073e+00
2.544995573255581345e+00
4.718344211167206481e+00
2.732956544739960414e+00
2.351899353389227620e+00
2.294691553691357466e+00
3.360616236230660192e+00
1.238872416507607044e+00
4.351563040853190234e-01
4.918116983600118175e-01
3.240886097772795349e+00
1.889277497264221228e+00
8.714962529872632979e-01
3.749548462910014202e+00
4.894819544276337808e+00
2.126862453111488804e+00
1.631455673668833928e+00
4.662127225686695908e+00
1.027522148415625391e+00
4.552929662278973666e+00
3.889986229888573011e+00
6.648432540004328706e-01
9.788729237982701781e-01
1.038605391688942170e+00
1.889729053572448247e+00
3.790765800597399426e+00
2.705120059725128812e+00
4.743759968433270302e+00
4.932465655174417485e+00
3.827722168586838336e+00
5.254196016449647066e-01
4.682167752791722926e+00
4.291481640248753671e+00
3.773517851454129435e+00
4.709563372387336244e+00
4.529359848377512154e-01
3.590368599482580247e+00
1.470674493554452456e-01
3.262266693083957669e+00
3.517911049687183489e+00
4.290141337612357830e+00
9.690234715088913431e-01
2.008800905506591405e+00
3.481366027340431657e+00
1.728965121924340043e+00
3.613979821925392244e+00
2.167383206850004296e+00
3.582749981543073226e+00
4.584484861142829715e+00
4.118867825451262732e+00
7.697408152774243284e-01
4.013563946344167466e-01
4.376613757036154517e+00
5.870029548730032465e-01
9.550456888415781442e-01
4.743609155107923137e+00
3.663771192498384899e+00
1.489393196018806709e-01
1.743754382657843882e+00
1.887370782744579589e-01
1.268555956906372462e+00
4.719530524898120305e+00
4.970361229847137352e+00
4.734278374154264668e+00
3.126520125637361147e+00
5.181326846075762216e-01
4.234198954910505464e+00
1.545675507076032407e+00
3.830414517680007069e+00
2.258475723209854014e+00
1.807382300580877121e+00
4.963282288407366849e-02
5.852040775850991805e-01
3.264106360438209897e+00
1.662977770923017573e+00
3.784680588190362016e+00
4.893254589339122163e+00
4.511278619047244476e+00
2.609047924213094394e+00
1.485128378577070141e+00
4.656994098881212629e+00
6.438216079037611950e-01
8.517435342214108029e-02
2.420734375657679571e+00
1.824132280312085630e+00
1.574422255390874881e+00
1.094615276278698257e+00
2.735243304548464316e+00
3.731726751891435434e+00
3.821512502164463587e+00
1.397361220839152374e+00
2.458767982998759649e+00
4.937480536789482954e+00
3.410223370990342673e+00
8.353372011575171951e-01
4.731642362318366324e+00
5.377794805407137835e-01
1.168381631027892720e+00
7.117862656772372398e-01
1.781446583183550647e+00
3.383620001406675293e+00
1.853771204155713059e-01
4.736364699337008766e+00
2.162199335603276928e+00
1.943437243350008448e+00
7.769916610363070131e-01
3.503782844692993503e+00
2.278754155489143951e+00
1.005243713400825190e+00
4.576550660527126446e+00
3.752690506814253535e+00
1.351566759716114507e+00
1.467212148908670244e+00
2.967524821878362751e+00
2.086152723837280121e+00
4.543515493612320988e+00
4.590999433044389733e+00
8.953798746280122733e-01
3.784527043572033511e-01
2.722393854221522691e+00
2.509492372436621377e+00
4.995291412781260654e+00
4.046631206204563291e+00
3.163959385224174525e+00
1.454227308968364385e+00
2.477242661132051271e+00
4.612521082262181160e+00
4.672979679184660284e+00
2.133433370644617355e+00
3.718079696079685359e+00
4.473309455426116799e+00
6.183352553214238601e-01
1.049636402994662099e+00
2.945749891528650632e+00
3.271509651240021466e+00
2.213418885674662828e+00
2.079694943459800882e+00
8.365227781711503940e-02
2.571976452157623161e+00
4.887175761779360528e+00
4.999331505519283958e+00
8.966779689962289801e-01
2.782928584417383444e+00
4.991565122487077844e+00
4.854040711949496156e+00
3.528833331317173805e+00
1.131913159325712570e+00
3.518381655291517696e+00
1.794353431408476363e+00
2.414141943238536925e+00
4.550594522293105015e+00
3.492777682066967149e+00
3.930249845051227542e+00
3.457109058295719350e+00
2.948313737706659943e+00
1.783394676903593545e-01
4.523545473160742958e+00
1.865806566484248918e+00
2.274015617798871070e+00
8.049086663643845174e-02
1.368344273121533838e+00
1.752548672207289826e+00
3.863701165498791834e+00
5.538606770571885551e-01
1.308644005668080368e+00
4.671875172940767484e+00
1.805865300439545296e+00
1.694147039817467393e-01
6.410520778923184393e-01
2.062762291133129366e+00
1.081857132884420203e+00
1.591003750034600372e+00
1.801951731902625697e+00
2.201964080694794212e+00
6.567746258307854967e-01
3.229003396136450377e+00
2.003611698407488539e+00
4.029032951552180108e+00
3.188608891378263532e+00
3.120277033926367238e+00
3.337316194720707063e+00
3.295274813556097637e+00
7.135215456879728801e-01
1.056996573480750712e+00
5.862665340434086714e-01
5.731549021047277481e-02
3.786971922352587505e+00
1.757355983450075598e+00
1.988555208805812935e+00
1.490914987364178046e-01
2.347990303343996388e+00
2.500833254274070327e+00
6.174310050829107110e-01
2.959505497040936906e+00
3.905552837956416390e-01
9.349899455311727614e-01
6.826016005579310653e-01
2.199700054922681947e-01
1.722174721289907451e+00
9.667332973497733128e-01
9.822302852881853452e-01
2.706532500950330267e+00
1.227996000535871879e+00
1.473575663268975600e+00
2.763836989379943709e+00
2.355455673896345470e+00
3.030856338148779638e+00
5.386264782245386851e-01
7.875220994004450414e-02
3.708554238330428632e+00
4.483072960267938001e+00
3.471232551630389906e+00
2.336010807520622734e+00
3.734028220192004976e+00
2.174926046186428152e+00
1.280863569274416358e+00
1.892656936134012868e-01
3.491383992168273220e-01
2.735402442633734221e+00
4.713514611517462427e+00
1.437181224440291949e+00
1.877499149831665548e+00
1.524966795920190243e+00
4.159537354792507635e+00
4.770073534829013973e+00
3.231533203844698221e+00
3.220864163022358007e+00
1.370092755473665935e+00
1.797946889763926581e+00
2.380984003693032314e+00
1.849421251334019800e+00
4.579652935036549799e+00
2.473761202148383020e+00
4.327392739678307620e+00
4.010534039000074102e+00
2.073798029562575529e+00
5.117632647770758991e-01
3.212867446726652698e+00
7.366204166749856785e-01
3.253893826195711547e+00
4.986052775016541760e-01
3.820869783256650276e+00
2.786384936956586955e+00
3.836142583451933596e+00
4.902566338153835801e+00
1.303321874613112996e+00
2.918263037305542262e+00
4.993315637193910028e+00
3.376699503693397553e+00
4.342672702352778025e+00
3.229559272966016081e+00
1.172441097000392229e+00
2.262752656939956530e+00
4.577740859655492933e+00
3.622416992053051343e-01
4.132662850038967051e+00
1.765657500392785462e+00
6.442734453622972479e-01
2.835216689693276226e-01
4.736205958772910840e+00
2.641176851234984913e+00
7.145381218628826803e-01
4.329888494467519777e+00
2.104756161486630361e+00
1.801994725386817819e+00
1.051974780774873164e+00
1.352739170914744715e+00
4.184079352722242184e+00
1.901984176875408217e+00
4.673343718538413682e+00
3.670918275188117974e+00
4.593684538063486089e-01
1.040285106356286793e+00
5.827470078557678290e-01
3.245883303310791668e+00
3.287924595067709177e+00
8.854746441523703160e-01
2.283971214857712262e+00
1.069293389570483699e+00
1.834781206982776247e+00
1.660723571875855065e+00
5.033076191309493463e-02
3.227766720094105146e-01
4.583001722097009178e+00
1.021103515495475067e-01
1.404694823621771560e+00
4.069784721215186529e+00
1.948773873917916122e+00
4.287693244062557030e-01
2.152163268702199872e+00
7.105931279034682913e-01
2.826561831745002529e+00
3.098321765984537013e+00
4.008603240254800859e+00
6.136714806639836928e-01
2.147245493579499787e+00
3.787254521176878441e+00
1.974552630574581968e+00
2.502961123442753788e+00
2.205247233250436700e+00
3.313641983470452690e+00
2.891004409934799790e-01
6.182361752325782334e-02
1.573898065046581696e+00
6.026476883748438373e-01
4.031140356415670922e+00
3.382969803101775419e+00
2.282892610623709295e+00
3.347298338691897523e+00
4.403769190236721087e+00
2.351593379803373018e+00
1.001684509375004861e+00
2.222089447760670744e+00
4.625623985583624531e+00
8.016124765821530662e-02
4.988189067073093952e+00
4.640976248364820478e+00
4.104998083733051750e+00
8.444032727203559796e-01
2.845126485809426509e+00
2.930216889955102211e+00
2.327330964040732475e+00
4.881364607453559934e+00
2.449973968706686822e+00
1.657205403390313414e+00
1.317981177250679981e+00
3.354938711832300413e+00
1.935946739743528155e+00
4.324754702246753624e+00
4.644548862579064519e+00
4.613346990598108377e+00
1.152608970315455172e+00
3.678017946850999920e+00
1.624657003764771623e+00
4.521052555885741953e+00
4.918186684009487664e+00
1.891811632092704087e+00
3.941189266010243664e+00
4.624129819190210711e+00
1.151488308680430617e+00
3.934098020048737876e+00
2.165486255598754628e+00
2.997607420725167060e+00
2.584271307047243393e+00
2.669568480832584800e+00
4.382677488492634055e+00
4.940989492604769495e+00
1.620298130585080987e+00
1.901110330992694664e-01
2.373988289214221226e+00
2.735914127798524387e+00
1.366910994562079429e+00
2.347948065053645506e-01
1.071382361912044390e+00
2.474896596260085957e+00
4.065697474594371030e+00
8.480306690299216354e-01
9.710612755652497929e-01
3.074676340928336415e+00
4.065385880072841296e+00
2.238071445617882738e+00
1.692211540949735582e+00
2.123399718880282894e+00
2.394649182995073566e+00
1.171777306941207408e-01
2.932072968169011418e+00
4.309524369726558390e-01
9.042034038231105963e-01
3.091022938164293521e+00
1.490727086137298985e+00
2.951534831624733624e+00
3.678793957284295146e+00
1.750861482599694430e+00
9.607125059727905647e-01
2.996865189603011181e+00
2.292705102144982909e+00
3.797083030267904391e+00
1.130559592265908408e+00
2.827778784254922240e+00
1.835619853526523348e+00
1.436920453683713239e+00
1.520850995578341802e+00
5.270504123580499467e-01
1.861832758624193840e+00
3.833362756771228064e+00
4.589656870262228239e+00
3.431635740507955390e+00
3.920025877269950332e-01
1.492173350247523622e+00
4.758709030360134484e+00
1.733195456388830769e-01
3.077525329990959513e+00
4.816787250530559561e+00
2.071122739514370981e+00
3.734722830666811433e+00
3.447291724656543099e+00
3.625573054407846385e+00
1.572978912115976513e+00
2.261636536219259419e+00
3.448063060734216201e+00
3.307051687354172209e+00
5.495370116273090577e-01
2.398099262085502836e+00
3.869662323301398033e+00
2.640261044053428652e+00
4.212684370051463567e+00
4.885883727055554182e+00
1.435701007471386514e+00
3.762358211640434824e+00
1.537282138446542934e+00
4.739987649039694162e+00
1.950467934894094535e+00
4.297969901814290061e+00
4.865290475935503345e+00
3.203126705666133667e+00
2.568338577891280838e+00
4.124768853401096003e+00
4.508217249694468354e-02
5.286390028319193357e-01
4.404328656019814048e+00
2.053473465813453025e+00
4.649122829258288903e+00
4.655105483864537597e+00
4.239539238454273828e+00
3.029641587506693767e+00
4.503112251179997028e-01
2.566130644573453523e+00
1.140428290823034985e+00
4.799935007127620779e+00
5.517474934506827466e-02
3.133079271935253374e+00
4.049508259870399085e-01
1.273876786951061435e-01
3.954751934359088228e+00
1.573607399691750341e+00
4.743494170872908811e+00
1.494019434187931594e+00
4.949789851328677770e+00
1.788221985320826990e+00
1.010808793338359157e+00
1.303650632097069106e+00
1.791901735726908473e-02
1.935462913094687654e+00
4.206437035735896224e+00
2.278073380640913470e+00
3.448042642894630028e+00
2.028548542909339059e+00
3.395948950716866754e+00
3.822933504695744222e+00
7.371417039831834606e-01
6.038413366777939384e-01
4.576337538587515574e+00
4.482900054508368370e+00
4.457203135037667963e+00
1.157650012459154887e+00
3.763216177175086052e+00
4.561519307525288447e+00
2.881226948170723112e+00
9.225262371923931282e-01
4.873457872727593454e-01
4.400371723222694875e+00
3.177927376454241504e+00
5.546589397950579814e-01
2.470859935258240547e+00
4.226469983754971516e+00
2.252016848149454464e+00
3.485533231871196236e+00
2.302912856524276464e+00
1.614909762812748006e+00
3.337311531646623308e+00
5.351673803800671703e-01
3.548984254681387007e+00
1.462328899485699107e+00
3.153425732752520361e+00
4.563234441988210932e+00
7.299952408434107198e-01
4.957080612565769151e+00
