3.301665820788015626e+00
2.578281872423102250e+00
3.889798646025379281e+00
3.376286907198577492e+00
6.265134148631590350e-01
2.986390373114505614e+00
1.958576779236874010e+00
1.614938790934250523e+00
3.326082412580097625e+00
1.100823837135329608e+00
2.124103541585384392e+00
4.801718112692529239e+00
2.545809719855268716e-01
2.938597228546118600e+00
1.368438801293153650e+00
4.071197861764494164e+00
1.998149957174643720e+00
2.918228957671215706e+00
5.197843681940633731e-01
3.227692906568519593e+00
1.618896351881187190e+00
2.505224172443635489e+00
2.927431647471843590e+00
2.987583058392149216e+00
4.466113421578017828e+00
1.777770210075106938e+00
9.291274294798379518e-01
1.965599550345030755e+00
1.647694145991572157e+00
3.572874117278839634e+00
1.212281476495969956e+00
4.671066278456614818e-01
3.552574520368097399e+00
4.100300920528610060e-01
5.314064288328407271e-01
1.993324133428518330e+00
8.893776086894156219e-01
8.693243909320724772e-01
1.137322411848264991e+00
4.156751117154652952e+00
4.144678987704160988e+00
4.868176585649939270e+00
4.130008499451664150e+00
2.472862434389916153e+00
1.030845155585004003e+00
2.160869968743433844e+00
3.147539364465056888e+00
1.966097545519674972e+00
5.800800739176692478e-01
3.624282477220298837e+00
2.922333914806932498e+00
3.731643285522916020e+00
4.311180090470204007e+00
4.768214479809210538e+00
1.838325634530069141e-01
4.314030130920202488e+00
4.583937691093328048e+00
3.080455839539055773e+00
3.928733166702672364e+00
4.403967693242160308e+00
4.540487584917102248e-01
4.115906588806912403e+00
2.975061141396793118e+00
1.584936938195627310e+00
2.221146063885035105e+00
4.467043607834873420e+00
3.361336256428939961e+00
3.839379846207797709e+00
3.752865895351664260e+00
1.806197073639327355e+00
2.920503003945067011e+00
1.392757407408949266e+00
1.117419095988698263e+00
1.429669559755621933e+00
3.369395026964131290e+00
3.281832152935941771e+00
2.243261325627663005e+00
4.660128327616225308e-01
1.603851872707107606e+00
3.169168308307080295e+00
3.318968324553313920e+00
3.533637463459729844e+00
6.124091241940193830e-01
3.808252198501422381e+00
4.819976694582680743e+00
2.250311566701259647e+00
2.378546519096874867e+00
3.310358520663094772e+00
4.050345834436220649e+00
2.554356900688285137e+00
3.519241906101671091e+00
5.067218615259139192e-01
1.811332192348282799e+00
3.235281062332766577e+00
1.964724348678288823e+00
1.473854528922303730e+00
3.437907601750933129e+00
1.985151840844725513e+00
2.360099172949187141e-01
1.923523152272743619e-01
3.713500431140996483e+00
3.517788996491396425e+00
2.631827649923768053e+00
2.374057629181156148e+00
3.028210788205424997e+00
2.089123039946727545e+00
4.867256643227069191e-01
1.893107110376761160e+00
4.032895588736760573e+00
3.407879194126839373e-01
1.349522618526866058e-01
1.594199345555743497e+00
2.608726126921040445e-01
3.730251264390189725e+00
4.165928522595346628e+00
2.675035180514525379e+00
7.452055935640189421e-02
3.117551934213161680e+00
3.955457698603968009e+00
1.903022825486083702e-01
1.799462219573003674e+00
8.120723800958912220e-01
5.748325942352761064e-01
8.830772473184372862e-01
3.076390245951946767e+00
1.761493222690286409e+00
2.197322136744474630e+00
3.209346934275549401e+00
2.332992311669040753e+00
1.550949448606452341e+00
2.324102616131959564e+00
4.928159827674181592e+00
8.660884268479773773e-01
1.640236812832594371e+00
1.379697004841771157e+00
1.988569114352105593e+00
1.935459123596962039e+00
2.883741964956411330e+00
5.661503698460546019e-01
3.530214164872194527e+00
2.903991625834442925e+00
4.922430945363702293e+00
2.963739908394885880e+00
9.364779336242251562e-01
3.415864185767603978e+00
2.188851107580482402e+00
6.313812772132276763e-01
2.586140668695058764e+00
2.120281820363875802e+00
4.926320750425388972e+00
2.390386670776531552e+00
3.907424633055065932e+00
2.858413546404711347e+00
2.525628334359234728e+00
3.401334235958939356e+00
4.668951103338151221e+00
1.138286580295068795e+00
1.317914969200185027e+00
4.425947712420514435e+00
1.616082922245518194e+00
2.206468729704911258e+00
4.527054699539321270e+00
4.606778269599715259e+00
4.864120673171135056e-01
2.849107118904519620e+00
3.257552829514349213e+00
1.818735826711778136e+00
1.389132192607002825e+00
3.322357925852259974e+00
2.509372970887111531e+00
2.235503640411169002e+00
4.255302251585994178e+00
8.124061177238417475e-01
7.266688575689012053e-01
2.644570347308838887e+00
4.685327052652163538e+00
4.070336141285871179e+00
4.359318880593831658e+00
3.447906677947312204e+00
4.656306699023176066e+00
4.126953715068414574e+00
6.332246399275032189e-01
4.930677783179016060e-02
4.592559849438544006e+00
4.479573898288376377e+00
1.784138852992117608e+00
3.510597307311684290e+00
3.480974078268676664e+00
3.574713584601912242e+00
3.238983138061056977e+00
3.244057413747891694e+00
2.746839637824755265e+00
8.972247067698779777e-02
2.090525802547337886e+00
1.827503120497853129e+00
2.473717415995854374e+00
4.829679706751544011e+00
4.856858450466245536e+00
1.758758949997218490e+00
1.060099656627401243e+00
5.547329942207718245e-01
9.564639994349755092e-02
4.702223300079950263e+00
4.037407052122512496e+00
4.198764075003388108e+00
3.054973806883421794e+00
4.126483093529129675e+00
3.953828524180838411e+00
1.598286502945369225e+00
2.249127133136090251e+00
2.389271579076261975e+00
1.188604295365079944e+00
3.133675436047846485e+00
8.514561671783321684e-01
1.359951134662172878e+00
2.514754205578686008e+00
4.052337267537755139e+00
3.142274447351833810e+00
3.487369280795516779e+00
1.020513791236008050e+00
3.475029604030572372e+00
1.943995569748270924e+00
4.273898414010432134e+00
5.217158177978048483e-01
4.158446020181491676e+00
4.773789218469859819e+00
4.530358440002547837e+00
1.613667644783558064e+00
3.614551154815361933e+00
2.940311560583332984e+00
1.655836374350487805e+00
2.897381536915692557e+00
2.258113822729508779e+00
5.026841824703887074e-01
4.257513281338497713e+00
2.652751964610083224e+00
4.695095635158251568e+00
2.693278481064154128e-02
3.238405645710267677e+00
2.346489355513426744e+00
2.390247349279732703e+00
3.397570083096336901e+00
3.373695676968778479e+00
2.739746045849422273e+00
4.944116249119217876e+00
4.768296456137032457e+00
4.123541413770559494e+00
9.321708543957429871e-01
7.453107175042267274e-01
2.515475822679882789e+00
4.397447821345946473e+00
2.697997400084988229e+00
4.869514438493826702e+00
2.029637282402930065e+00
2.316284618160663555e+00
1.610851582455544717e+00
2.542717713476152941e+00
4.401684443797637236e+00
4.507715094410852608e+00
4.095350895886562981e+00
3.715444067088972790e+00
4.467288442327388864e+00
2.242756583262343284e+00
4.204567529531156644e+00
3.229850250172688897e-01
2.787046435921401333e+00
5.383512268567069992e-01
4.720651981464291325e+00
3.742301696849259951e+00
2.459168972515306528e+00
2.272669332843125112e+00
2.950573705887777454e+00
2.791505871846627240e+00
1.265350196497285751e+00
2.925319805440806942e+00
3.365342319535300941e+00
6.850482698744664312e-02
4.995922371093526770e+00
1.718812062623952253e+00
3.170420103376283993e+00
3.012807322168425728e+00
1.256127401939866051e+00
1.605139637542037923e+00
8.504680116176527305e-01
1.371937319169180824e+00
2.809522540375906097e+00
3.468236072446420071e+00
3.573244288553921066e+00
1.860269557671145879e+00
2.746310393482334966e+00
3.726420439900757220e-01
4.444301890891593665e+00
4.729658248314480673e+00
6.052370489621189398e-01
5.618455017520890271e-01
2.286941084213687692e+00
1.839957324406428230e+00
1.345832681382169049e+00
3.741796372129551074e+00
2.480159627124336907e+00
4.626027983792329934e+00
1.409754088900603275e+00
5.063833320728161613e-01
4.198663128845391057e+00
2.129571292499242041e+00
3.163363674619001920e-02
4.204035972424398082e+00
1.365083431417364768e+00
1.399568880116078828e+00
9.260382853156284844e-01
2.599874046427064656e+00
7.903311696131393171e-01
1.892020122340610122e+00
3.455856780722484256e+00
3.562770429397809302e+00
2.985052678288397487e+00
3.705033790733429200e+00
4.779309468581052656e+00
2.258050575874684274e+00
3.997845115813758454e+00
2.672710224404342139e+00
2.088048735932945377e+00
3.933236010894364476e+00
4.615461565088555318e+00
4.059878268925325884e+00
2.648027556922987191e+00
3.916190023331489023e+00
2.162289528062195654e+00
9.534424227105992022e-01
3.139940531015415370e+00
9.553069335100650150e-01
3.363306393355858237e+00
2.896119229472613021e+00
5.605524788079119247e-01
2.391225256548966005e+00
3.522799860972925856e+00
2.551434215327416766e+00
3.491186700384755870e+00
3.106008482266568116e+00
4.974751045440167552e+00
4.888456771380015553e+00
5.070146312543089007e-01
9.313176690121693913e-01
4.426913571364734068e+00
6.368907889680014422e-01
1.186735880249931707e+00
4.382664906969708341e+00
3.777684752919335809e-01
4.561461406969552490e-01
2.372581629167116457e+00
1.861242780592539114e+00
1.568256651799900814e+00
3.755403324628438178e+00
2.625144733702323041e+00
2.819600416520782193e+00
3.180338896283187111e+00
1.390177277696549307e+00
3.193347631356850513e+00
4.424195213736817678e+00
3.019083270737829672e+00
1.195029169328248875e-01
4.982938286245207848e+00
4.793593824602173648e+00
3.415559138099678371e+00
3.797239824918634099e+00
4.281662556016500254e+00
4.845125123974763914e-01
3.643951749105372784e+00
1.495506387259803560e+00
2.475164427922067922e+00
3.825108348046189377e+00
1.147554502868300963e+00
3.312021595477592673e+00
5.527768451209968958e-01
4.274971226238050148e-01
4.176828392389592359e+00
2.086853041732758207e+00
2.778587219629545135e+00
4.650784227851439967e-01
3.971759098882682970e+00
5.681949980736034078e-01
1.685749745599170346e+00
2.607394374859919761e+00
3.937347302236032576e+00
3.762705811455913540e+00
1.919048956881729273e+00
5.009382396346512278e-01
4.592559188423156691e+00
9.416326773317162946e-02
2.760526388415471377e+00
1.013865348674495293e+00
1.984794743475919443e+00
1.628044200485487814e+00
1.021435843933500287e+00
4.657060330478644872e+00
3.202174151881892250e+00
3.868809763590615347e+00
1.501807912058541916e+00
2.524194505187233428e+00
6.104218427888796761e-01
1.619161974623666733e+00
1.473496788051428252e+00
1.461982135382228876e+00
7.560387638298515789e-01
2.220616282634109151e+00
4.584765676526191491e+00
1.024393991813553617e+00
1.516260613376421595e+00
1.976552474152337702e+00
2.865074681917619159e+00
4.413520919627267336e-01
3.287821165574001281e+00
1.478042472502949067e+00
4.856909030512420955e+00
2.456325209171843049e+00
4.069211018221093212e+00
3.693184961116676490e+00
1.375998118836870843e+00
3.303866772327670009e+00
2.587875518415414522e+00
4.430497505125191582e-01
1.305058863132237956e+00
2.922513176915935151e+00
3.635102164098681143e+00
1.861239883385841676e+00
2.332168281165695412e+00
2.851761674670784785e+00
4.693061537711388453e+00
1.938940260899954637e+00
2.919276261217571555e+00
1.974911592402201599e+00
1.921947140238395857e+00
4.761570390312282797e+00
2.820798125671414969e+00
3.836212900457156127e+00
4.282782316176154680e+00
4.556348363897671838e+00
3.405309345414091471e+00
8.570781811511246628e-01
1.958704976598720782e+00
4.874408543642164027e+00
3.713901210649850348e+00
1.543159288003523422e+00
2.843912733735609155e+00
2.639105021672580875e+00
3.325252971392668400e+00
3.707437301089161474e-01
1.213024563301757786e+00
3.745353279994200868e+00
2.612522630030001736e+00
4.195338298182051950e+00
2.555838286240389223e+00
1.647415620418271054e+00
9.696360605099352270e-01
2.874547273131324410e+00
4.130458935358424455e+00
2.666799636348750724e+00
2.749164250718219904e+00
2.549811730883012828e+00
2.004805884977768571e+00
2.919216462579155902e+00
1.194915755692545378e+00
5.494014755011378259e-02
7.078236813665073068e-01
4.406111596812627873e+00
1.424592461544813560e+00
1.204920909319999733e+00
9.116689303552161228e-01
4.341588741798688034e+00
4.099231036849666943e+00
2.575657442294392752e+00
1.008526899365475682e+00
7.087152704472177156e-01
3.893617119401608928e+00
4.266567589174685260e+00
2.327538231572784611e+00
1.135897671980601320e-01
4.116777585803691686e+00
4.157628157437426530e+00
8.818811060493686460e-01
1.796308064242435609e-01
2.018872934462989210e+00
3.035026438754184319e+00
3.855198049375113456e+00
1.795002677637182575e+00
4.201433383000710897e+00
4.249983445307146113e+00
3.936230433069669576e+00
2.004938993570013483e+00
3.797138081472653415e+00
1.518968323282734900e+00
7.553187402029493125e-01
3.442451443702840841e+00
1.704987543478417411e+00
7.341080620222373287e-01
4.485254192592813993e+00
4.840993210771628696e+00
4.899614228443647690e+00
3.374088046503759930e+00
2.272679167525252453e+00
