3.082347251429933710e+00
3.546857280900096221e+00
4.740825052105868131e+00
4.233598030713205063e+00
1.660859805947428214e+00
3.537054976686313523e+00
3.267806556665047601e+00
4.067671959273744253e-01
9.716302453516290072e-04
1.007352478897084458e+00
1.151769834818928695e+00
7.920472757879049031e-02
2.914059247418450127e+00
6.210979310958381072e-01
3.076514565378032806e+00
2.227448503114128009e+00
3.556300312547757692e+00
3.736730279869212801e+00
7.984602345428398751e-01
9.454441970769522641e-01
4.346143422573891968e+00
9.263443163834289562e-01
1.090060996549374606e+00
1.689639500716050291e-01
4.668149734299642084e+00
4.830363319439622494e+00
2.586632094491408962e-01
7.990676235418209261e-01
4.462919531381333016e+00
2.442369262811856956e+00
2.220575343586088657e+00
2.973217840293897574e+00
4.824536346369978190e+00
3.303127963660116073e+00
2.253544097316996897e+00
4.727935359435082141e+00
1.589055661120237772e+00
1.615770143726288355e+00
1.622617383553223824e+00
1.669710804056343090e+00
1.967845839113606665e+00
1.087386838347152551e+00
7.590055223926189809e-01
8.505773887976658676e-01
4.416421405373236908e+00
4.757039931909379682e+00
1.330306800940976864e+00
2.482342373038122219e+00
2.234896711475663267e+00
9.906017057324467689e-02
4.634471054847127292e+00
3.679082090095320279e-02
2.499436193380043747e+00
2.620199850708759826e+00
3.580166148563407091e+00
2.609192935941730962e+00
3.004024368992792127e+00
1.721423237473258094e+00
3.451597806145803027e+00
1.758403410207631801e-01
1.892644861463647743e+00
5.727351512364586839e-02
2.098195226457183482e-01
2.820749692600560188e+00
1.358545138816114051e-02
3.998672629841521609e+00
3.901404323730650603e-04
1.689620424024973921e+00
2.284955539502901090e+00
3.556496646036857445e+00
4.055258610398363217e+00
4.491066540110034033e+00
3.439776820500395793e+00
4.354148252982823486e+00
5.532180502135281008e-01
1.643157148374340126e+00
3.784719306013759610e+00
3.789778202465700296e+00
2.460247763936655119e+00
2.408011603068377582e+00
4.910737998446544239e+00
4.899186041931654856e+00
2.164489372136390699e+00
4.219584604571526398e+00
4.373644137735844595e+00
2.182860838821395255e+00
1.464307134321290338e+00
2.454801163606464165e+00
3.296148073992460903e-01
1.829384358930374876e+00
4.220596272508528202e+00
4.252813836794875790e+00
2.192334276957767614e+00
4.345590497898383475e+00
3.944854686918153774e+00
1.783380464642830843e-01
2.484630418721282652e+00
1.533446189367341228e+00
3.856528477800907906e-01
2.700668894236903483e+00
4.895477325184203643e+00
2.946311405625318791e+00
4.157938477964151502e+00
2.502040851213762185e+00
3.151617288079389123e+00
2.394564191410653020e+00
3.605641569118502865e+00
2.745955406685763656e+00
4.160135681184452316e+00
3.377706412809095005e-01
1.631050234058120552e+00
1.972398575338774052e+00
1.349113557194353552e-01
4.167507175791417495e+00
2.090139905346973137e+00
1.285683743284821157e+00
4.727453337504408992e+00
4.914510722564352285e+00
3.456933767450981243e+00
1.128246195126070717e+00
7.034610126175938616e-01
2.989236445452366553e+00
4.435732176985396791e+00
1.566937226298847463e+00
1.543577327651675546e+00
1.312866625206122073e+00
1.139382958168869031e+00
8.777568105150235223e-02
1.346190929202375930e+00
4.031964938195240933e+00
4.549931521610561802e+00
4.210317903588756572e+00
7.079488847306947275e-01
3.296132933217327254e-01
2.569680761594776541e+00
1.125772594646208269e+00
7.640454377595712332e-01
4.139976789516023103e+00
4.203314039698980764e+00
4.389142445446645446e+00
5.689212830715956182e-01
2.061133261573655506e+00
4.001753820964441211e+00
2.246197834277714911e+00
3.602696513948683288e-01
1.865601220522124404e+00
4.898400906537412780e+00
1.008904165929405572e+00
1.565516353714091480e-01
6.399187196407774003e-01
2.007100944374264895e+00
4.958194433381575728e+00
4.059475687366866481e+00
4.347718123578884430e+00
1.913597679242077243e+00
1.416242493830125460e+00
4.708014327403595267e+00
4.353272601489397431e+00
4.879023200877336208e+00
2.498748246926379757e+00
2.609269049734348478e+00
2.205273426676443993e+00
4.380497662536822823e+00
1.200835830799108495e+00
2.546171254880204682e+00
3.186780286236514659e+00
9.818059842363990875e-01
7.770704014813395455e-01
1.555369983545367596e+00
6.889583827795425774e-01
4.230877945463042522e+00
3.038381690872345331e+00
1.705164912904926666e+00
1.842016617303173787e+00
1.943740639464037745e+00
1.521635878720478008e+00
2.153682022721455702e+00
4.305251971534048039e+00
2.618069725890620481e-01
1.173965104798595505e+00
1.704539817952516190e-01
2.290146184692460452e+00
2.028272703590825454e+00
1.240651607571453541e+00
6.436792081818387690e-01
2.510868318455303783e+00
1.383184743890719659e+00
4.794777422957943180e+00
4.339791347251309439e-01
4.649497784575796544e+00
4.723667551496557593e-02
1.021012104573106427e+00
1.638618047819824675e+00
1.213841387313011611e+00
3.877586369835933633e-01
1.484904946852129815e+00
4.899239237282559500e+00
2.262756992789924926e+00
2.724574512005356830e+00
7.337287021284227828e-01
1.698994841075424089e-01
5.610563144075553232e-01
1.025638508766623769e+00
2.668723797123007113e+00
1.150735580368640765e+00
3.351361172005860922e+00
4.896575158620468216e+00
5.911592482695338102e-01
1.511610524165211800e+00
1.231522147670586209e+00
4.089132034185804621e+00
4.394198504463791011e+00
4.403442637572813068e-01
9.647074242700226510e-01
3.339875403520906172e+00
9.525676710354108456e-01
3.433756479415888130e+00
1.918194841675936457e+00
3.582987781814267469e-01
2.508435077371264921e+00
1.752991421198889510e+00
4.413028267444770059e+00
2.173158717504075632e+00
2.988053434039024570e+00
1.486900622151654083e+00
4.705887860368238584e+00
3.206107941494088287e+00
1.285195810204431410e+00
3.510162241215224466e+00
2.781641103977346319e+00
2.567060487957197878e+00
4.551943498990718151e-01
1.329248337103694944e+00
8.132487154950318597e-01
4.453788189724242841e+00
3.912310008952105456e+00
1.616432655943540908e+00
1.092466358322115028e+00
1.574105720806906916e+00
4.507830739896492744e+00
1.510015911614027040e+00
4.311625053833448185e+00
3.966064732618562738e-01
1.921773888087896509e-01
2.624946986886409483e+00
3.116817666661604314e+00
1.562197717891009141e+00
3.430405688075138571e+00
2.606374343628719004e+00
5.235984164952839359e-01
1.069306860782737179e-01
3.154982635545350966e+00
3.908097960755994027e+00
3.993025374456160570e+00
4.742977795348464198e+00
2.531383635600441551e+00
4.578721122172773050e+00
4.442138436642978583e+00
2.162754857766489014e+00
4.352158008016288271e+00
1.103567587335961830e+00
1.537571899328129543e+00
3.131619683606249982e+00
1.358440065894996884e+00
1.635751856858526754e+00
4.226346847766927262e+00
4.392725826262859457e+00
7.031141158563869453e-01
1.508558335323926247e+00
4.420087907481338618e+00
1.928266958738875214e+00
2.749284576105808231e+00
2.221778566051296977e+00
1.995246274432432187e+00
1.017803725759325317e-02
2.903530336708453063e+00
2.929023838340344410e-01
2.084083511696663393e+00
3.327994242232277244e+00
4.570293309938139537e+00
4.932451313340386889e+00
1.597006926015327455e+00
3.528848113199072323e+00
3.753549927918412799e+00
3.008273294276952115e+00
1.696186765695879561e+00
2.634043455885579643e+00
4.141759490064672811e+00
1.949737380833834077e+00
4.908332015899377510e+00
4.697901539248295677e+00
2.611639249973540799e-02
3.489044307237965103e+00
6.695547546053448595e-01
4.469500974470712151e+00
4.593076365113979875e+00
4.328427550755004072e-01
2.866748371789201721e-01
1.256807251238571954e+00
1.663516688820763534e+00
2.587835009466947778e+00
2.917293746014550937e+00
8.411058609212762605e-01
1.172546869448574114e+00
8.878245001652812496e-01
1.869318674314454753e+00
3.012571768131348193e+00
2.275714229642371578e+00
7.010118940115422914e-01
4.607477871819777526e+00
2.409466014767299491e+00
6.620926853048691996e-01
1.202626974889972056e+00
4.226177085716352977e+00
2.468198802282562276e+00
3.103770458507775665e+00
6.309599630231893519e-01
2.710349728592341911e+00
2.301886926805241540e+00
3.731253379485349519e+00
4.923049485852615703e+00
3.167257299863805109e+00
3.094069126844559037e+00
3.967476402626136434e+00
1.236643313989278070e+00
2.170634123345416278e-01
1.827367767445200464e+00
9.282548000323348480e-01
6.267005871279757168e-01
1.729239815604392660e+00
4.440933780172803935e+00
4.530901741129424565e+00
3.751977909657475685e+00
1.783674800790443493e+00
3.330912635015025103e+00
2.456889745221755739e+00
1.480881534281133671e+00
2.366401766718566613e+00
1.795878461411021254e-01
1.795193861404716928e+00
4.922292540560350815e+00
1.682238189290788277e+00
4.654633068591006229e+00
3.706993201942190730e+00
3.911363448738722326e+00
2.006945288776346814e+00
5.894211763100482004e-01
3.159664419725596307e+00
4.915405135075879173e+00
1.672148743240797764e+00
4.321871033892126235e+00
9.050044917843402814e-01
2.919385651795792569e+00
2.895508180764514439e+00
4.115262362876586089e+00
4.204004815367612391e-01
4.957554829001026286e-01
2.488860875306645681e+00
1.206541815148558516e+00
8.271350159396173574e-02
2.324865553945583141e+00
3.536877104470744548e+00
2.031299294008380052e+00
3.757869744129914480e+00
2.796847010151090274e+00
1.266954947735439596e+00
2.036085666815995232e+00
3.924970258512685550e+00
2.849860403074627513e+00
1.260976610218668803e+00
7.131057896688081099e-01
3.494184237616653199e+00
4.695901305276449555e+00
1.794500260070748254e+00
3.520330014194301693e+00
2.436907448610185600e+00
3.652653360973481256e+00
2.706237862383749526e+00
2.554435716378698373e+00
1.404940668977928686e+00
4.290476487936198069e+00
3.916543307334298785e+00
2.143513676435866433e+00
1.555106438172248584e+00
4.417949370599778547e+00
2.237941015679187462e+00
4.305229553241373353e+00
2.470735576217299556e+00
2.019435822854129814e+00
6.145719588422243751e-01
6.248373051105710063e-01
2.920183768138223668e-01
2.014386405650130385e+00
1.419462326429365540e+00
9.879141527920654031e-01
2.849647700960979968e+00
4.349332475395094377e+00
1.871655674322958429e-01
8.955554391055486896e-01
8.525045975730088932e-01
3.280861116517139742e+00
4.712821233060770609e+00
4.984794990643390378e+00
1.166683946693570784e+00
3.547268780201582761e+00
2.155042667552554470e+00
1.496154648770192663e+00
3.171986672608513746e+00
4.086969812192903007e+00
4.829888002590832841e+00
2.367147111285676342e+00
3.430490852110097411e+00
3.475816543759024935e-01
9.596971882130711506e-02
4.527089071126878750e+00
4.884027497236688831e+00
1.839849051672796776e+00
4.751614145684215806e+00
7.210270049593453523e-01
3.063960061342621000e+00
4.565653357011193236e+00
3.412378360725917048e+00
3.368678082501157078e+00
5.368314729784734451e-01
2.490089331234046632e-01
4.571253815393150344e-01
4.556570162692805681e+00
1.537225859043863663e+00
6.970290418708730007e-01
6.880905299359196814e-02
3.743425495874812103e+00
2.135933211260158782e+00
1.201003489315247696e+00
7.920854836185664549e-01
4.690389228640665209e+00
1.940640467608987674e+00
2.710830518927414445e+00
1.133534945602811650e+00
2.817033587957478602e+00
2.919650645344668005e-01
1.930098324184532199e+00
1.392801972600122840e+00
2.190399149663646572e+00
8.674086470221475942e-01
1.964292415570136452e+00
3.374614576030011470e+00
3.891049279014121787e+00
3.338479426372120695e-01
7.702292116322539961e-01
4.350916619652560158e+00
2.537622225487734084e+00
2.609013837985828310e+00
1.797827282881447442e+00
1.119658298958770004e-02
2.437817128493731111e+00
3.319510003432315060e+00
3.398935008791182710e+00
9.329382175734846072e-01
1.685006420397427540e+00
2.495446056500621346e+00
4.351689844145461450e+00
2.344050301749918575e+00
4.829269802147624802e+00
4.178908148761641073e+00
1.080847606313050102e+00
2.858123753999226579e+00
1.698335810893929043e+00
3.106201277438954023e+00
1.452012620557341371e+00
1.935654021991449092e+00
1.489414230628142821e+00
2.618320965928300215e-01
2.470633537460608764e+00
1.988069647807760854e+00
3.508202727369847729e+00
2.188850910105495373e+00
4.344840410114450435e+00
4.211344583312434331e+00
6.594961418122780028e-01
6.448471080632378616e-01
2.720636508167703305e+00
4.745064766706169612e-01
2.786116998807893985e+00
3.263451279253963833e+00
3.183265531880783428e+00
1.441645124533669220e-01
5.234683500689951696e-01
2.371016495112638456e+00
4.930279215441577989e+00
4.741963018163114496e-01
9.972870464870348117e-01
4.817161545678521506e+00
6.474857701480851713e-01
4.776634467584853105e+00
1.663025367590682979e+00
4.481080653053760798e+00
2.471495153732270467e+00
1.483990906304004653e+00
2.377212460377251535e+00
7.333855974217906581e-01
