1.378095415693219472e+00
4.599051314118424827e+00
4.347416428424794255e+00
4.192974356797670943e+00
3.558931165681149089e+00
2.105530034159743380e+00
7.337212263791087485e-01
3.721698659035778789e+00
7.164392710899952776e-01
2.623170698339115425e+00
2.269701429823645533e+00
2.983735474614462868e-01
2.450859325672570144e+00
2.042750093211762152e+00
3.603526866852337029e+00
8.944192155574109959e-01
5.905553840863314585e-01
4.828980183447388441e+00
8.375541911200135026e-01
2.373623284602000005e-01
3.403047765865205410e+00
1.931463956439430252e+00
2.621040725828339468e+00
3.008329223432808952e+00
6.143660659712779637e-02
1.112580758207835530e+00
4.751157539747208336e-01
8.616428161198952385e-02
2.815641005217813131e+00
4.474725326023615279e-01
3.212111102975585109e+00
3.126810092470518221e+00
1.537039796366072020e+00
4.522292172015252909e+00
4.557829230762068029e+00
1.038709584001776820e+00
2.111913013886337787e+00
3.113692726095656393e+00
1.988314965038278093e+00
2.186729887390734373e+00
8.719383287489623768e-01
3.492716439440266107e+00
4.617901549322796839e+00
4.673159070912471513e+00
2.182096020411421922e+00
1.421498688155276025e-01
3.712670222386161178e+00
2.175073197282912929e+00
9.605453564211374751e-01
3.176570553220432913e+00
3.219611706944416785e+00
3.906982956625053127e+00
2.763301332227538154e+00
1.351460484951294116e+00
1.081524103103494561e+00
4.206130984565669806e+00
4.351498755083621495e-01
3.995126279173510930e+00
2.866265214916670523e+00
1.703347629971488253e+00
4.916636468985897679e+00
4.045060598718754896e+00
2.226245173591638427e+00
3.902542740803038868e-01
2.871302869177930539e+00
4.948740796326048574e+00
6.489516798759525917e-01
4.823444066948630038e+00
1.108743498306830055e+00
3.075886093200104643e+00
9.202238152432296037e-01
9.282163605306320564e-01
1.430273088407141291e-01
6.891755603087817983e-01
6.696152417328316009e-01
9.680641410487594856e-01
4.582279397697242018e-01
1.815659985418958122e+00
1.983189973893606073e+00
5.260993421602516706e-01
2.773592067154555085e+00
3.739822069141450100e+00
4.191273158658551878e+00
1.640186475365545959e-01
3.747706658822328230e+00
4.837267351142748417e+00
7.241102067912430496e-01
1.001175953177305677e+00
2.382789649517600417e+00
1.836432363143920998e+00
2.856574459646412656e+00
3.176289898194318617e+00
1.294568102578825375e+00
7.386974429664949771e-01
3.374154955750878759e+00
1.901652725865317084e+00
3.423491886494946179e+00
8.174780732442460396e-01
4.199610481611298907e-01
5.977527058433518281e-01
4.738376232268734611e+00
2.780685995455906001e-01
6.314875159838739815e-01
4.940531338141926021e+00
3.748279421590440030e+00
3.171546321968149229e+00
5.396166111549738353e-01
4.595234447323321092e+00
7.506239926060598311e-01
1.762639442051391336e+00
4.413438485162130220e+00
4.777851003369669947e+00
3.021080264546458061e+00
3.274081807297224422e+00
2.076202115904422385e+00
2.842994430715593435e+00
3.014003078595516971e+00
1.750122511071164899e+00
1.143079930678930767e+00
1.267899305774383700e-01
4.828550025861606088e+00
2.121829571281393712e+00
2.730693811256531767e+00
3.739502834463316105e+00
3.468903675513960838e+00
2.756400498459610660e+00
4.417486393438391445e+00
1.289936672879296697e+00
2.017608889363124547e+00
4.895666070997954478e+00
3.136323719537186250e+00
3.947272076555297549e+00
4.649560521264884727e+00
4.053232255663886008e+00
2.505787126218431915e+00
3.770948669160904654e+00
1.996818484977264774e+00
4.114525026440886357e+00
2.730916590024326407e+00
2.669921989502168191e+00
4.962313371503499937e+00
2.230081561800348222e+00
3.633907358533039922e+00
5.651234865026849574e-01
8.129985946252676898e-01
3.006566158485904250e+00
1.698255490461381134e+00
7.893970025889318620e-01
2.170740061389899722e+00
4.777277976508140789e+00
1.729364037968051271e+00
4.279243031387966134e+00
3.918636478451127836e+00
6.151457203345839231e-01
1.442661232759594014e+00
4.574412975298799644e+00
4.752228180342903840e+00
2.348073179292076151e+00
4.561193430939992410e+00
1.906249985998392793e+00
3.435556140726820917e+00
9.949041847558365292e-01
1.966195853220350509e+00
1.360413572143019945e+00
2.874684436441714563e+00
3.661699830134200084e+00
2.330997078830185032e+00
1.713171579505816222e+00
3.138679384076336731e+00
4.306315696835921081e+00
2.397177880893500479e+00
3.241193163544780376e+00
1.076794744390215275e+00
3.318941147500182431e+00
8.147962788499285569e-01
1.405165379040674845e+00
9.745468485578895335e-01
4.837373927922429928e+00
3.278673393071815934e+00
4.338052199881072823e+00
4.115358654659411641e+00
7.815313348028768425e-01
9.954732653150816235e-01
2.536714476918232819e+00
3.669235341467913969e+00
2.996391350930141861e+00
2.530186722826611501e+00
1.397629407034208349e+00
4.194410037609769937e+00
3.508283698116384741e+00
3.667145636489569149e+00
3.216466251169561197e+00
1.083385750007576087e-01
4.839889888181481137e-01
2.530286432493594972e+00
4.829286870541105614e+00
4.889160561060150734e+00
8.821504383855449660e-01
1.441056239580129184e+00
1.828801851388844879e+00
1.297030818154840226e+00
2.159242064098460645e+00
2.857669164409432305e+00
1.322645783481946502e+00
4.248857669133416337e+00
1.245444789638467942e+00
1.070651749954639742e+00
4.191887959791279483e-01
2.129236299118912878e+00
1.435002389273513757e+00
7.853507337637349872e-01
1.121757047040601751e+00
1.097777204816546837e+00
4.924790417866372394e+00
5.236420686826337434e-02
2.023940106188261367e+00
1.210413676556462814e+00
1.121617163696866815e+00
2.125218092498093903e+00
4.040560864093991178e+00
9.158848101363226135e-01
3.400156342718930080e+00
1.889750358015584553e+00
1.028194842897951489e+00
1.041069046932762809e+00
5.208721114423814358e-01
2.074387399106404573e+00
4.319014342151041852e+00
4.135374421239901288e-01
1.724675031491756938e+00
3.534170943648345720e+00
2.260156913602087592e+00
2.243638499078310033e+00
1.773549507455412400e+00
4.112294327115085579e+00
4.335873356827212532e+00
4.600296562313762827e+00
1.402475972433440798e+00
4.068986606453404598e+00
1.077063016933961670e+00
1.006469296361236054e+00
1.929224541075686972e+00
1.388303255561996075e+00
4.612437572025138266e+00
2.939018011913032247e+00
6.817781303612646671e-01
2.830465635005815273e+00
3.795092225283343002e+00
3.961256864777651376e+00
2.333638006084005845e+00
1.546752342123487001e+00
2.678966835044223060e+00
2.904310285170356831e+00
2.264646504276329964e+00
2.168071145153205315e+00
3.819989800628523113e+00
4.811628869525423013e+00
4.539250307541143670e+00
2.237168292961435156e+00
7.209124908886666017e-01
4.712002554624554307e+00
4.662500183996975522e+00
4.074047407935305287e+00
1.754311999440507197e+00
4.140066427107147007e+00
2.703879426730067870e+00
3.029204787818601474e+00
4.354361881050945016e+00
3.211464670104393626e+00
1.182226392458953779e+00
2.878051464767772405e-02
4.383752672120653671e+00
4.713314020020097139e+00
1.817990783740184302e+00
1.547264777742487496e+00
4.243851343325848902e+00
4.651763750291756594e+00
3.250860820054321643e+00
1.153564564961095495e+00
2.774810235801234537e+00
4.325813820383928920e+00
4.907261032169706993e+00
4.616268194249983026e+00
2.257627648050605451e+00
2.565629761722080460e+00
4.589734198458299552e+00
4.682728410658025808e+00
9.983976815354794754e-01
2.853689695017885164e+00
4.436438954081814323e+00
1.169014409442479696e+00
6.995366048366147282e-01
7.566870069139530752e-02
2.206116240993809097e+00
2.889648378688142172e-01
3.171524095276657462e+00
4.238941877514577961e+00
2.317558045727940996e+00
3.937273136955080410e+00
3.661839415824749810e+00
1.722800723417681201e+00
3.139664525634514369e+00
1.342136939262856821e+00
4.693809812418501259e+00
1.544100320938976978e+00
2.206790499151913831e+00
3.627054764657089425e+00
3.645499512733514358e+00
1.050773163921197462e+00
5.109557725495539326e-02
4.496953277392466752e+00
3.790169781919531466e+00
3.456894828196663827e+00
4.195660038966589234e+00
4.392491937389704226e+00
4.407177105574525022e+00
4.007237597984286914e+00
4.543628920289505047e+00
4.002424462332012212e+00
3.054144069166466302e+00
4.153217828524075728e+00
4.546273524908651886e+00
2.841095640189113425e+00
2.655333815811998122e+00
4.387482059230602971e+00
2.124249918860828146e+00
1.234284524070481837e+00
2.537680970667783864e+00
2.930967172327753056e-01
1.716739171594812596e+00
5.371874701013412690e-03
3.767452520718491016e+00
2.395062454172570021e+00
2.302831978876185293e-01
2.050466850688727583e+00
4.174877170140335103e+00
9.236896365190067071e-01
1.007595613752038100e+00
4.968818215202487565e+00
3.570193534390721624e+00
1.129236021160340275e-01
1.474520355622418455e+00
2.233460853791402467e+00
4.199288133765677333e-01
1.430938545854917976e+00
3.042916149342819843e+00
3.771746147306746622e+00
1.125663767353173306e+00
5.237162852536214608e-01
4.310421354249150738e+00
2.015569889053046015e+00
1.570933718147459190e+00
4.510487184081199530e+00
1.632914063487574952e+00
1.881731797099442938e+00
3.371980174182784840e+00
3.122113047286739107e+00
2.489358494009532574e+00
3.290090638415801294e+00
3.646054534901907118e+00
3.219049952180641494e+00
4.599127913121751732e+00
4.064218924688246304e+00
2.790994230227432205e+00
5.984701100082301384e-01
8.252119868309132356e-01
1.542020363446422460e+00
2.946931805541902483e-01
1.025908934602095979e+00
3.381712827019057954e+00
2.057577567578900535e+00
1.521145757170857538e+00
1.977351645263466517e+00
1.438494917617483271e-01
2.845247821634259822e+00
4.968576336924149572e+00
4.188913443686807625e+00
4.339207289693002068e+00
3.572301003678275855e+00
2.945624117376000495e+00
4.562522207488956205e+00
2.914472441228321387e+00
1.419166748110158860e+00
4.148046724478749780e+00
1.729502024532114657e-01
3.591135155730455608e+00
1.661495688704583973e+00
1.933471473251228145e+00
9.795965422756763852e-01
1.472799131695025743e+00
2.983001734296871987e+00
8.139564350287631367e-01
8.245655107122018546e-01
3.478482943531532978e+00
3.562399729179877461e+00
1.472928657836336086e+00
1.845700955537784571e+00
3.725391144975112478e+00
1.606465666374391477e+00
4.339947874191802946e+00
2.752861110017391866e+00
4.666516815984358857e+00
4.841130248044805962e-01
4.051186111899949260e+00
5.861874188030791188e-01
1.863792322700282833e+00
4.387324527039638156e+00
1.428593190136047575e+00
3.841299818760607998e+00
2.505091459846611190e+00
4.472298930759911251e+00
2.098752705102680416e+00
3.073543847443731991e+00
4.012461208154343595e+00
9.699452084226700688e-01
1.005261104669230576e+00
4.655342041208864856e+00
7.746537276343090639e-01
4.136238277243657002e+00
2.070453416201012864e+00
1.564991818289750425e+00
8.457565873035671755e-01
4.823196610803791806e+00
2.053885057972635320e+00
1.250739197547193093e+00
2.370735556718619019e+00
1.111653899743780372e+00
2.055745835309112479e+00
1.685336078521518788e+00
1.839539184672711603e+00
4.479623647109759466e-01
1.683975709201966264e+00
3.753182770252887046e+00
3.452209610897090108e+00
3.665067260056469323e+00
3.084138299253467608e+00
9.645485506954204480e-01
1.696562924381117998e+00
6.601227767452144679e-01
6.029666247492554421e-01
1.566082186696787115e+00
2.561705865168999452e+00
1.811055905417411349e+00
1.136770230043721686e+00
3.682751925524060610e+00
8.631757499963255142e-02
3.110825664939961044e+00
3.271710845253099631e+00
1.033977880762529278e+00
3.600107940220703018e+00
2.292522806698775728e+00
1.249342920772873455e+00
4.910941397269102282e+00
4.930963600573129435e-01
1.202727788357087935e+00
1.795552706456297054e+00
3.766999311064495037e-01
4.895062211175449374e-01
2.877614784221517397e+00
4.561130664814474045e+00
2.344657247146798795e+00
2.752072674291052845e+00
1.805216311623647929e+00
2.617307243908958192e+00
3.690707979763336422e+00
2.218568285051111921e+00
1.511138196714693738e+00
3.237264921647539762e+00
4.661778709101637830e+00
4.183202017199748823e+00
1.718722164550721576e+00
3.785779514288600822e-02
1.537617788081153236e+00
1.699993021340641119e+00
1.223796061735394236e+00
2.914543031245164784e+00
1.320729297074082487e+00
4.966034529068289238e+00
3.829165227637457924e+00
1.808315635096760410e+00
8.769324477015727481e-02
4.102962313690535545e+00
8.416079414420302163e-01
3.628291303960601955e+00
1.655238452412677308e-01
4.994192697079937737e+00
2.585598377964425154e+00
4.504258296744299450e+00
2.137060827162282184e+00
2.857227693296802151e+00
3.098578349564728107e+00
2.477758827579076062e+00
3.192633774510327704e+00
5.581309662470779198e-02
4.349132707506838003e+00
2.638519393639831456e+00
1.738371727068150463e+00
4.784656241580894864e+00
4.927845966882662410e+00
4.149523899157714357e-01
