4.294652074114713169e-01
2.292586105523137352e+00
1.180749885607426108e+00
5.981023930299622648e-01
3.356131797786845006e+00
4.579089040875881977e+00
4.412329550146735002e+00
1.714285587758582086e+00
4.351827721682460792e-01
1.374335634020269037e+00
3.797249702988381159e-01
2.077997082057862599e+00
3.489840480409163170e+00
3.049707242595704137e+00
1.561376532753558921e+00
1.375670602094008377e+00
3.564131320562816008e+00
4.314457204458721495e-01
1.793608186153889505e+00
2.865255221198986568e+00
4.752302071775448944e+00
4.099040517384592519e+00
3.632581290985885225e+00
2.346891840488039449e+00
3.012814276008746184e-02
1.425676941023856781e-02
5.123668896328870126e-01
1.801750514965727579e+00
2.833178620612103460e-01
2.545412459731704047e+00
3.172362242964207990e+00
3.381002553099671237e-01
1.633177790769777538e+00
2.142810248375320192e+00
4.640231386823780113e+00
3.955114669279682360e+00
5.124095738032113934e-01
1.057473639170030566e+00
3.349726894928539256e+00
9.508171977571489020e-01
2.376750054223845332e+00
2.384895576562723996e+00
3.419707441636833600e+00
4.818319227193327947e+00
2.141453854263313250e+00
4.285189542402228824e+00
3.351868683166144613e+00
2.082573924840171564e+00
1.900859192673038933e+00
4.165997439683626347e+00
4.399953401789970187e+00
2.124963473527905489e+00
3.663043899299134321e-01
3.132504049961265302e+00
1.059358395464837788e-01
5.153966495610451393e-02
4.373269162010783084e+00
2.966019887242971054e-01
4.496104186356778776e+00
3.380359776977341468e+00
6.385685051930167777e-01
1.932861836791717192e+00
1.508338224014524886e+00
4.597359338680782059e+00
3.456662988293346395e-01
1.340047449126131607e+00
1.352739721836531128e+00
4.896427906938806807e+00
4.014281429276509883e+00
2.982834847390747335e-01
3.143688651670308865e+00
3.759463183180389745e+00
2.135850794639972960e+00
2.359436703884265629e-01
1.208814408557050246e+00
7.608508868092772603e-01
1.816949355326447080e-02
4.962732534732999801e-01
2.093479219559293281e+00
2.673965423042826028e+00
4.509956642855483366e+00
3.247810960474886599e+00
3.391264012484961121e+00
2.757080097661089191e+00
1.382757008231699780e-01
2.494696026804200883e+00
4.057256657163443858e-02
1.525223944927817099e-01
1.901922034252909732e+00
1.035043786260911869e+00
4.146127865968877835e+00
5.081421858226464749e-01
1.727679144016416757e+00
7.487568814090739266e-03
7.904437173313638709e-01
4.496289743350246226e+00
2.320919098721674345e-02
4.686928102914005301e+00
3.337237976006011131e+00
2.463530670832643654e+00
1.399583243678473199e+00
1.458934903320822762e+00
3.673107855734619731e-01
1.257109996310065148e+00
6.205586977645133340e-01
1.625554169521033376e+00
2.345446196326723687e+00
2.961849009868051663e+00
1.386698353570805953e+00
1.781853254421984500e+00
3.228201607702340326e+00
1.824095006052581791e+00
2.202277540159840008e+00
4.305924026863495513e+00
4.944122672626770409e+00
2.998437005870259853e+00
3.425485972796765033e+00
3.263079890376156644e+00
9.375442984898180177e-01
2.526256556854695745e+00
4.649224373297515811e+00
3.913549653265702144e+00
2.561011527571015467e+00
5.657610868790630132e-01
4.380522717630844554e+00
7.029286233038917198e-01
8.966518141247925566e-01
6.943114118382459621e-01
2.739984922259106614e+00
5.972121434922705863e-01
3.506915954805398528e+00
2.086524666777185733e+00
1.902668216643731425e+00
2.899243598140555545e+00
1.441316613104798972e+00
3.807937635984599112e+00
1.120488671243504708e+00
1.379749137933039549e-01
4.174104551873375257e+00
4.989616950889665503e+00
4.269832718188250276e+00
4.650301726492643617e+00
3.225700895453308625e+00
1.318388522533293195e+00
4.060400575596615269e+00
2.842813208849770401e-02
2.029934077348856114e+00
4.430258886993707179e+00
4.898408950734470579e+00
3.627795880896073744e+00
4.800505732455701002e-01
2.718070450120768200e+00
3.801932910970198254e+00
3.053690934365285159e+00
1.261276284630887812e+00
4.949056735344347757e+00
2.111888281766296949e+00
1.954313509461824694e+00
2.071340115158660122e+00
1.198005091437870373e-01
4.462847527089033761e+00
3.142230269253715180e-01
3.505400683395664352e+00
4.984776019305549255e+00
2.790782690699818325e+00
8.353563713377704092e-01
1.508380801620112788e+00
4.393014979887199800e-02
2.475907718037870797e+00
2.690779454531399217e+00
2.889754806456265257e+00
6.242579931905883894e-01
1.942021272498343887e+00
4.794269968558587891e+00
9.608575598216123614e-01
4.311369018904381845e-01
4.083149799476759600e-01
1.273130076339525907e+00
4.212437204952400371e+00
1.772565512641821606e+00
5.870907180386963908e-02
1.976882228697605104e+00
2.240700049364456437e+00
3.092891980551359943e-01
3.250204466180359741e+00
2.789429681384290038e+00
2.218767949484417468e+00
2.060707763162636486e+00
2.557189201165634529e+00
7.190841170293937878e-01
1.870634802200560332e+00
3.501196158672521097e+00
4.485174826523432579e+00
2.269134069407592769e+00
8.291724941847877783e-01
4.741449067258993288e+00
2.137869634574424804e+00
2.002407176892893492e+00
7.662889246429649415e-01
2.751749132270777221e+00
2.137565021396302001e+00
1.108226303237460186e+00
2.235635186792825024e+00
2.499432844561900069e+00
2.618056988528413065e+00
1.982522602714762883e+00
2.503614600637144250e+00
1.756506991355073932e+00
2.137762964943639599e+00
1.854689005048552053e+00
2.316461747552902573e+00
5.333167034896274528e-01
3.619883965258275715e+00
2.830108430984418222e-01
1.777534311026979230e+00
3.776346150101805854e-01
4.382620559278061378e+00
9.354906585859679158e-01
3.477740742677493113e+00
3.791815190215551024e+00
4.990328503851287678e+00
4.140441868412444215e+00
4.039042344227280701e+00
3.602886317324316412e+00
1.906090394232322183e+00
2.745289817992270009e+00
3.948102105226747760e+00
1.999631417657810051e+00
2.252178766501955032e+00
1.454659450087496975e+00
4.671298282187853701e+00
1.810040986750193870e+00
7.252610821414490205e-01
1.621637237636884832e+00
4.758295850806665506e+00
2.845671361449136683e+00
1.329587353570909070e+00
1.430086937212307063e+00
1.878534684386791165e+00
2.403463526586308241e+00
2.785733871526211658e+00
2.637549542317123574e+00
2.722602357077933632e+00
3.930387194413799357e+00
4.807676082947812901e+00
2.759655769878938791e+00
4.790911297291614801e+00
1.177051553806835571e+00
8.304128933862398032e-02
3.426970929251596409e+00
5.778575200692237512e-01
3.664768466016727011e+00
2.891008165763295779e+00
2.304752658408138366e+00
3.069853374596482887e+00
2.845478198202771036e+00
3.124684740778260750e-01
1.305591933467169508e+00
4.060186863679814628e+00
4.806537710687635467e+00
1.038452678654871342e+00
3.701104235243744434e+00
2.801514804980834050e+00
3.765621023107049936e+00
1.399607071271076197e+00
9.510207642940332606e-01
4.582935447972414700e+00
1.710833650127414618e+00
1.513892284258900212e+00
2.603262426028612353e+00
1.207627809038078315e+00
1.234471394917836529e+00
2.780950346283530106e+00
2.835513727070649193e+00
1.046962596513276722e+00
8.428978431771100288e-01
3.491005098865741729e+00
3.286038035789290435e-01
6.391650098601636687e-01
3.071212306240522771e-02
2.582922484301791055e+00
2.424197923600291738e+00
5.297539605364548487e-01
2.197104848866633819e+00
7.180577401576898611e-01
1.315331455636917779e+00
1.641032009356061527e+00
1.091399079215619183e+00
1.667460028270856931e+00
1.928535673163056963e+00
2.467566281114702553e-01
4.762608509128096301e+00
1.331973068864653609e+00
4.681868113057400471e+00
3.582298437161645310e+00
3.916075970511008641e+00
3.931003490155411395e+00
1.868595138780130949e+00
1.089261297406689089e+00
3.220463594084490566e+00
2.595199448337693227e+00
4.259277502227025280e+00
3.207364360098376110e+00
2.700422344150405607e+00
4.283575541483980231e+00
3.694588293424073910e+00
1.898720289019463880e+00
2.723498668128288003e-01
2.290779690255759782e+00
4.674818320825836260e+00
2.935927233842004824e+00
2.486096980627945818e+00
1.932699619249827361e+00
8.367149325297124074e-01
6.999981888130335506e-01
9.796124529117444801e-01
3.383165499974210455e+00
1.665103577831664738e+00
2.561679640631950861e+00
1.174475977226574486e-01
2.177973080515659632e+00
2.393700595503634787e+00
5.233114493375129461e-01
2.764432820337672680e+00
4.364919255937659948e+00
4.659420417123948610e+00
3.140191087744219622e+00
3.795777605657221887e+00
1.805936662024065331e+00
4.438007913827624051e-01
3.290578716624414923e-02
2.148594058112547334e+00
2.941254542645792114e+00
4.153638080729998849e-01
4.532571031977672860e+00
3.207323744964329482e+00
2.313441593495446647e+00
2.289801725875748595e+00
1.253348260361663025e+00
2.511711181619556754e+00
3.412609175725789257e+00
3.478491657873632459e+00
1.253052507307923502e+00
2.109191992215623923e+00
3.114389160253452360e+00
1.456530821784384866e+00
3.167253756149184696e+00
4.289583196256362640e+00
1.878225396369652245e+00
9.477668647917281142e-01
3.533680511684055947e+00
1.801398496280848249e+00
3.451916554999622910e+00
3.814600854194672763e+00
2.638293392536221749e+00
2.721828806405761636e+00
2.100394686386823473e+00
3.365739338590194141e+00
1.471070440804908674e+00
3.596785286874645937e+00
2.350222164770184197e+00
4.563697191446970614e+00
2.074753753958172631e+00
4.498727250210228235e+00
1.691094210308720758e+00
4.558461983640064830e+00
3.076847711095617832e+00
2.717446021446318749e+00
2.455915149581370915e+00
1.781449854974896940e+00
4.125789727130999118e+00
1.509732483103154443e-01
2.255940106373621301e+00
2.181553090515006676e+00
1.031544293988065908e+00
4.664709594271709392e+00
1.310694066760094589e+00
4.158762665584492257e-01
3.232092494422754925e+00
1.552417733982047743e-01
4.688992179250749182e+00
1.238793458530992320e+00
3.302126280315683893e+00
3.996831866526988186e+00
4.955060814556953908e+00
1.676617269008460642e+00
1.858862905010041366e+00
1.261148759998352187e+00
5.679205808108095388e-01
1.655386359392683637e+00
3.492461632773438129e+00
3.478407489544576237e+00
2.623013521474768517e+00
3.440162610527826015e+00
3.179117829220437841e+00
7.678538362522802085e-01
1.633981021149938373e+00
3.802022673907342387e+00
2.146642762166650620e+00
3.101690580458144053e-01
1.670386286514138341e+00
2.884296407685395636e+00
2.209735273650237364e+00
7.217513086456200933e-01
2.537172881307733441e+00
4.553988663574383366e+00
2.540169635253451297e+00
1.612556563956304423e+00
5.634892662074175718e-02
4.187060531607254887e+00
4.679028841807775230e+00
4.557654981259693372e+00
4.796344332525852572e+00
2.445375290774456811e+00
7.097412265507047069e-01
4.911132874879481136e+00
4.936713202373431919e+00
3.467930949158032350e-01
2.650942708157710825e+00
4.481406747165253890e+00
2.350667870499400181e+00
3.805194693052121879e-01
1.270978495924924179e+00
2.768657899045114057e+00
7.604064051068809560e-01
3.635768689622471239e+00
4.718249020594260656e+00
1.262388765427056025e+00
2.548969085714850813e+00
4.691733284800246651e+00
1.341143855969429310e+00
1.094393249005686908e+00
4.233584365897730128e-01
4.887964153217350116e-02
1.235316427710516640e+00
4.042064902889931588e+00
4.961508627580358599e+00
4.350277960218748241e+00
4.678312900226020865e+00
1.972782765762910895e+00
4.329558407962563749e-02
3.234113783132460007e+00
3.508784786020162194e+00
3.030947158797729024e+00
3.488437613315436447e+00
1.366877280130187611e+00
3.863141185730146532e+00
4.119424924427126378e+00
4.689928725515218666e+00
1.830827761579212787e+00
3.280100840646820615e+00
2.916339257387501771e+00
9.013375358907627088e-01
5.665857337689950146e-01
3.669475598730268295e+00
9.836770001978412115e-02
4.030396465788124161e+00
3.327091247894724546e+00
2.174448264931929220e+00
4.289393875356665831e+00
4.255696240178393097e+00
2.839758810257857480e+00
7.683186578231532282e-01
2.562972522186622193e+00
4.350939940642720494e+00
3.179599060164312263e+00
4.371006415096847064e+00
3.838167550733805999e+00
3.593709417185389832e+00
2.766787098984326398e+00
1.906112336266940321e+00
1.818292101797902571e-01
3.824294069112319949e+00
6.341910996690014457e-03
2.092718942548015271e+00
9.663761988650398926e-01
3.324250192075596910e+00
3.609699074049727008e-01
3.046655839461234638e+00
3.033068432327566732e+00
2.163762154718208208e+00
2.504307374514666229e+00
1.146945845048549240e+00
3.044476660283188085e+00
7.404901541945391186e-01
2.568627631397981670e+00
3.055161512415729419e+00
4.157014241062973348e+00
2.552311971012001024e+00
5.976344198796196272e-01
4.056118557126249691e+00
1.576902061726367377e+00
4.845278336743367831e+00
6.595103621812370420e-01
2.105864714589103404e+00
9.172391669566359873e-01
4.918049956637601916e+00
1.675924170479249353e+00
3.947450251572877544e+00
1.586323922786650353e+00
