1.300648454436074797e+00
3.919735760751491327e+00
2.525819062740828347e+00
1.621304644541035511e+00
1.139313667402405805e+00
4.216261118652921525e+00
4.512158179084707399e+00
1.640069989568284647e+00
1.983637033487871681e+00
6.767912555954175291e-01
2.738441051800838189e+00
3.946597867103118773e-01
4.724161992738650895e+00
9.489618835470053915e-01
1.285551072580708443e+00
3.445372943716162872e-02
3.624896375420681327e+00
2.470781612141729866e+00
2.490783073046030527e+00
4.740655927570507799e+00
1.888306757920256818e+00
2.631856006433302975e-01
2.473526572880191399e+00
2.078996520552467864e+00
4.455832981208063259e-01
4.442346732696190514e+00
3.270604404073552018e+00
2.881367395817842514e+00
1.091624171410603861e+00
4.173528053328674936e+00
9.610381493457159641e-01
2.926903893240581755e+00
4.953781736272019565e+00
4.948108687480135437e+00
4.777844591712995914e+00
4.801551762444344007e+00
1.358540996709026061e+00
2.530782038091166086e+00
4.860870887034991483e+00
3.046029148955322619e+00
3.047258704370668703e+00
9.897620874952772763e-02
1.853588406616986095e+00
3.380404672038130887e+00
4.732554258659169122e+00
3.258943692108773327e-01
3.531703141435134974e+00
2.532041531930961487e+00
2.473213564191071967e+00
2.155700412866660809e+00
3.289699486502617898e+00
2.151957513835595748e+00
3.737171883856651888e+00
4.300175261282479511e-01
2.378803643491039788e-01
1.363870187467856709e+00
4.507972255724299160e+00
4.571822654067819736e-01
2.958943659573880058e+00
4.867079170776344554e+00
3.148204528872540653e+00
1.008455620956975052e+00
1.730064525702134093e+00
4.829128026453507694e+00
2.978553473858541745e-01
3.203106740191802970e+00
1.327550671913652058e+00
1.077312681974798458e+00
1.441872189860409659e+00
1.620210795064321196e+00
1.239755102744744431e+00
2.838974807136289247e+00
3.196375432937675676e+00
3.486343274217997834e+00
2.953390897929286663e-01
3.326421528957703266e+00
2.011467207852678740e+00
1.194396980363269911e+00
9.723658380545885382e-01
1.972531446925976928e+00
3.366261680834558678e+00
1.038665560408047472e+00
1.776392804809814319e+00
4.109613547197027650e+00
1.573152728243645715e+00
4.149757320688152618e+00
4.190305004891552443e+00
3.139857096969289607e+00
3.980685307203954970e+00
2.010224818338599118e+00
3.703840777165888110e+00
3.360010717480571563e-01
2.158379396155478247e+00
1.240536865027999092e+00
4.948542548790536344e+00
1.479127169501239347e+00
4.828410624565269593e+00
3.856418830487384319e+00
2.025967501037820639e+00
2.287838317181292158e+00
1.701465600368468500e+00
3.256550993571786456e+00
9.187521185224278852e-01
2.998192222931102435e+00
5.906664620285695388e-01
1.158150665742617047e+00
4.789057730820688086e+00
2.346929282083976442e+00
4.731965538100835644e+00
3.286026413540978020e+00
3.335059250984478751e+00
4.378437810097182137e+00
1.579687978850817132e+00
4.913146740432018156e+00
2.738020380299779788e+00
3.696600143791972659e-02
3.559682151229510261e+00
1.111879543727267272e+00
2.249185459541170218e+00
1.269171829147187625e+00
1.072424203112672281e+00
2.836625787516999786e+00
5.504094443340634690e-01
2.000202726106266482e+00
3.563663227496168151e+00
3.279931004664647709e+00
1.333861219295506384e+00
2.476967190266991636e+00
2.834282167259136731e+00
1.754404247666457861e-01
1.353007203529676961e-01
3.308244313128760883e-02
5.177630865264193361e-01
1.628991268696411421e+00
2.066593161114265609e+00
4.268900875111361515e+00
3.390190365755894497e+00
4.290646140903392469e-01
1.265503283978510751e+00
3.529968013251992165e+00
4.856009596690439523e+00
3.971882609610846604e+00
4.764872054788180655e+00
2.092863707057673883e-01
4.305203927368833838e+00
1.463545601930945628e+00
4.305249753880519004e-01
4.639049861421622012e+00
3.158563435594377466e+00
1.470977743201566490e+00
4.233062578826858768e+00
3.259258766073041436e+00
2.283208066389036395e-01
1.841641441410940550e+00
2.293725160519270556e+00
1.760260340100360255e+00
1.480244522819684327e+00
1.158848403689977102e+00
4.127557888794861185e+00
3.488172668283664013e+00
1.374562522724996905e+00
2.759336614930756326e+00
3.818463041532836222e+00
2.839271443203786660e+00
3.350867179102865023e+00
4.894956569079200293e+00
3.996852829375552307e-01
3.414712427662779604e+00
2.571162391387812995e+00
5.525873474117709572e-01
7.957947490071626273e-01
4.171748764108263785e+00
4.704382159111472284e+00
3.278596386249615247e+00
2.680808758878339138e-01
2.150321386707920279e+00
7.103647772059057397e-01
1.421388340681723594e+00
2.746852483978079462e-01
4.010189377055064952e+00
3.595770283869105910e+00
3.217033878169794914e-02
2.942923754524231938e+00
2.177549473023549176e+00
4.306101477128198241e+00
4.293020573550253793e+00
2.021108559096176815e+00
3.583181466793281089e+00
4.416036793859081655e+00
4.259755155154844708e+00
4.572771792808305591e-01
3.100947728537822190e+00
4.206803669100329657e+00
1.127512483905790397e+00
1.526610731912092511e+00
2.245958483257341598e+00
3.048430027281233912e+00
3.659202044503828688e-01
1.354905698563011907e+00
2.046299065992537969e+00
4.411565374216318780e+00
4.332370137009933231e-01
4.062848218876692563e+00
2.084629643765925078e+00
1.572265906283670800e+00
2.107525890309698280e+00
3.953114934620338694e+00
3.468589170831106294e+00
1.929927991120172326e+00
2.180722887345514671e+00
3.192389261685429913e-01
2.130950651639798465e+00
8.337114507609177938e-01
2.539651501850259674e-01
1.251567635141888069e+00
2.503198615675596095e+00
1.343191648392156434e+00
2.170790313432522378e+00
4.114072344112958746e+00
4.466916634402905650e+00
3.340652131861224117e+00
1.024922209259089723e+00
1.944592200358712386e+00
2.261054368305498441e-01
2.628152351253963737e+00
4.062593730788399249e+00
2.266996778587345052e+00
2.608039936017314542e+00
3.623652903751603649e+00
4.021878168114091601e+00
1.558067332079450917e+00
1.238976217573037886e+00
1.395116653073828594e+00
4.592961181560430539e+00
2.150185399100277284e+00
8.201271183387787156e-01
2.470967320126969291e+00
1.823555166428978858e+00
9.225077106757290091e-01
2.591049586167826213e-01
4.553613694113101573e+00
2.489987090045040041e+00
3.176703872296700482e+00
7.202185981912223589e-01
3.153582884929185148e+00
4.876825985401626262e+00
3.596084814836419952e-01
3.570664821015741008e+00
6.660208173000209397e-01
1.494824966924720444e+00
2.899118138284400459e+00
2.731125650996575338e+00
1.851219169868993930e+00
1.434773675552798444e+00
1.310621796137251271e+00
2.421126084050525762e+00
4.279526780420661147e+00
1.264019252528474802e+00
3.690390965561934911e-01
8.611796972318730425e-02
4.196736542024988914e+00
3.965101741490302256e+00
3.571328927435639233e+00
1.531422238682426773e+00
2.397081567972665361e+00
3.440085674056783560e+00
3.314319085667920994e+00
4.874040783413406963e+00
3.165796277344471221e+00
3.023300375516298377e+00
4.982773120563881442e+00
3.060916004981275584e+00
3.231287359601187070e+00
1.403176306139258811e+00
3.454314238474462506e+00
7.311970332494394098e-01
2.831593461112711818e+00
4.393019919968616627e+00
1.163284192253864369e+00
2.272257113598174172e+00
3.748779801853959093e+00
2.348863747914006872e+00
4.774323143761219690e+00
2.026554921391854336e-01
1.695348344735251311e+00
4.655610021190837777e+00
3.532694236083488981e-01
2.976016522797478636e+00
7.891109774279081446e-01
1.565675275518770837e+00
3.842635480072402743e+00
2.081445019382438533e-01
5.730022483073804462e-02
3.591881514927008912e+00
3.393307241536257735e+00
1.210467453851678421e+00
6.992093176029579027e-01
1.757662429495881362e+00
7.465836017514509981e-01
1.850853221861431530e+00
2.894990005530988508e+00
3.235844808850693699e+00
2.687957794320042559e+00
3.124823324118606305e+00
2.178897051100082027e+00
2.146554846828535368e+00
3.361430453206564195e+00
1.650320606715907523e+00
5.037220406940356998e-01
2.363397120775027282e+00
2.419147849306050091e+00
7.034827388972708651e-02
4.230019048557008610e+00
2.041075895458327238e+00
2.063485692355373047e+00
4.841101627973917410e+00
4.786823766789675361e+00
8.059319870162134913e-01
3.008550314115173041e+00
1.047673806874267921e+00
4.789052516771236112e-01
2.360646228177515349e-01
4.047773790591723042e+00
1.843335558313282663e+00
3.101528955952666422e+00
1.104679955837454930e+00
3.014380535562152019e+00
4.589265135544974505e+00
3.426997507574883084e+00
1.513423177122624086e+00
3.457236539592141167e+00
3.598453935961548611e-01
1.699794246411191478e+00
2.755348295032815198e+00
2.701673274895619148e+00
3.331413136735405622e+00
9.049040745942166231e-01
4.523500279469047314e+00
3.687003463054079777e+00
2.728790951176524704e+00
3.966296681437020410e+00
1.776722826624989038e+00
7.869191827356525337e-01
2.201622641587175799e+00
2.804846155415586129e+00
1.768572176587496880e+00
8.842649923855250282e-02
1.807512863145656068e+00
4.092083745806392336e+00
4.677627507031267839e-01
4.299878439315251377e+00
1.795527446552549478e+00
3.599224003883371825e+00
4.618027758642773151e-01
2.333731035961439826e+00
1.505170315234605205e-01
3.284187751609650263e+00
3.590355483856887631e+00
4.574899490493258725e+00
1.540786201179539239e-01
9.489824207166358550e-01
4.555912733477601728e-01
1.158273792379543865e+00
4.068995611582042038e+00
3.223198781220484310e+00
8.545413182839306510e-01
3.448161065864394637e+00
3.239980568113598025e+00
3.720271080586702972e+00
3.501571667956082212e+00
1.505617223649808434e+00
3.842416122558008240e+00
3.680163819650124069e+00
2.989724494779705921e+00
1.445171548788308780e+00
1.019767134086507765e-01
4.081513346742732473e+00
1.352996552977855371e+00
2.071668874682837558e+00
1.190732059957255728e-01
1.651133517301903719e+00
3.077361792534031970e+00
4.505507812333111595e+00
1.352876656790594101e+00
1.669791482364737512e+00
2.861992760226487853e+00
1.691916131036108606e+00
3.464897243979383035e+00
4.131446108458852962e+00
1.117958734716439473e+00
2.512242303543670729e+00
3.025323600715942085e+00
4.371912062408565447e+00
2.612670409944976235e+00
3.926008661078306705e+00
2.555347056104488424e+00
4.535172151268749730e+00
4.683563373939928276e+00
1.642509639572313773e+00
4.018121299471820507e+00
1.929576231415709442e+00
2.916576503742205784e+00
3.490451724178875281e+00
4.517017621768059321e+00
1.499671951396347458e+00
3.444518787178448171e+00
2.317193480253731952e-01
4.585846819106377481e+00
4.635792493604581566e+00
4.862612006032430045e+00
2.515063545086807295e+00
1.139436453046388520e-01
1.892557745207124054e+00
2.706052222958028164e+00
3.303383401936659691e+00
3.969601445592512601e+00
2.161618188766451620e+00
2.618706640422424625e-01
3.769450360227839081e+00
2.393557168837276539e+00
4.439890670784397031e+00
1.856466686829026269e+00
1.272418827407818531e+00
1.380008448860798875e+00
4.427275790068909700e+00
3.759831065230357261e+00
1.714493002843931357e+00
3.795437801159124991e+00
4.954688963247982691e+00
1.922826475543716329e+00
3.748793683597267279e+00
4.091239722739708817e+00
3.672608718742920608e+00
2.798821276978241457e+00
4.788722576920706464e-01
4.641729165077308039e+00
2.200164016659328148e+00
2.555796245512779841e+00
1.322074689555355231e+00
3.803012690584584021e-02
6.763747404963488252e-01
3.910160257670909356e+00
2.366977606377174581e+00
1.218649657317669721e+00
4.646102450159283137e+00
4.485311254915461454e+00
3.734094392810102470e+00
4.641377263612485926e+00
3.740073388090256579e+00
7.997973027030902404e-01
4.289207852335663596e-01
1.048691963795356674e+00
2.728094112716139996e+00
2.278754825116733329e+00
4.137132136779960945e+00
4.637244247670183839e+00
4.397276687828595598e+00
2.613709720873419684e+00
3.352764634205444239e+00
1.673449279135733603e+00
1.378346760726333331e+00
3.149760185324166795e+00
3.298763975601565868e+00
3.461972126533119809e+00
1.039695500008864126e+00
1.248399285051362551e+00
1.541159827130352822e+00
6.625221200065073424e-01
1.601078043643253235e+00
4.010913132007577708e+00
3.744538801940938910e+00
1.068144549973975010e+00
2.221134283325275405e+00
2.839801296005647124e+00
9.874652077802320571e-01
3.138024201975336824e-01
1.014439718285513603e+00
1.121123121238438269e+00
4.263724229710333269e+00
6.750906806748563360e-01
4.726004521034801620e+00
4.495830373870822072e+00
3.479899545410112705e+00
4.297361705492511952e+00
2.669829083952136806e+00
1.453640274606202709e+00
3.479938571982479356e+00
7.225718033868178125e-01
8.589368749234327360e-01
2.475301162914111952e+00
1.242773656863156884e+00
4.836739152218465065e+00
2.521334487295776583e+00
1.346513300970190841e+00
2.928399823738005558e+00
3.021890895369905294e+00
3.870386587404388123e+00
2.316650387991509241e+00
1.568945638645203866e+00
3.420565107887512557e+00
