2.168959207509462583e+00
3.296178951669110901e+00
4.650993348037413710e+00
1.390269465605569188e+00
1.109968345650413912e+00
9.470824449451126226e-01
4.241860880656053823e+00
4.358205259078557603e+00
1.362976786577555499e+00
1.657627415459533182e+00
2.639959949327001176e+00
1.348286595891460271e+00
2.157636478092759269e+00
4.078888484386268054e+00
9.374459584062799777e-01
4.329644397127040634e+00
4.962026835909462363e+00
1.904663419654438083e+00
2.917780275110398058e+00
1.673299151305613908e+00
5.141193734741955623e-01
1.169313055832225112e+00
5.101682493484727132e-01
1.565941046428230843e+00
3.126560831094010728e-01
4.331433544686047465e-01
2.885498877724058886e+00
4.693898603361658317e+00
2.269059496093689399e-01
4.053693594066997363e+00
1.207204513881229957e+00
2.977511728034596850e+00
6.584892395431490852e-01
6.371331306689842489e-01
4.134723953176679068e+00
4.377247699718868290e+00
4.522970811662555768e+00
1.617068858979162638e+00
4.727201613092920418e+00
4.182551324972761719e+00
4.278127639729470744e+00
7.194516897718761239e-01
5.151809428356141085e-01
1.756477886926672394e+00
1.301985796648935656e-01
6.276539759319421652e-01
1.339396956587294296e+00
5.537661587002462582e-01
1.769912424857233990e-01
2.019765385686825176e+00
2.021534582774403788e+00
3.076921285379330406e+00
3.707814580472585497e+00
3.151466250778311995e-01
3.406324747715772094e-01
3.549981249227625479e+00
1.129291874586091815e+00
5.452478339830718612e-01
1.226026171681593446e+00
1.053994049460228455e+00
4.252886059908672856e+00
1.656711618975784006e+00
2.311528905737633366e+00
1.327560606776267527e+00
6.595613590991811215e-02
3.087985991573707345e+00
1.226798475716562864e+00
2.087148096219559879e-01
2.689990212750189791e+00
2.187227957498054209e+00
3.602979199028217394e+00
3.232941327564820888e+00
3.530338770294782158e+00
1.613519724428975177e+00
1.025521098434661216e+00
1.463212031989858275e+00
3.731878131775678398e+00
3.725521289308055817e+00
1.147706420149650075e+00
1.106816390024239372e+00
3.365273660080513984e+00
4.832647712106250992e+00
3.616463253198685113e+00
4.933284955180425868e+00
2.564786773778731099e+00
2.803811079571636000e+00
2.191505315697390710e+00
2.482985333910623371e+00
2.741767710181864715e+00
3.764794411605372204e+00
4.303590793619608057e+00
1.401312266479831647e+00
4.520985528771343631e+00
3.059911497398929647e+00
3.826985281846850828e+00
2.950300380134986522e+00
5.635037214961252650e-01
2.336473693108672478e+00
3.929525472921868712e+00
4.730962314928478740e+00
2.433045340990939831e+00
2.780154691210018347e-01
1.562196610907109928e+00
3.632367168939970803e+00
3.782810943884598487e+00
9.236349572790791829e-02
4.453752029058541062e+00
4.389633415981236908e+00
4.442328010875448818e+00
1.889879294650067099e+00
3.788149984382299662e-01
2.325042320228265069e+00
2.876220667925957652e+00
2.565502310894872018e+00
3.115481423243427361e+00
4.460136280447477120e+00
4.115662797791177496e+00
3.015697704609853869e+00
2.689815557740684149e+00
2.985610028590020448e+00
2.044266270989560930e+00
4.889288477214496886e+00
3.672336923790099128e+00
1.741565536431623595e+00
5.349400670829829174e-01
1.363169238868504163e+00
4.996839495972642098e+00
3.512337177920321629e-02
3.593904867916282608e+00
5.759174654706455954e-01
4.329273204269795672e-01
1.529902909988190007e+00
2.780018523605938707e+00
2.603738734294464674e+00
1.927008606241147337e+00
3.647962572868615361e+00
3.084184095606399723e+00
1.933961635897165632e+00
6.440339282208801253e-01
1.411656939009680478e+00
3.228536417892280408e-01
3.707906470235917684e+00
5.901078110200080884e-01
2.079498646259231309e-01
1.942109117349184455e+00
2.399573559775700193e+00
2.573732497762650340e+00
3.421976162702336843e+00
3.331172380435262426e+00
3.926454563899612005e+00
2.763803934910630922e+00
2.261775685066187869e+00
2.228518598664661621e+00
2.777672388213003885e-01
4.839700411209608255e+00
1.140170264577995862e+00
3.017906928123605947e+00
1.005237113332254628e+00
3.770034712067000360e+00
7.920120373094863275e-01
4.525618414219921171e+00
1.728770275188097338e+00
8.693257227938766540e-01
2.473699063062432479e+00
4.729818212651722753e+00
1.780959816168951049e+00
1.681003645440133365e+00
1.090560752203632022e+00
3.821353939197100757e+00
5.764136984419637733e-01
3.688940410450591845e+00
2.466749331714228610e+00
1.300161034268698668e-01
3.557423171748080204e+00
4.186095701874653630e-01
2.791581477743141360e+00
1.891068300282482406e+00
4.162942696431924716e+00
1.482867836594395916e+00
5.519993955145169329e-01
4.616322809879362943e+00
2.256647935038852637e+00
8.123089748936523913e-01
5.087755287335027354e-01
2.813533226482426208e+00
2.227176297027904095e+00
4.009530010004159095e+00
4.559322510526720329e+00
4.656312587017226612e+00
2.512496994161717900e+00
1.445897424572326617e+00
2.137668959239923616e+00
4.513573600958958876e-01
1.901949238097830452e+00
4.740463968842020037e+00
1.932013732714483289e+00
3.669653528984504032e+00
2.985705122051260485e+00
3.585141515518120325e+00
2.939936080642584049e+00
1.955836542508444964e+00
8.025361354203430775e-01
4.182450664356313075e-01
2.212472632141799789e+00
3.614345118972395188e+00
1.759200690368698972e+00
3.474018491061889868e+00
3.391159054439146558e+00
3.029149163201007688e+00
3.759113346900544439e+00
4.433345771439649141e+00
1.540224164507513649e+00
2.172513975228293592e+00
1.139873964588951072e+00
4.920283195024870437e+00
1.996725760792191773e+00
4.032490267858270805e+00
2.957652242208538063e+00
1.030423646965231033e+00
3.340958023463904247e+00
2.935845801190020143e+00
2.864673774168490006e+00
3.235948697515364625e+00
8.386287172304740523e-01
3.897106858638821336e+00
2.183959053825776486e+00
3.818984816136015592e+00
1.698120587193041597e+00
3.598595935635414023e+00
3.119454521820830273e+00
4.999583273166752662e+00
7.470104695021417829e-01
3.095222715827550264e+00
1.804554900997857203e+00
1.848566479282814923e+00
1.192189109184206952e+00
1.740752335327578226e+00
2.640072998173121022e+00
2.732481097110976975e+00
3.028143811703297494e+00
2.422517442054106240e-01
2.449085071503739997e+00
1.348221782532672108e+00
3.959584441999406401e+00
1.441255194928500183e+00
1.080754592972754669e+00
8.997620564290731426e-01
2.078427022651982981e+00
5.180414468214855628e-01
1.182906875174346562e+00
4.694150900647978908e+00
4.925447442697140410e+00
2.214377088276872740e+00
2.977704864294962839e+00
3.750251097932802313e+00
4.756853758610563254e+00
6.108371203596751897e-01
4.300864507422382133e+00
4.189669170640790696e+00
4.958916966803518456e+00
1.969619068945415830e+00
6.663670456342579707e-01
8.604193120581288268e-01
2.489811664018922066e+00
4.428334564074505764e+00
2.850059930009083864e+00
1.064032502697903615e-01
1.809468914445427901e-01
5.078478323657542592e-01
9.575296090472201760e-01
3.000645845494576136e-01
1.737426539041037055e+00
6.683389843928710938e-01
3.654287510741753398e+00
2.225074285827184806e+00
2.738505229465726387e+00
2.807830111442222165e-01
2.844607161693790687e-01
2.210895297395150116e+00
8.857507536932829328e-01
3.114572250464695991e+00
1.164142010212668721e+00
3.428601389357397888e+00
1.782296274057010299e+00
8.045683283763643834e-01
2.892009195623265860e+00
2.023056290867065066e+00
1.720754196505737132e+00
5.077334180817894005e-01
4.110219478371767821e+00
3.282299274530443789e+00
2.719179670489431544e+00
2.612386916141298698e+00
3.696555557273977222e+00
2.090761571230645544e+00
2.820576415199207876e+00
9.426025475576471635e-02
3.581003334586122300e+00
2.370834167370808210e+00
8.512932173167647720e-01
1.186490994014392619e+00
1.042990595458084258e+00
2.678065306965344838e+00
4.538202429080032907e+00
2.139482826288682027e+00
7.508758497497547424e-03
2.761340528044690323e+00
1.440901201384842123e-01
6.905272087724145802e-01
3.083939979450447400e+00
7.968306259332175179e-01
1.255933103975828580e+00
2.010431483408223752e+00
3.683430009423434903e+00
9.556093238769275411e-01
1.787323725483357384e+00
2.293542905973604995e+00
2.229804606018748192e-01
1.045899989702360866e+00
2.521657221553730288e+00
3.810926239617882683e+00
1.360725407178477564e+00
1.417087615139142720e+00
7.606831710510231215e-01
3.020239911914351927e-01
4.118865297572654072e+00
2.785734126309382219e+00
4.810379437550547976e+00
4.940143118059689975e+00
3.258891577221820768e+00
3.261516468324883622e+00
6.907193354200757973e-01
4.390547884123598088e+00
5.742801995326340947e-01
4.840205899584230309e+00
4.663052042427876742e+00
3.356417342136936099e+00
1.445146631040222118e+00
2.537071354645630716e+00
1.041217572380250811e+00
2.961145226234576100e+00
2.932536663079573280e+00
4.229389862162485914e-01
1.133959809746188929e+00
4.421097955114872136e-01
1.567116128483991400e+00
3.811885286799522099e+00
2.842967801036539566e+00
1.239129451624915168e+00
3.229992065014697378e+00
1.392784481492480575e+00
2.705094466467222736e-01
3.197680685557623192e+00
4.287202136912519279e+00
4.932490802678085373e+00
3.593593629399766787e+00
3.081135493355806165e+00
4.541550159838343426e+00
6.706360157284740886e-01
2.797123018819112517e+00
3.091252719158205098e-01
4.596424236518807049e+00
2.765790231026014290e+00
3.895031018285165736e+00
2.752748976740585718e+00
3.881087174682886776e+00
1.826951524820302764e+00
3.980861743387140272e+00
3.547864322130678261e-01
2.382333784552543854e+00
7.539402311715304172e-01
2.186221095358246380e+00
4.936464093455056101e+00
9.646440377822501633e-01
2.607091002164203530e+00
2.612582254904479040e+00
2.947268734258797096e+00
1.197588660845066988e-01
3.278972530493312609e-01
4.820039034522137555e+00
6.521586637396059594e-01
9.114040929426692195e-02
1.700585336965167560e+00
4.686376039153153705e+00
1.971429002806462938e+00
7.032754056029932865e-01
1.961740925513456579e+00
4.382987186326431361e-01
4.950719532480169605e+00
3.547970551168377895e-01
3.963552231094385370e+00
2.639106199701132027e+00
4.884288340199526068e+00
2.779672753837403754e+00
4.128998256273723300e+00
2.790446446309108097e+00
2.715276486901816444e+00
8.008597239404657842e-01
3.917399533653558752e+00
4.009802052006453899e+00
4.788362235765867503e+00
4.689972000257169871e-02
3.801176219018863378e+00
2.937492407442078068e+00
1.662687924875467793e+00
4.641642082963926441e+00
4.546516692093684142e+00
1.454661073974940599e+00
1.426685788830348134e+00
2.980708100386967985e+00
2.068689426239644913e+00
1.714233734413223686e+00
2.251498197060071149e+00
2.707320468559462068e+00
1.688535278689693442e+00
3.581369854672189934e+00
4.533017173733300709e+00
3.889761483695059141e+00
5.398483990040031655e-01
8.310371523446113962e-01
4.856137281665709793e+00
3.704635029186917450e+00
4.281402831834731693e+00
2.518744127660377252e-01
4.954105370152242394e+00
3.879526930352790171e+00
4.076433910727551790e+00
3.001630967992657828e-01
2.358952304133295375e+00
4.024592125432311818e+00
2.059043194870524562e+00
3.705965488435976507e+00
3.923135951672491295e+00
4.082874067455191991e+00
1.132407128851547373e+00
1.859381113755975701e-01
5.542582965994080624e-02
4.641302211619620977e+00
1.738853656982102258e+00
2.634957864478133072e+00
2.445210264757125440e+00
2.188650089526282372e+00
2.417795205283308491e+00
1.321598948139784957e-01
1.004560544803563271e+00
3.256070761669463298e+00
1.924402478006201900e+00
2.112468773603625838e+00
4.858001036554885133e+00
2.757933479941903521e+00
3.296848536380339478e+00
3.117970988138434318e+00
3.012394895609125101e+00
1.124032684430725793e-01
2.385274896964731273e+00
1.826157521848171150e+00
3.617660899586704559e+00
3.336665952919907863e+00
1.031089625045265468e+00
3.495758238370508142e+00
3.897288974577787002e+00
1.730805577505740711e+00
2.995016497731385563e+00
3.118255507831060314e+00
3.719807488024309272e+00
4.454830182000479866e+00
5.583952480322834644e-01
5.202068356633221535e-01
4.941143692888637418e+00
3.438955234960168195e+00
1.747325013167368546e+00
2.856530937452922414e-01
2.165169845488886580e+00
4.609251021725641273e+00
1.280683665944866600e+00
4.491024485837690428e+00
4.053396111143126923e+00
1.268306953398790071e-01
1.134498988591127855e+00
1.818934687417769203e+00
1.763535832398209102e+00
1.386374011450379307e+00
1.652537899808745880e+00
4.811592365443226882e+00
1.818955197511527011e+00
4.570737106561161944e+00
4.286825604337859197e+00
4.400300628101453171e+00
3.084310218519165092e-01
4.930827577535669803e+00
4.888687706175300463e+00
2.053135825930407776e-01
1.281176368359911333e+00
3.307676731934285463e+00
3.479188557936661930e+00
4.816368624167996160e+00
3.251589435744131507e+00
1.853643817832262286e-02
1.102028997873050198e+00
3.209228851111443959e+00
