7.877489083726929575e-02
1.097794744384725796e+00
3.832989849518377845e+00
4.652787399570781801e+00
1.350131395063467021e+00
1.957266680627892663e+00
4.047752954965322836e+00
3.701169855543071208e+00
4.259707664786374970e+00
4.820571798433618937e+00
1.870549697425382130e+00
7.144124466826451414e-01
4.803553805212504635e+00
1.140505021788724704e+00
4.989731739488113327e+00
1.983893895178275191e+00
3.011682138471878378e+00
2.450701224316928162e+00
5.521258517360178031e-01
3.406742446128568913e-01
3.458646841463978383e+00
4.931946678717599397e+00
4.152874191798595405e+00
3.815450659453003546e+00
8.153213476987947184e-01
3.557537051387138494e-01
4.748828156635043207e-01
1.131948060475399531e+00
1.659863440574912419e+00
4.259550494599094961e+00
2.590733692835249791e+00
2.427798789031352822e+00
1.612874627850235942e+00
2.214867427526357346e+00
1.512897131332534562e+00
2.526776166477118668e+00
2.508600019502580381e+00
3.496760058862867115e+00
2.471923336876807875e-01
4.856119767588900515e+00
3.076913608214161044e+00
1.854283846015995607e+00
3.159127114836945971e+00
4.696484545372351604e+00
3.996612220322265374e-01
3.916181619809451231e+00
8.005951579464742895e-01
3.781171650121804007e+00
8.197855507710904988e-01
4.420717584431885783e+00
4.677365841459813822e+00
1.713240078975997172e-03
8.093119685441296784e-02
1.454143635274459667e+00
2.060051940003588378e+00
1.967726962816185310e+00
1.839956147071810211e+00
1.973588404529974527e+00
4.816522072670288424e+00
1.794291294165273776e+00
1.926514276871437170e+00
1.875823851535145081e+00
1.384168886502194606e+00
4.274004207853610016e-01
4.743825375627121588e+00
8.770080495797638598e-02
4.223609048420204459e+00
1.061741173037389796e+00
1.270186249118895994e+00
2.695057864307996542e+00
6.189935418320574589e-01
4.679256040369535796e+00
1.927191988903710351e+00
4.829893921591896344e+00
1.521981665305335296e+00
1.418682975635204180e+00
3.788748575443029232e+00
1.758909357300703746e+00
2.826218905302543938e+00
1.486730674227459970e-01
8.143826298730066915e-01
4.763938319923316733e+00
2.768682145952448437e+00
1.984943262324688096e+00
3.615178862812355121e+00
4.901967269585710163e+00
4.948198107370174625e+00
1.280931210047364655e+00
1.102405458343619360e-01
5.947599959530547320e-01
5.571198917735764589e-01
3.560114138849199694e+00
1.577168937064314935e+00
1.467797123375739199e+00
2.513870211391737275e+00
3.829322271173775771e+00
4.509989079887982699e-01
3.865069227171108679e+00
3.833162770725417889e-01
4.352524880484968328e+00
2.806742244746336823e+00
3.839976114117995110e+00
3.064554927297901799e+00
2.726751459031993008e+00
4.117158790067689367e+00
2.325497742050850025e+00
2.346566476309333016e+00
8.181092022831787380e-01
1.727275653656334509e+00
8.270403396520170647e-01
2.782291905579618252e+00
3.025736490231408116e+00
4.772975543822503219e+00
1.525279403874737039e+00
3.308985521372143079e+00
3.003477626229244635e+00
1.935724291500036554e+00
1.239303952044086277e+00
3.306527901167192418e+00
2.325935850894881085e+00
1.513074893382732045e+00
6.969337516692986068e-02
3.928597254908483993e+00
1.769531057781161376e+00
1.552656475074370990e+00
2.702157710961168302e+00
1.033767385462134314e+00
3.672723537164472862e+00
1.179633033899477601e+00
6.754780256237724601e-01
4.926481580921514336e+00
3.535659622021109172e+00
4.828691869063235664e+00
3.867664233698900222e+00
2.110697710201156596e+00
3.042625727068288377e+00
7.761816238715629757e-01
2.917439261120588601e+00
3.989287108030808326e+00
4.255266683419121065e+00
3.064563757182971138e+00
3.549966748929315852e+00
4.716463360018819273e+00
2.430069732131142857e+00
4.442353212486876757e+00
2.282359265857444974e+00
4.909853052772469084e+00
3.539254238622723925e+00
4.488464191378592538e+00
4.576943189491325725e+00
2.051061675943131490e+00
1.134408614635693535e+00
4.840177650416331190e+00
3.221537119872101229e+00
4.897957464797426219e+00
3.247478371649402895e+00
1.032223315811775510e-01
4.303999031811875930e+00
3.354450651554087948e+00
2.763515857777921525e+00
9.416170278721713860e-01
3.394112498860435423e-01
9.263267142996683967e-01
2.799864273675841009e+00
1.060587740236300203e+00
1.969322258628311006e+00
2.828444520073766899e+00
4.670696248366255965e+00
5.242349154660208566e-02
4.400011174712650686e+00
2.543742833169024387e+00
4.296073913269979450e+00
2.402552874498510072e+00
1.789570792897557938e+00
1.491724842603661561e+00
1.117373984274022680e+00
2.458233679342087363e+00
3.256205362379477330e-01
1.603607164644942795e+00
5.166093461229592787e-02
1.828132185635469309e+00
2.760922580869735299e+00
4.769428484374051536e+00
3.573412951301814466e+00
2.747955565901892161e+00
3.997819682580014522e+00
4.389625324176407162e+00
4.383834442179027846e+00
3.148881326552588344e+00
1.391755987766746250e+00
4.416297892546672266e+00
2.651764366273367646e+00
4.804215376532545712e+00
1.164364629937697515e-01
5.910138216526517052e-01
3.157369546549395167e+00
4.214740984662589618e+00
7.278414894020096559e-01
1.805366341193665569e+00
2.021034541852765543e+00
3.850107721014226492e+00
3.526949946566544813e+00
2.062579002060726641e+00
5.641921029760244011e-02
4.537525020553837329e+00
3.168980375938073024e+00
3.152206120026876945e+00
5.188728477043741405e-01
6.715548687270656014e-01
4.764081973919850554e+00
3.939680239403222206e+00
1.774341441675660214e+00
4.798134681632800991e+00
4.887761799700025556e+00
3.496254068023040951e+00
1.833992050101819871e+00
4.391275349022865981e+00
3.262727008130497985e+00
4.344230584965906417e+00
4.377108940519335967e+00
4.537966849426716687e-01
3.060854012694744775e+00
1.061111171700932054e+00
1.328065660404528892e+00
2.286388537133976495e-02
1.328019642205983786e+00
1.577398026392207164e+00
3.185790690504801681e+00
4.212869218815374239e+00
2.132797820202037009e+00
3.650411135008591046e-01
1.837327673280511053e+00
3.775191816565210967e+00
1.319361817477342935e+00
1.476483486577454540e+00
2.500719238546289080e+00
3.455819208724011826e+00
1.402083437296268720e+00
2.884073234726788115e+00
1.292474821709624910e+00
1.870137788766972342e+00
3.350435630923855435e+00
1.843630596826080215e+00
1.890204461459934926e+00
1.450361586572377348e+00
8.593085968638120020e-01
3.128741063983480064e+00
2.277688002724299388e+00
1.509844230426790057e+00
1.184590081527172156e+00
3.950800861700218380e+00
1.247331311556854505e+00
2.379428210741690197e+00
6.398284500792322804e-01
3.507685995727953809e+00
4.771147416593917612e+00
4.945364978546940016e+00
1.421332307343155410e+00
4.280181907445024692e+00
3.316496615510824864e+00
1.699014759777657257e+00
3.866367366245353931e+00
3.104698990675897718e+00
8.560024229412210861e-02
4.773510653618910915e+00
2.797760903612091621e+00
4.197154479551181261e+00
2.807113555190646093e+00
3.883045853365807432e-01
1.710800617166660098e+00
1.351808388911721170e+00
1.086556353366526118e+00
1.061918653058530060e-01
7.640546312512880300e-01
2.466898646656863203e+00
2.096475961790706499e+00
4.092803943655847654e+00
4.033746214653627149e+00
3.196095606392790334e-01
4.663477938061499906e+00
3.325794229036510785e+00
4.809414350957881723e+00
3.458553276370570639e+00
1.529541603307296604e+00
4.829616356582178582e+00
2.816135138492176226e-01
2.254885844853164567e+00
4.058634654317179624e+00
2.202361978526139019e+00
2.713421876968830748e+00
1.809363160556283656e+00
3.246695231863871989e-01
3.863578543790011643e+00
3.841907680117300217e+00
3.735490497043892688e+00
4.396637311726653286e-01
3.412943503891562980e+00
6.231254694486126899e-01
4.577562502805637701e-01
3.574158302496849293e-01
3.915671579990679163e+00
2.400252262403657078e+00
2.591500653122086328e-01
2.542292142517669884e+00
1.548690090980187062e+00
2.349386852132574255e+00
2.496273868405731733e+00
2.824117405716863871e-01
7.797900758284997957e-01
1.044516629383235973e+00
8.861047721940917832e-01
4.679617525308852777e+00
4.901411746415085258e-01
1.216649508740037078e+00
3.328577140757079000e+00
2.414290280049591342e-01
8.634263178904588720e-02
2.829502855242129744e+00
3.550210565455544476e+00
4.322914896070262358e+00
4.241617075961299221e+00
3.619725263723239106e-01
2.566355380376798223e+00
4.249320223669093899e+00
2.797733054769244720e+00
2.550218762326319943e+00
2.621012521246779858e+00
2.680151598292687787e+00
2.535827724899944347e+00
4.954420828317771530e+00
1.287119714676729476e+00
4.581241716899985938e+00
1.111046352781813740e-01
2.917847046747140460e+00
4.698257253095098562e+00
6.236138429429111119e-01
4.720970016807697789e+00
4.908502681364294240e+00
3.534804010592191847e+00
2.498574961311635256e+00
1.893291611038410149e+00
3.457078611182504257e+00
4.440491198198887268e+00
8.602464810292764774e-01
1.064369447476023467e+00
4.031049291521221711e+00
1.870740048053646909e+00
5.915509356304754496e-01
4.098485102859642737e+00
3.715727420806691494e+00
7.752714650126446561e-02
4.625872961245114379e-01
3.524590684076100988e-01
3.483555761439740106e+00
6.225160316548355999e-01
1.651388794961979878e+00
7.392443584079139152e-01
6.914575588452132049e-01
1.535397772923700055e+00
2.609812213395966030e+00
4.969526040751184759e+00
3.030758145037266704e+00
2.544965792417009709e+00
4.233525962549060218e+00
3.887000215098596279e+00
1.750666218579884248e+00
1.257414218759288493e+00
2.461195534569997623e+00
4.986914316537739644e+00
3.772841486620039042e+00
3.137251360268826783e+00
1.452133267707633291e+00
9.402719220780342280e-02
4.089602108399902569e+00
4.566763396061724656e+00
2.594612908882683477e+00
4.194491443403797426e+00
4.722144302515117964e+00
3.086672297632334860e+00
3.429721798262427956e+00
1.940022218769511531e+00
1.138389612741999013e+00
1.499629954118344877e+00
3.949029834855603660e+00
3.078750758041440605e+00
3.037913365007638422e-01
3.725177288926184715e-01
4.649187680840764614e+00
4.021856142340939577e+00
4.054805129181692003e+00
4.174509264703774036e-01
5.882365895251367993e-01
1.312723894789184609e+00
8.279606087869334496e-01
4.666356971088720051e+00
1.624218414460130600e+00
2.963965128060666476e+00
2.072895223102429796e+00
1.113536729542516479e+00
7.073409566858840369e-01
2.484610471566607970e+00
4.759485546712492798e+00
2.673644895877216765e+00
4.758176667258616099e+00
1.961083763145432535e-01
3.079642521521873455e+00
3.472585280772866767e+00
2.287347922825619495e+00
3.951762262252820346e+00
1.790944628070515465e+00
3.872673484544077560e+00
7.016580872624456067e-01
1.107422924323367974e+00
1.586327820994828830e+00
4.437465652653648007e+00
3.370956462546434995e+00
9.478053221762339220e-01
6.687525479073042067e-01
3.862196787201533255e+00
4.505270594103546244e+00
4.709668301402833102e+00
4.342252760754555574e+00
2.665805898540027474e+00
3.696524933802441959e-01
1.785620161382362348e+00
8.881956717940636681e-01
1.385163137885264684e-01
3.437431472932185983e+00
4.928968070508920718e+00
2.622177201190557305e+00
1.870273710618819862e+00
3.067063903305354167e+00
2.128433915167847523e+00
4.656452032756324577e+00
4.702101655235843225e+00
2.652552667261325769e+00
4.030405160352533045e+00
4.088352051882850446e+00
1.862051725996352047e+00
7.499932055479768822e-01
2.678461809977234154e+00
1.263922278889902273e+00
3.590873372494384874e+00
3.938299983111045677e+00
2.602800790601549785e+00
3.408148398186969352e+00
9.200881772015173654e-01
8.081981706051510894e-01
7.592284514489483493e-01
1.799748185671763867e+00
1.859460687654453270e+00
3.599853576360249718e+00
4.175069134030493956e+00
5.891875874392321633e-01
1.403265111595440873e+00
4.907594863839571886e+00
2.377089302514936442e+00
8.686564189609646824e-01
2.717103442650040002e+00
2.359657902380722927e+00
4.005995472368114818e+00
9.257693126440580400e-01
1.417099325777718688e+00
4.650906936788905099e+00
4.216703453605030738e-02
4.241293180809105223e+00
5.196972661132925886e-01
4.606431031021674727e+00
6.599065786479024753e-01
2.295910852663399115e+00
2.732878951463633133e+00
9.209771825680146407e-01
5.419671821838950576e-01
1.126195335194859037e+00
3.576881134052040112e-01
1.430680987278877270e+00
3.599649189419118933e+00
2.011093695942299142e+00
3.821378135929121012e-01
4.791328296243777096e+00
1.837803498306791905e+00
4.264312427623155877e+00
2.123472661376868853e+00
2.372830761415571921e+00
2.368323609660035078e+00
1.115716864048094115e+00
1.577893855454233663e+00
8.906966924122478035e-01
1.481704117450323821e+00
8.264450026959896389e-01
4.705148187663177328e-01
2.847097315101661419e+00
2.542721278839240817e+00
2.295029868428632547e+00
9.880225983978074833e-01
1.213777520642708829e+00
8.142505281790868299e-01
6.256280842296568778e-02
1.164004313084451958e+00
1.799663744693665191e+00
