1.460305164100305086e+00
3.450896710391940125e+00
3.126850883611784759e+00
3.211199625098176025e+00
3.689358504879820089e+00
1.759107019826365859e+00
2.930809137935916020e+00
4.091293183703691660e+00
4.587502050761706585e+00
2.949627065150935756e+00
9.636871108819350384e-01
2.508168755342907730e+00
1.451387958553108648e+00
1.980209569094173006e+00
2.060313374994252378e+00
3.847480042689693569e+00
2.825949835604694371e+00
2.568227242391401433e+00
2.821458126868848559e+00
1.960376285337858127e+00
4.022082657028102304e+00
1.792046932575326323e+00
2.139488443563319908e+00
1.026626960972473857e+00
2.457120123849475313e+00
3.871821407720241748e+00
3.944197362907231330e-01
3.040299283122396279e+00
3.674927614854209601e+00
2.250804531102963857e+00
2.883364314120431260e+00
1.531362431019464676e+00
3.837354803134148007e+00
3.534583783140255342e+00
9.192291254152495927e-02
4.754921769103430229e+00
3.300074896258988755e+00
3.608513709441250050e+00
4.738294382698314600e+00
8.481308767729039966e-01
2.148570508977841520e+00
1.253524343535946661e+00
5.183539705037965017e-01
2.014749763262528859e+00
3.699941341106389725e+00
1.245866602714507110e+00
2.184971799930146563e+00
4.528542289698201273e+00
3.409088584551227097e+00
1.003967217104428933e-01
4.799911759075841999e+00
1.185882141522523359e+00
5.936232648047273797e-01
4.454705715761907214e+00
1.860320666519279520e+00
1.634256113317335002e+00
3.558954307167470077e+00
4.039945173005078161e+00
3.050081295911361678e+00
5.354181711052069526e-01
4.974328738093015012e+00
3.133058158250340064e+00
2.610326561372088072e+00
4.753735191115977976e+00
2.699530512579903174e+00
3.528833926985468050e+00
1.096440128926205571e+00
7.003788568552993254e-01
5.958982378922850209e-01
3.872899268183156885e+00
2.433667951562912712e+00
4.096186825296853407e+00
3.331744072342956997e+00
2.794525681749444157e+00
2.444058644922055823e+00
3.313216109315526126e+00
1.482646021951708359e+00
2.231941202812999681e+00
2.129479619715501926e-01
2.604210089811259010e+00
2.873485036078365695e+00
2.933503177347418500e+00
1.441681521802812282e+00
2.041131516919562738e+00
8.579906635954948069e-01
4.625889648639952334e+00
3.125681805984386497e+00
1.951418117375903094e+00
3.536548255129790430e+00
2.012888953804829573e+00
1.561971253235640678e+00
1.644274705645684787e+00
3.290634783488519677e+00
2.373468482675104241e+00
1.703187175340543646e+00
3.578635795443169121e-01
4.591985974925600011e+00
4.404663306980294735e+00
3.914888860026394246e-01
4.856310330570595468e+00
2.963322669338301463e+00
4.337764654893470961e+00
2.829334484599981270e+00
4.934400816650647004e-01
3.479706528402194188e+00
4.632586020106417735e+00
4.027103652001200018e+00
3.730136754374296926e-01
4.911228427888903347e+00
2.091733544919327059e+00
1.610637017260920345e+00
3.789257826129155404e+00
1.264921870012976512e+00
4.974159041628464450e+00
3.563551834669029361e+00
2.857689802628512687e+00
4.824108094901164101e+00
3.995336142428509874e+00
8.836960343052940869e-01
3.651972452194662822e-01
2.527466017661111231e+00
1.962965187046169513e+00
4.140027308724528510e+00
4.173234190923879261e+00
2.002000588647545598e+00
6.625960864877600276e-02
2.471589097081261954e+00
1.503748564788840891e+00
2.940437606790032188e+00
2.388397314066646349e+00
2.800949006626150428e+00
2.221172948389721569e+00
1.611727490347148350e+00
4.412981097164946576e+00
2.033937437175453944e+00
4.384776452524198120e+00
1.904742412769065973e+00
2.349295459595676761e+00
1.778063389129360239e+00
4.437803733348862245e+00
4.515390090327386474e+00
3.462302206976385577e+00
8.349870614981924621e-01
1.742459583758908082e+00
2.669465249081293123e+00
3.278078691743161244e+00
5.827661404830930536e-01
2.516989035398735641e+00
1.158728773886832819e+00
3.742673668916358221e+00
4.504290287029688145e+00
4.414323460410401800e+00
3.565841919604855637e+00
3.674978456916071501e+00
1.897593943867239563e+00
4.959413517971596796e+00
2.300144914334866009e+00
1.718698100326585987e+00
4.863275173276663033e+00
9.227766459460801096e-01
3.737965780636247182e+00
3.597324324562456876e+00
2.185064646745959571e+00
4.748496365412544051e+00
4.046398605208096022e+00
1.045596368818707544e-01
6.197497893099468413e-01
3.967025154776106621e+00
1.090372947695133377e+00
3.434788041396743541e+00
1.856234128879867384e+00
3.512934507434673392e+00
3.210679948568684328e+00
1.661827962243171974e+00
5.380453394824258329e-01
1.933289477810251622e+00
3.924659075319485879e+00
2.233792170020339363e+00
8.585378419129063854e-01
2.639727812544893304e+00
1.446119316476093264e+00
3.067995215220664651e+00
3.514722605518111109e+00
1.433153250591543859e+00
1.168418153908746815e+00
2.319736975977716220e+00
3.544721651829024545e+00
2.581608705530453296e+00
3.425408279588479932e+00
1.093490108531633531e+00
3.426382228721625012e-01
2.772238958447841295e+00
3.115201577695660085e+00
2.344030435992876527e+00
4.416946515113107985e+00
3.952133937988555612e+00
1.627159422361455388e+00
3.361640834360280827e+00
2.253631135220590220e+00
7.427384777157647333e-01
6.588919764178330363e-01
1.144961586497230677e+00
2.553158457323860819e+00
3.804803355362392558e+00
1.628043716590632961e+00
1.737995469615635225e+00
1.749334639291733051e-01
3.123866107515752333e+00
2.605640387482415665e+00
1.552756618978192726e+00
3.503907146887359048e+00
4.458138858840889007e+00
1.591036567242368749e+00
1.290097793792904790e+00
2.539881079925381702e+00
3.635900194920396178e+00
3.920733916740601011e+00
2.119990435438096732e+00
4.131325357484657346e+00
3.001008860850806759e-02
3.763640670907985708e+00
4.330004880880788942e-01
3.686724215447134689e+00
8.012692830546158662e-01
4.409235531962120369e+00
4.617704328039907935e+00
2.853772962899152166e+00
1.834892836894780332e+00
2.085058071442420058e+00
4.919726183383632545e-01
7.329064973420007512e-01
2.937028577934571061e+00
2.890162993949432213e+00
2.272417722939036544e+00
2.658882094772024862e-01
1.293005055824620442e+00
1.350894150382499603e+00
1.863958983028358052e+00
4.494668074603407781e+00
3.630064150753700147e+00
1.134740283590347953e+00
1.348693232122194496e-01
4.635502278885315519e+00
1.693779607885166794e+00
2.822837147642729860e+00
9.726514899252125534e-01
3.162661486396419086e+00
2.197645251477883921e+00
3.783656489459319872e+00
1.018447477644192078e+00
1.509328486690702409e+00
4.995919720591120772e+00
1.920908488035404815e+00
1.632727221231158765e+00
4.188215948223880325e+00
4.748678155567462866e+00
4.832342591393771869e+00
4.723611117916034274e+00
2.086786550764068160e+00
8.570501106748007469e-01
9.045097142743874219e-01
1.051424846304864769e+00
3.956202775138250693e+00
2.694105433343593425e+00
8.151632537671921197e-01
6.089911777817164085e-01
1.970417565725254949e+00
1.851102810325987447e+00
4.571781402941860861e+00
1.712286431109427021e+00
1.622514102396294788e+00
6.045428003250413740e-01
3.019470356587112381e+00
5.009625586817445519e-02
1.543160670026326731e+00
2.895398992930589444e+00
4.812765961326200603e+00
3.220230053713749818e+00
4.301862052353985888e+00
4.038156136924709649e+00
2.354314334848064849e+00
8.758016907310600674e-01
6.920107303715877789e-01
6.836708745531494547e-01
2.044400076041337666e+00
3.585280029493342902e-01
8.582468580770163946e-01
2.188093949929025506e+00
6.763929629518000697e-01
6.584063415585011958e-01
1.555299603104621786e+00
3.697735543438054773e+00
2.289720624810568594e+00
2.948577602082027571e+00
9.953084856307320427e-01
4.865707427023727938e+00
2.167859049079457368e+00
4.518065250533195076e+00
2.885584482485507696e+00
4.424631736492572465e+00
3.925559049026514646e+00
2.328415041273740549e+00
8.376128445467406758e-01
3.667643142724736904e+00
4.358852701992939949e+00
2.659931902520166869e+00
1.272799311470045325e+00
1.981384795121068354e+00
9.595497352362286625e-01
4.639440361642497734e+00
1.697223678686017756e+00
1.129783641716170628e+00
3.321654739448512306e+00
4.410472866485385168e+00
3.261899332572288479e+00
3.547167379613803018e+00
2.678775201620159363e-01
2.173667572638120937e+00
5.581310022401969606e-01
1.443415975524912742e+00
8.902803511755136290e-01
2.053730037020091270e+00
4.351856916732340430e+00
4.257625904603004940e+00
4.788547933380110644e-01
1.245152128485216281e+00
1.725351735461184699e+00
1.894458825486611264e-01
6.471612543335614198e-02
3.675885909738871860e+00
4.185206918044951152e+00
3.101431496225993456e+00
1.248146819381568129e-02
2.000277709578714980e+00
4.590517838403361139e+00
5.059638332190918852e-01
7.541706351632426752e-02
3.119163824511367089e+00
2.504953865465936458e-01
1.097158464354107021e+00
2.650490735577885726e+00
1.020298498808863696e+00
4.035135377160124825e+00
3.490718448490321979e+00
1.712500476969230911e-01
4.467988679429636178e+00
4.229262946976954041e+00
2.785487694235943668e+00
3.646501233428441235e+00
4.855817370156492174e+00
1.883109914913381644e+00
5.675650987398705993e-01
1.952310589971612664e+00
4.710745717371657371e+00
1.646198883930428014e+00
2.589525305367340602e-01
3.973201330759873251e+00
1.535881282071996923e+00
2.847182911450145681e+00
1.175746299871474054e+00
1.610074329218533773e+00
3.141774069126011426e+00
2.920269958355168338e+00
4.835151947510999193e+00
1.324354487648696788e+00
1.496305865739592900e+00
1.955419269533774651e+00
1.750396266492609820e-01
4.692229199185084632e+00
3.721375382682565736e+00
3.964005188485034914e+00
4.917344948802375271e+00
2.640258009823020391e+00
3.717736765785951025e+00
3.832473371090139747e+00
1.355630870669269905e+00
1.000042146321350467e-01
2.382576197526764528e+00
3.075219213446529931e+00
4.940267529144817260e+00
2.423074927186381178e+00
1.539250449137927301e+00
7.012430763715193915e-01
1.283973736566290658e+00
3.597570855174796911e+00
4.582161027436876255e-01
3.604310760525715640e+00
3.723300337404720217e+00
4.240771129715320775e+00
2.605931606051003602e+00
4.879098448063759363e+00
3.726426797526721124e+00
4.188874198915173430e+00
4.724240886823452890e+00
1.860096882491211190e+00
4.590948784899862023e-01
3.633614310909258904e+00
4.958243460161848581e+00
2.389086706465218146e+00
8.705937583894046705e-01
1.954696449321254192e+00
1.731686185232906183e+00
2.559398783067950767e+00
1.426013605642928006e+00
2.289157874916974977e-01
2.123085440967398707e+00
3.967143885387203195e-01
1.552802210179784481e+00
2.401082527796454702e+00
1.685610916000321424e+00
4.845282958263998019e+00
4.849127368947267591e+00
2.523082440888436473e+00
4.599269878335220163e+00
4.183560827615363742e+00
2.347737883450768059e+00
4.120142234875413756e+00
4.356530385071915035e+00
1.126283065067913425e+00
3.019135887505059124e+00
8.449102191214763469e-01
4.684354397551340199e+00
1.027311263183108725e+00
4.041671186633540636e+00
2.545512269674967243e+00
4.966112455656187308e+00
1.809674766840668747e-01
3.833867716211639909e+00
2.791347589887799296e-01
3.641339508526833413e+00
3.466262219000531886e+00
3.725560284450075255e+00
3.758986751758521372e+00
1.118317842304383358e+00
3.906620221384589975e+00
4.402629778177129083e+00
2.944287839565207232e-01
3.474415445516014334e+00
3.841721086745262692e+00
2.479637298348579932e+00
1.891575950695509434e+00
3.324500203297202194e+00
1.989095673607339965e+00
1.949552349024534781e+00
7.942956027969044763e-01
2.547719589140627683e+00
8.562320420174318603e-01
2.241978445970254530e+00
4.777067679058233374e+00
3.956557429310559204e+00
9.465863751074582444e-01
7.604185923684736448e-01
1.397228371315676343e+00
1.132859036958828725e+00
1.401314493065137778e+00
3.520001552178462667e+00
3.797971232609798076e+00
1.744366025173900603e+00
2.634082017012366883e+00
2.937243921922344292e+00
3.811015536835284045e+00
5.428039568759346345e-01
3.172129709390186125e+00
2.457554375923205470e+00
1.041844615968744447e+00
3.436549186315723814e-01
4.924001869476871462e+00
4.258920196242100609e+00
1.375349465919470937e+00
1.203905149118239537e-01
4.303438136959253368e-01
1.773368977138464864e+00
4.777969183793575603e+00
7.003157487236361112e-01
3.760199344257424858e+00
1.930402096864042294e+00
3.809837543865060461e+00
1.092943843308900043e+00
3.332283233861361271e+00
1.022366747880235627e+00
3.488566206817300674e-01
3.565354603503800845e-01
4.290605910388493704e+00
3.176774209246700398e+00
8.709068572289757615e-02
5.780144811049459097e-01
4.229643394578243232e+00
4.510974100586661706e+00
1.244806852518607343e+00
4.784391411329949939e+00
1.300775519664953528e+00
3.994135221464826913e+00
4.618887390373433988e+00
3.290075330405994869e+00
2.976311741809961831e+00
4.598977460539739326e+00
2.690076957486510878e+00
1.504784889966664263e+00
3.918795506557937181e+00
3.977051653433935741e+00
