6.991349920790934647e-01
3.859285604185754170e+00
1.784009203876092409e+00
9.557226350360714662e-02
6.486756540986954311e-01
1.947955803383382145e+00
1.783409231374410542e+00
3.427470974311314089e-01
2.423359334179432167e+00
6.829376515044871532e-01
4.262974394717618409e+00
2.650490005792610404e+00
1.468374244717972621e+00
1.480752515522766988e+00
4.437427252050257565e+00
6.764125164227002829e-01
1.009923651874239381e+00
3.750998558651393644e+00
3.492005718263029301e+00
2.147947626736006477e+00
2.716179472310691345e+00
2.687110130291692212e+00
8.735567428158297343e-01
7.665995190181001950e-01
7.711295263451950488e-01
3.841554340735698680e+00
2.451337397064476509e+00
1.403329849839067389e+00
3.456757786153790146e+00
2.506506110910183160e+00
8.404789384801436558e-02
3.938165708826252276e-01
9.952781158495666025e-01
2.159332847814896983e+00
3.688381038359529907e+00
3.428025925926269757e+00
1.913631497931540082e+00
2.266526003618464458e+00
3.124979301192076342e+00
2.457051448165527674e+00
1.694908190256043223e+00
9.239738158900956400e-01
3.916447218530918040e+00
2.074578846855048120e+00
3.081310576696869141e+00
1.730277209492070867e+00
4.258809471555818904e-01
4.098481178184022689e+00
1.369094589301819154e+00
2.483500051033155742e+00
4.344120536904610974e-01
4.551125871117028154e+00
4.028011401474543618e+00
4.133812081810265049e+00
3.528807852187259009e+00
3.166849936649314134e+00
3.326747172968947286e+00
2.602530671657621753e+00
4.989912232856047458e-01
8.234577003726961664e-01
2.988249110880591974e+00
2.005149905983873548e+00
3.636878182463358478e+00
2.158894073015560355e+00
2.003791615388033076e+00
3.831876011629042900e-03
6.827926246102056229e-01
4.915946533754690151e+00
2.107575545134797057e+00
3.737905851737077789e+00
1.726018162190715577e+00
2.430297643262897989e+00
4.023501359991676019e+00
3.131258136791212454e+00
7.151580283743907973e-01
4.116904230567743461e+00
4.199016373258292134e+00
1.537640483814443737e+00
2.272912822629544305e+00
2.593543067970398130e+00
2.321581690168605938e-01
2.880703729347025011e+00
1.024450905958549374e+00
4.316596626385825530e+00
1.502619536803993405e+00
4.763487831241588033e+00
4.512167060058992263e+00
2.919483819424038007e+00
3.625793909296544104e+00
2.905264594499167075e+00
1.425442856451237805e+00
1.433501182274891095e+00
1.280976300967221482e+00
4.353065178207574881e+00
3.422833564119676097e-01
3.562712024734341121e+00
3.454109707683009844e+00
7.863653722134411606e-01
2.054249956768086083e+00
1.969418854462070545e+00
2.334632679833571700e+00
2.202098054080761536e+00
6.640761574211800911e-01
4.286659888885003156e+00
2.353873221121891124e+00
4.853653977073502546e+00
1.865794253559908134e+00
3.348615355727854848e+00
3.504909963219624114e+00
2.671600801154633942e+00
2.975207343332186394e+00
3.812523000111403437e+00
3.092491194957147638e-01
3.113010286201201016e+00
3.119615339732200177e+00
4.623519327290108727e+00
1.010482421691447197e+00
5.295547991809418376e-01
2.368875086858736267e+00
3.731125827160202135e+00
2.940427869311714737e+00
1.932304283654140420e-01
4.877926791079926438e+00
3.265409282341404484e+00
4.845352898730459934e+00
1.434074634720865049e+00
1.166167550516880036e+00
4.455739530144795069e+00
1.962475917446305784e+00
3.809406847645711469e+00
1.759398479708035312e+00
1.998772882992807087e+00
3.264786565379344196e+00
3.571752373591734031e+00
4.217585480306071943e+00
3.133111348306568011e+00
6.680484788840068688e-01
2.929461582994679514e+00
2.886495900990940111e+00
2.250866987599236424e+00
1.816448807673865407e+00
3.330868690464202864e+00
4.067894831653140919e+00
3.781934426889219658e+00
3.511377337339290250e+00
3.888155063827839264e+00
2.018959924548913154e+00
4.335591261851284628e+00
1.889885460539864059e-01
2.618097156099005396e+00
2.046149730559932323e+00
2.921494017234115947e+00
1.022316962469056012e+00
2.060725741065448702e+00
1.119364555993950239e+00
4.208809968291826742e+00
3.576574629810053141e-01
1.690007131033559595e+00
4.241011310472712736e+00
2.823645629828241521e+00
1.088264328151289817e+00
3.186381273612197251e+00
2.745388372915165132e+00
4.590633963344708413e+00
4.208569152820008874e+00
3.615559848514671160e-01
1.574755035399644232e-01
2.574795550701713509e+00
2.828951612511809710e-01
4.241902281348442827e+00
3.935953547233465244e+00
4.106314801215292576e+00
4.858830617952969000e+00
1.763112419046100499e+00
8.153981063756321479e-01
3.411535014311668057e+00
1.349236878551937080e+00
1.750244325400150291e+00
9.957032133287913034e-01
4.484328638475352236e+00
2.199651766914677786e+00
9.891059727808837465e-01
1.571828999316347453e+00
2.827260265955899854e-01
6.944660520031281647e-01
4.323002989411496522e+00
3.155922128402126603e+00
3.247097035471185889e-01
2.147618118778564789e+00
3.237313011449660660e+00
3.190538834559519810e-01
6.727214494519573318e-01
1.482455856002122374e+00
1.143816509490306998e+00
4.330933576494500059e-01
3.703053042231424286e+00
3.484185788335067535e+00
2.847879161923858593e+00
2.833716941143293866e+00
1.142007644089764629e+00
3.041716226478067941e+00
4.250654317362956292e-01
3.653767638509009430e+00
1.319577399349072255e+00
2.962761971520078141e-01
3.796151538210614795e+00
1.697536676380300147e+00
4.899287450815284828e+00
2.539902483958245138e+00
2.936023474139786149e+00
8.909393980159069359e-01
1.613270949976682189e+00
2.789212755601271354e+00
1.156805352540072995e+00
2.844555119638172425e+00
3.347166305005800702e+00
3.745686162175989598e+00
1.967662458396465253e+00
3.539073215721751708e+00
2.691076366874650461e+00
4.302422616592645355e+00
1.496879394291176890e+00
9.840769212928551779e-01
2.475036004722949823e+00
9.427659672384902656e-02
3.302285940770027128e+00
2.077599077894708657e+00
3.475077115821450402e+00
4.826283452928532114e+00
5.046962125898868390e-01
5.990316848685434126e-01
3.708292676315624092e+00
4.329668973682363031e+00
1.101734915762658806e+00
3.064932580722115496e+00
3.238336011025145567e+00
3.119022735908869137e+00
1.278482514346688692e+00
2.612511906042367382e+00
2.889894156337459830e+00
3.442258406263762449e+00
4.075688568220925401e-01
2.062627217622146958e+00
4.945697721419528570e-01
2.670619347212030981e+00
3.936866184180686901e+00
4.531314206800995059e+00
8.157936037849922162e-02
1.694040558854593703e+00
2.519681757916105269e+00
4.471598121263944847e+00
4.446292689175235679e+00
2.506184863790711370e-01
1.387193403731370900e+00
4.500740673864427777e+00
1.828898148103907495e+00
2.187122553909153222e+00
4.243584776098207278e+00
3.585262312244972716e+00
2.490527305932281443e+00
2.374427828626211934e+00
2.573125197493908445e+00
3.220787354083205045e+00
1.088224558136224207e+00
2.059443317100373427e-01
1.533621332683630545e+00
1.743793298916751056e+00
3.796623204858752487e+00
1.835837104411575549e+00
1.828467125561188400e+00
5.642870920526349421e-01
6.935213200896683805e-02
3.952469351456919355e+00
3.751170120700747290e+00
2.676583755438440626e+00
1.748282472547574296e+00
1.779560386098033575e+00
1.255170847133818546e+00
1.481694246241658242e+00
6.848283215133560420e-01
3.085414323574259043e+00
1.085217931127733237e+00
2.776116320501722967e+00
3.791713332436879025e+00
3.191447408565827537e+00
5.525199294265970007e-01
4.249524766279268562e+00
2.158638876472087187e+00
1.070349598046289152e+00
4.296336492985589395e+00
1.196340993953786569e+00
4.092705213605711378e+00
5.523253421196866464e-01
5.745277390486058788e-01
8.512797903677143951e-01
1.957689855311324667e+00
9.205527889128933827e-01
4.661104560398112717e+00
4.494939991756462305e+00
8.379405759342878346e-01
2.192135036843217311e+00
3.211679891279359378e+00
4.848181188721417456e+00
1.811570079063626437e+00
4.776963465815303955e+00
1.042922943320365725e+00
1.275465035202702602e+00
3.283532163822227012e+00
4.437970354825208297e+00
3.782454041524605959e+00
4.027779543153988229e+00
1.957036583277961261e+00
6.248255284792170183e-01
2.157312691238971958e+00
1.543030226071588906e+00
3.302403920826872952e+00
1.055182339145712245e+00
2.504601111485097675e+00
1.230444240618388640e+00
3.128835131395866220e+00
2.980253407164572987e+00
4.463531507104717688e-01
4.937850905971620463e+00
4.027548285480191836e+00
3.501418583076135072e+00
5.463087267988303575e-01
1.077793541382312537e+00
3.821834301285293556e+00
4.436500600561271490e+00
1.571061194689207685e+00
1.513704618469818852e-01
4.218262410916542748e+00
2.989982915463112345e+00
1.684037165718451634e+00
4.726545712310335823e+00
4.559859938778997979e+00
2.339968042454602770e+00
4.422091022744467637e-01
4.632017924497914052e+00
1.483054216537644798e+00
3.418475048846349118e+00
4.517248255858162587e+00
3.249207754233163659e+00
3.140755359196015117e+00
4.496048699170779983e+00
4.339696505413678906e+00
2.886259584364565534e+00
4.183537293275647606e+00
1.170051871630093387e+00
1.849972776171717737e+00
5.822204401484559755e-01
4.542167948377375808e+00
1.044522452859298900e+00
3.315446742821375192e+00
1.282607073789771013e+00
4.300417716370202648e+00
3.450057183976072306e+00
2.545825463073311035e+00
3.159117543029525965e+00
2.785358195178791352e+00
4.327034191293662069e+00
1.211278469899339072e+00
1.669662902291252360e-01
2.068264836955250097e+00
1.686621675086487748e+00
1.214737821167773957e+00
4.867872397312617672e+00
9.866961721710076905e-01
2.273545017363489684e+00
4.445213037326973371e+00
1.852791323372829257e+00
4.969736259241789078e+00
4.857636720334204128e+00
3.721655948423121085e+00
2.388159883750462509e-02
3.974911971479422768e+00
4.608211478454300902e+00
1.783562963824298908e+00
4.965321758465474078e-01
4.343584458523089609e+00
2.525050324525861534e+00
4.569776097262904457e+00
2.199854068833678067e+00
6.573859178667945669e-01
1.692828119850677382e+00
2.276535972995603618e+00
3.330503257289618713e-02
4.740678046986218641e-01
4.674384961117222792e-01
1.675853917874516874e+00
1.579510120791100647e+00
1.606331017613316092e+00
2.426724088152472980e+00
1.798160732227779279e+00
1.609899671925923315e+00
4.012804952278134607e+00
3.308474869259448337e+00
3.299427685729774851e+00
3.709649697411492308e+00
7.715461701063514033e-01
2.152284501012750706e+00
8.093773813317994836e-03
1.864896596690174269e+00
4.314480416147277175e+00
3.111470223800887780e+00
1.279194614268999164e+00
3.442212412637077446e+00
2.549978829587209006e+00
2.921481864838897824e+00
1.683833940294389153e+00
1.486182630640682678e+00
3.312875308963026288e+00
3.510592911018401097e+00
1.144109358533142995e+00
4.937298055668487562e-01
2.113176274758667539e+00
1.356195127540595902e+00
1.694755429570860450e+00
2.077266577251990487e+00
4.664693458497032985e+00
1.789571794331330068e+00
1.013789703994071312e+00
2.852828026946975903e+00
3.849685928580315331e-01
2.875148951729907587e+00
3.676726146952277396e+00
2.200576154703782095e+00
3.907920924077490366e+00
1.033483628058073922e-01
3.170871631031796367e-01
3.156186246799874695e-01
1.253236916163873893e+00
1.546677871574244634e+00
4.119687352236842237e+00
1.577783290084421974e+00
2.901336877769604694e+00
1.505809211532815439e+00
4.503698594821546664e+00
4.615275870755665366e+00
2.582949781201906436e+00
3.359134283269446186e+00
3.150290101624533268e+00
9.320832486694330399e-01
3.418917407879132675e+00
1.401467186775522400e+00
2.830605331655750678e+00
2.917205828215563290e+00
4.881470805831272131e+00
4.380823329725891391e+00
2.546170829505097100e+00
1.735250088543044411e-01
3.707907896311409157e+00
5.913501605747412126e-01
4.475248039357694552e+00
8.517729864235101811e-01
2.064858524136386375e+00
6.486349937897639695e-01
1.469933167514947403e-01
2.825501788547063464e-01
1.046225667640013901e+00
1.892703306103848515e+00
3.936669460716087698e+00
9.873314229563123767e-01
2.752737344860554991e+00
5.498266976576809961e-01
4.270573482009952571e+00
2.377311663115194484e+00
3.102048868862550268e-01
2.755827039318648808e+00
8.829212136284153578e-01
1.641614415165964402e+00
7.388313535591711778e-01
3.094147458765576619e+00
4.193859675674634246e+00
3.909762027594731570e+00
1.755705181076025578e+00
3.626154558629890889e+00
2.357803966560823028e-02
3.081015565279690449e+00
1.397303349392290395e+00
2.477752017954607311e+00
4.537502961775111920e+00
3.741467324127095928e+00
4.393491529157869557e+00
7.870555494232700511e-01
4.763325867002225600e+00
3.195777129723443188e+00
8.064303565247066263e-01
3.787285771136189583e-01
1.659415620661355728e+00
4.062037465357321686e+00
3.100031162473089630e+00
4.678173589806638333e+00
4.843966627281350412e+00
2.870173812737445651e+00
2.788339655009534734e+00
3.484386131913654427e+00
3.496182029077171016e+00
1.738955644639263554e+00
4.500276341706536343e+00
