4.625645312776248019e+00
3.058680309290795485e+00
4.530829395584671460e+00
4.840538818682045274e+00
4.075918114897969957e+00
1.831334753266693482e+00
2.127860355592862796e+00
2.755351290356502947e+00
1.683013115435759710e+00
2.338894030021184456e+00
4.902758558603828476e+00
4.902973392712469902e+00
3.298604159253406110e+00
2.510353936228165495e+00
4.779316878580591066e+00
2.477057924271638178e+00
4.647063287169642898e+00
1.756831372824729787e-01
4.795532005090289651e+00
1.095970977352950237e-01
6.666375258752377242e-01
1.020203241335418287e+00
2.909352448209203690e+00
4.174445733317106111e+00
4.670639419136162651e+00
3.884468365443488835e+00
2.015871712694045081e-01
6.010020244888203411e-01
3.362884538275684454e-01
1.610195435742744596e+00
1.628890005838141253e+00
4.497458398210696373e-01
3.438778961482854335e+00
1.780448388065862808e+00
2.798199541241177535e+00
4.326628689761699675e+00
2.455789931093842249e+00
3.571865646299564823e+00
2.772687135380987211e+00
4.893874243659391610e+00
4.555385998917396151e+00
4.737343655231526007e+00
3.112754806469059332e+00
1.682410242287061264e+00
1.649801582801424082e+00
2.595575929871234866e+00
3.233958741662907421e+00
4.855741622625147969e+00
2.968010627244271893e-01
1.382812286407785196e+00
2.701733003435778269e+00
1.260818289190365205e+00
3.038648407218982328e+00
3.294359139890230992e+00
4.498003694555785525e-01
9.453008012634672719e-01
4.123338015463351880e+00
1.573786532158426565e+00
4.025602922201743539e+00
3.168691155825670513e+00
1.533358926511934062e+00
3.715338696933384588e-01
1.653912669070518593e+00
2.990621018935198272e+00
2.800595664365955084e+00
4.003629657305751266e+00
1.636399930205478803e-02
1.705833447998922336e+00
1.578156265984389961e+00
1.958552227183694150e+00
1.226174995915821908e+00
4.295537873186511035e+00
3.226536848334792928e+00
1.298780447762535761e+00
4.113802481252267107e+00
3.760719715414353015e+00
1.986123689729064168e+00
1.940411200231758615e+00
2.514407082653632663e+00
2.838075246042317978e+00
1.934065374852624863e+00
3.174292533298532781e+00
4.829331248777056551e+00
3.501221887835230806e+00
1.419161415951395000e+00
5.540257696059963655e-01
4.060815828358040669e+00
1.814205372358298485e+00
3.984391468982251272e+00
1.710429527328570787e+00
3.686402837694722212e+00
2.761060111177037868e+00
4.887043930531165259e-01
2.270334674187935775e+00
4.886302472393045271e+00
5.589895903202296568e-01
1.539710857618170614e-03
2.793545143620575377e+00
3.121550751685991720e+00
3.470734019702512718e+00
3.542577984425093751e-01
1.082203545578753090e+00
3.583633330786328397e+00
3.594615740331231102e+00
3.117335860828629457e+00
1.925906890919373726e+00
4.285842004784989889e-01
2.728328730966267379e+00
2.475223902814727150e-01
3.030613629498404737e+00
6.742015232175641026e-01
4.383654668222349393e+00
4.326745903599967136e+00
2.424557015549906769e+00
4.709873976985745614e-03
3.105121068841807386e+00
7.257294780048251237e-01
3.043294537353409712e+00
4.203767664308225349e+00
1.675515984042735829e+00
1.133184657721000743e+00
8.462770478972836408e-01
4.432407539594485968e+00
4.964469387319842220e+00
2.755506896294474650e+00
4.522164015629901002e+00
4.545269527490752637e+00
2.376405652307841621e+00
4.765878786199742478e+00
1.933326520347027788e+00
3.149378415801662445e+00
1.411124270371200140e-01
3.301204574034677375e-01
4.874513970730921741e+00
4.781558542394076738e+00
2.621774223376276858e+00
1.426902434697948641e+00
2.900573215534751892e-01
1.507043162695979044e+00
2.604498865415018294e+00
5.460478402827462219e-01
2.513370099799463020e+00
3.412937380997723036e+00
1.150346101482445649e+00
1.309370782852204318e+00
1.532985137961703881e+00
7.722611919744465370e-01
2.795504095873847739e+00
3.477975188113525018e+00
3.382178362523285742e+00
1.402827408783344332e+00
1.667651432233019815e+00
3.303196467041218831e+00
4.430551553456507641e-02
2.230291526595417295e+00
3.588279943042456122e+00
3.129950215959496518e+00
5.155719504318773128e-01
3.758510850777303069e+00
8.378709911289056178e-01
2.464426649008937265e+00
3.958148789129722900e+00
1.902210832068212953e-01
2.083080784449306222e+00
8.220407209352686984e-01
1.687259400223840577e+00
1.294509777419599050e+00
5.844376564447367750e-01
2.371039179967806554e+00
3.565862842217413675e+00
3.487170352528001338e+00
3.856886079634310072e+00
2.796580985984550516e+00
3.584646722452868861e+00
1.808737378603716417e+00
9.817571397528462862e-01
6.388263117212100717e-01
1.973748525791378938e+00
3.530461962162188883e+00
1.972373235727868490e+00
6.126454371108380759e-01
8.823533469019956277e-01
4.571002513217027996e+00
3.384697939117721432e+00
1.839935637926226608e-01
4.880610291780550725e+00
3.552498452902330683e-01
7.373212401205331279e-01
4.627072795972736463e-01
1.753452754531886759e+00
5.511769466290933339e-01
2.348620854638230337e+00
2.846816808100510521e+00
3.565554380719603067e+00
3.378080910551538807e+00
4.062861383586405140e+00
1.922279987831607695e+00
1.704834226127596164e+00
5.356250911060805864e-01
9.163152560071868846e-01
4.313678280183241398e+00
1.586906821032754156e+00
1.215820179096058773e+00
3.463655928321784927e-01
1.513645022932372797e+00
3.757601673689331179e+00
2.895040823336158642e+00
5.071668515573696245e-01
2.986532351349439729e+00
2.547637190742006563e+00
4.822730414965504586e+00
2.756566951633450113e+00
4.786735374150880018e-01
9.207188857483772360e-01
2.878171715953775633e-01
1.918729820084438931e+00
3.634866512619759238e+00
3.806363706649870338e+00
3.639111851332328396e+00
3.290833134134207860e-01
1.422603342399604287e+00
9.974240287426938689e-01
1.813838435384538261e+00
1.865434106463483399e+00
1.197157045483486115e+00
1.435307466571400070e+00
1.152499215015774681e+00
2.202299588458938029e+00
4.677563222872784365e+00
2.464134967273990284e+00
8.839295996428558899e-01
1.072378452367070967e+00
3.024517175317931184e+00
3.850127346661076366e+00
1.047240291342478979e+00
1.050430563124751249e+00
3.389970482061896551e+00
7.877775270425713128e-01
4.125112018147766513e+00
4.742934319592568393e+00
1.212633155297094811e+00
1.505243102321643933e+00
4.815379257901368781e+00
1.289396609191695298e+00
2.116926602753717468e+00
4.964936312001219321e+00
3.961265742665693868e+00
2.444506007270027759e+00
4.901362234681069907e+00
2.390638749681229136e+00
2.404985290043330615e+00
7.240687398827827526e-02
1.462106879692048889e+00
1.558931587608983760e+00
1.221651383668981294e+00
3.793238421110566527e+00
1.119993582794550635e+00
2.247759784564534069e+00
4.342838946366248898e+00
6.261933731834307126e-01
1.627128316604665059e+00
4.856601521786539699e+00
7.521192701539614056e-01
4.248932177418216938e+00
4.666907681326238233e+00
4.316480064928004623e+00
2.235709187997044545e+00
2.341109689217024670e-02
2.960273430702327513e+00
3.252136930058062703e+00
5.422457030987670734e-01
2.372400150413833231e+00
1.374596716373067684e+00
1.365810403808582318e+00
4.904091147786063587e+00
1.732743067822186234e+00
6.023984160281903311e-01
3.787625304727888054e+00
4.352754103611444769e-01
1.957850569941952390e+00
4.176906591144071257e+00
4.119101304876664038e+00
2.030847067745507051e+00
3.620309696556837764e+00
1.722629668292375182e+00
9.584967238196340222e-01
4.413207357822588328e+00
2.073426970598479357e+00
2.036226422720201601e+00
1.056424971830798754e+00
3.062792234669873714e+00
2.420436045581836337e-01
3.578732657256642025e+00
1.822795275267627968e+00
1.112891809679048993e+00
1.023477788339263173e+00
4.795161986165132895e+00
1.403488769529887659e+00
4.268803914018068468e+00
2.159936289581050328e+00
1.556422980041736182e+00
2.828946368210626616e+00
4.885376207253588898e-01
2.126741257289556764e+00
2.381812621808727215e+00
1.126093145433187948e+00
3.929170479660204496e-01
3.597688906655116980e+00
2.165052407037250770e+00
4.343397885055692242e+00
6.315058207565688031e-01
3.875948917173755337e+00
9.835869826659254800e-01
3.295998526324707800e+00
1.032909423173111296e+00
2.689798017189736878e+00
2.512263779664247743e-01
4.196489228550166928e+00
1.660753903153534550e+00
4.689520436667478975e+00
2.919722055513123138e+00
1.916120813214773344e+00
4.034024296958758526e+00
2.417702237273786192e+00
3.666759960946579966e+00
9.798640516719669957e-01
2.723492858080663215e+00
2.954351754169687982e+00
2.711490053022449942e+00
3.560394632933674419e+00
1.919987687387594733e+00
1.144171017513897048e+00
4.863253903395733602e+00
7.251317055524775235e-01
2.877598987675593634e+00
4.234439244717551176e+00
3.327457864068428250e-01
2.620717538484488962e+00
1.373950969165805835e+00
1.065329565984154403e+00
3.533668507989844887e+00
2.475928040878041969e+00
4.215162695367075330e+00
6.273125018748543225e-01
4.901067759816901237e+00
2.595823379781592166e-02
2.486726456687540221e+00
4.685538538261050157e+00
4.859122336859384994e+00
1.426745152665123140e+00
5.584960635380165073e-01
7.983458669119442019e-01
4.324867258517463675e+00
4.605546139339555367e+00
3.366005369795664226e+00
2.464630313825144636e+00
9.007482726925475358e-02
1.729380070882327036e+00
9.812374654863526002e-01
4.231020477411113312e+00
2.510222667988931677e-01
3.024511236112856327e+00
3.656484038842373163e+00
2.085963322367883066e+00
2.892161125841853142e+00
2.686663054400468376e+00
3.539396484044565305e+00
3.435689604267436081e+00
4.407666525960335591e+00
1.553396471609160390e+00
8.946420879153116346e-01
1.150345879652955983e+00
6.403833638584721655e-01
4.975216083812079582e+00
4.420637577920027983e-01
2.422386861812225067e+00
3.124070872806161248e+00
1.472952527602605644e-01
8.577699232690438880e-01
2.560434528988930314e+00
1.887804310530378782e+00
2.055004127432502603e-01
3.969863121279798790e+00
1.073221432551502152e-01
3.065880295749331630e+00
2.891531295915744648e-01
4.894984979554697802e+00
1.477878439136870448e+00
1.038200286105540604e+00
2.771791434348387373e+00
4.548940477293067275e+00
4.697095336378515285e+00
3.163655553077682203e+00
4.221607711911287808e+00
2.821397981084532880e+00
2.971744751533541340e+00
3.341094685214063276e+00
1.797195816464729035e+00
3.225758625627989762e+00
8.138961239087827426e-01
4.999078269021465459e+00
2.087075287970043380e+00
2.321660410646782413e+00
1.305997236668315908e+00
3.298949934624961777e+00
9.837980691246489551e-01
2.653835970898650309e+00
2.103933105884792099e+00
1.003698306914385663e+00
1.038487738471729038e+00
3.455013492231057137e-01
2.531525300415786717e+00
4.654525453671918278e+00
4.365425718422366597e-01
3.322166929084447773e+00
3.199039947448024890e+00
4.336875253327719726e+00
1.446291662432819258e-02
1.520938136869198765e-01
3.235864901994452758e+00
8.191000596353220642e-01
2.147532294802327435e+00
9.294021198092639047e-02
3.275655482676240737e+00
2.086815097532776164e+00
2.604166985051006300e+00
3.842246364270576198e+00
6.454249703368908353e-01
3.576897913154890585e+00
7.671869407852593969e-01
2.037500673878938073e+00
2.466906061767737857e+00
2.548608646165119840e+00
2.979967006659681061e+00
9.391035553055149254e-02
2.950629017839301316e+00
9.738895880353043433e-01
1.625501563639562441e+00
4.840930112471331093e-03
3.193887714273812684e+00
3.032502460130315214e+00
1.218637681657275262e+00
4.755015815131998558e+00
3.894628000899216680e+00
4.156370389783544006e+00
4.385090743684227910e-01
4.035883300791139661e+00
4.171634784391893724e+00
9.533215143982470829e-01
3.262799202622606476e+00
3.251725816187344797e+00
1.083459760995836296e-01
2.553591969047974697e-02
4.394613520161862574e+00
5.670916254365748754e-01
3.133077192863498173e-01
3.811109382949900315e+00
2.491571426419791901e+00
3.254251028588596384e+00
7.333888487548767543e-01
9.199101449576280176e-01
4.809235643002678806e+00
4.761787386752015294e+00
3.191680544037174272e+00
2.196503176947588454e+00
1.580774532538672394e+00
4.971282291556348376e+00
1.051871879250481090e+00
3.480787987328665345e+00
3.954023264104772117e+00
1.734566887207223296e+00
3.509196330783373341e+00
3.740696022943837740e+00
3.491315066182469451e+00
3.011398372100942300e+00
1.484559743811963539e+00
3.773821041045454017e+00
1.945872322223471507e+00
4.111690808887468407e+00
1.826857144075653139e+00
1.150940266596678363e-02
9.225176702634135806e-01
2.697713141611384202e+00
1.312325909544486802e+00
3.911416778709626119e+00
4.338502056074854174e+00
7.519018526307769124e-01
2.742360565892894453e+00
4.771537299538158861e-01
4.827182267320788256e+00
3.765777736726996228e+00
1.966085576214985364e+00
4.902139209136107567e+00
4.634800996067962586e+00
4.889219709939230718e+00
3.851278046444990721e+00
2.365268796949565377e+00
3.728227205351025475e+00
2.584916758467665332e+00
3.601357391006600572e+00
