3.977856335787723463e+00
1.082703403655425500e+00
3.110082982083499203e+00
4.874960139753506283e+00
4.271797061173998600e-01
3.624515117692395094e-01
2.680630503067766846e+00
2.366941566373625960e-01
9.528091744542166452e-01
4.288515998100235649e+00
2.751641510554776016e+00
2.829940979345257013e+00
1.133066847061414695e+00
3.544363648912903564e+00
2.433735866409137749e+00
2.835501792345118677e-01
1.272665472775264650e+00
3.063468270415197203e+00
1.166229394325380975e+00
6.500243341478051384e-01
8.202498433327820582e-02
4.454941060413111664e+00
1.818273489845835922e+00
4.687469440431463852e+00
8.969374308997185574e-01
3.498195898878298404e+00
4.700174944204703387e+00
1.512063670179722319e+00
4.479060378770227224e+00
4.151953337074333561e+00
1.239667857013682539e+00
4.800368447477834977e+00
1.839627477537508771e+00
3.481290181438954523e+00
6.230770548230191164e-01
2.352552184448149397e+00
4.112920447915907829e+00
2.366361050829466350e+00
2.029118206413854431e+00
1.247019777724015510e+00
5.288693174104175387e-01
3.697463218139440233e+00
2.860513462527556339e+00
4.155828332372911937e+00
4.426224020994108166e+00
3.701625160580165108e+00
4.261660679049786182e+00
2.271002835187449609e+00
3.933326606903009282e-01
6.100348986869780221e-01
4.375698161078677373e+00
1.296923492712849235e+00
1.626740500305452919e+00
2.439043319080452132e+00
1.791962458403234537e-01
2.527085909599191549e+00
2.221086871543469954e+00
1.950448954428618542e-01
2.118616590940348487e+00
3.712786685541862752e+00
3.317586796806079708e+00
7.940179805930425161e-01
4.081938918262528304e+00
1.579746672040123645e+00
2.748938753193657103e+00
1.512731770958890554e+00
3.706171041943395306e+00
2.620930910697611971e+00
9.278395539033240658e-01
4.901485519676151981e+00
3.809798129849038872e+00
1.328821293534192538e+00
2.619340848350786732e+00
1.199656918037495412e+00
5.831804041377530723e-01
3.566880217813113596e+00
3.502467839654479054e+00
3.532403473707454555e+00
1.523503484351501625e-01
3.999708562379132637e+00
4.461721760855104968e+00
2.088445100953061129e+00
4.555658199565018052e+00
2.983112313624919354e-01
2.018402768440727968e+00
3.851020718508011420e+00
4.502437123174431122e+00
3.277006476615440533e-01
3.763283003227470669e+00
1.914684328027385085e+00
2.299159873640386653e+00
1.204431945205204801e+00
2.769578903033965922e+00
6.529641310336892213e-01
8.729885511465107495e-01
2.064987247405186022e+00
3.257025590057728959e+00
1.915700093361089040e+00
2.332792629142704799e-01
2.144458400618760141e+00
1.443550007026188187e+00
1.575902260367132879e+00
5.523187960686182230e-01
2.276137076236356194e+00
4.648529209596580891e+00
2.579350222646787039e+00
2.423053503978220835e+00
1.759129437691666187e+00
4.866845615972888339e+00
8.953047289958154797e-01
3.711454529946778713e+00
2.510687313094408957e+00
2.057912797283784068e-01
8.222441277280650995e-01
1.233681765812155717e+00
3.561023996683139181e+00
2.010722131066996710e+00
2.247450203278292591e+00
1.051100862259958912e+00
4.823417865127796134e+00
2.003704100974784907e+00
4.886246095430831105e+00
1.502849724926245134e+00
3.045645915084424615e+00
2.419089734418907067e+00
2.055651941924622861e+00
3.838599971691932122e+00
4.362997507466140235e+00
4.657879268382469462e+00
4.872369447737747272e+00
3.735272914724933280e+00
3.446174675119404007e+00
2.022708620156221659e-01
2.176090573635845349e+00
3.647527990717670754e+00
3.960690120644570378e+00
1.060488157331913595e+00
4.407365326081267298e+00
2.430981209762328454e-01
8.823528312637662907e-01
1.577265989255340450e+00
4.968098709140217117e+00
2.535284206500623139e+00
2.127886906366198261e+00
2.967983425468862624e+00
4.066532545391019937e+00
3.778525520488908995e+00
3.423907709460207283e+00
7.564591035987405787e-01
2.333256726629711508e+00
9.081017481716635587e-02
4.139724306944803978e+00
4.452455480941980070e+00
3.006558103281933736e+00
1.231756925048060891e+00
3.581886206604234069e+00
4.138683422952350810e+00
3.447549080723977255e-03
4.045121630970238691e+00
5.882154565160602200e-01
1.101947819947425300e+00
4.064430000965693068e+00
1.790764930094605578e+00
3.533880749629835893e+00
4.714157478134129775e+00
3.731828072311085709e+00
4.434900135607869665e+00
3.088599690481269811e+00
6.047518855675471094e-01
4.343551575007210452e+00
1.855294073174587055e+00
1.150283763498447076e+00
4.257514592957741151e+00
3.017637774345507395e+00
4.209384927633189832e+00
1.211017127793743153e+00
4.170447750921416841e+00
4.124155557205322342e-01
2.472644921865629897e+00
3.764565179249219629e+00
1.209240513034527398e+00
4.812855039153637549e+00
2.302751671971017711e+00
2.923201662943569756e-01
4.745767409132294112e+00
2.256289810862910361e+00
2.010600200947540550e+00
1.707568494072246867e+00
3.179900382518692226e+00
6.554714651827175942e-01
1.156805975677608345e+00
2.230586445944871876e+00
1.402558993801822362e+00
2.005270018776745822e+00
3.358647478806733311e+00
1.086563591455942390e+00
4.428430392195788379e+00
1.671960142451874187e+00
1.077158319774396578e+00
3.807241568461661618e+00
1.721870823285592822e+00
1.317725832329878610e+00
3.879387963035203057e+00
2.235108753844101237e+00
3.993544812905713837e+00
3.978066286794190720e+00
1.259194310673191763e+00
1.427685585671906177e+00
2.499027063168635099e+00
2.795039867729070426e+00
3.013915294569744052e+00
4.472333524067922284e+00
3.766192302220292998e+00
3.473830115720293321e+00
2.457159349857555242e+00
9.411281574920488113e-01
1.203685869901077732e-01
3.743613738557453718e+00
4.621344090854509368e+00
4.547065810194085067e+00
1.847702054964577290e+00
1.218109696002013909e+00
3.082193729965053031e+00
2.536319294209277597e+00
1.555920580326192848e+00
3.391390029977332077e+00
2.262801571218453045e+00
2.519337814204010151e+00
1.706300450096729371e+00
1.839799840969599254e+00
3.065365945163220918e+00
4.476857077040125032e-01
1.775432937450360793e-01
1.692720640416340405e+00
3.634064330237043006e+00
4.548004866726781614e+00
4.131075841303927021e+00
2.389292085206201621e-01
3.882423647001069344e+00
7.838771329290500356e-01
1.516659790498722682e+00
1.082415866155862494e+00
2.277283487585785693e+00
3.920736627928139040e+00
2.335813993582100068e+00
1.972845555869119361e+00
1.708790670830539593e+00
4.310007578809246453e+00
1.374639522528509517e+00
2.182662785822086615e+00
1.558105936371689371e+00
1.222925056517883302e+00
3.989147148676215338e+00
3.349728854958402557e+00
4.543793374736248225e+00
3.774098907029961314e+00
3.192511432139839567e+00
3.200753128621893762e+00
2.530007548831753050e-01
1.560268140081488841e-01
1.992781486055413165e+00
4.619553581305505752e+00
4.043015276699863492e+00
1.065636105423459323e+00
4.112262979199505786e+00
3.692237665863784546e+00
2.771747481800435065e-01
4.168896234106927778e+00
1.020295449824950573e+00
4.837909155896093161e+00
4.364617191838803478e+00
3.619070961112733187e+00
4.204491256634637963e+00
2.124653410725180880e+00
4.961973945577964784e+00
2.144967353898780127e-01
4.179748281087347195e+00
3.627847395229162331e+00
4.460621650269533944e+00
1.187727555558170778e+00
8.092444306618845618e-01
3.163314999206867650e-01
2.098929445719733167e+00
1.510688108662708196e+00
2.983989318832642290e+00
3.492013939360878449e+00
4.031562533226829004e+00
3.608739502269560973e+00
1.226342661470806839e+00
3.155405674334063271e+00
4.418917862934451435e+00
3.413963377562941215e+00
4.199108238064837906e+00
1.251551174993831284e+00
3.529690334154955256e+00
3.476320397819431918e+00
1.515365010035762960e+00
3.469167621686122693e+00
1.878083210239360312e+00
2.929060188317929025e+00
4.881653492428300822e+00
2.320281603811697124e+00
1.976721744026265881e+00
3.138783967426449273e+00
5.878648650118828423e-01
1.046699923377926167e+00
3.886664678816197593e+00
1.530124509238513397e+00
4.613980064255045477e+00
3.354649008647221375e+00
9.539015590285526702e-02
2.919707758992946545e+00
1.184274080387122119e+00
2.500698236104143213e+00
1.844748519618150784e+00
6.124066240474318468e-01
2.565127482180891594e+00
1.255759489734319390e+00
1.319381698903276945e+00
3.350519598812136124e+00
4.078173519095895649e+00
1.575237169658032510e+00
3.224890021674180929e+00
3.536732144302082936e+00
2.593192331601102296e+00
9.580258547226000454e-01
3.181543273012099160e+00
2.787211443897528174e+00
2.553136735983334127e+00
2.894074654688183479e+00
2.331069685030829675e+00
3.022110594481035584e+00
3.543516749027410651e+00
1.073726012417179465e+00
2.767696320000911925e-01
2.916194301403473688e+00
4.130456596975782269e+00
3.525929133048133046e+00
4.081888121442730721e+00
1.637535635218371866e+00
2.051648718707157926e+00
4.823771855137498399e+00
3.155119119936699690e+00
1.940617128008508274e+00
8.628828394999427109e-01
4.801716281486190674e+00
1.551456750763721804e+00
3.654038197960168155e+00
3.508357580554562372e+00
9.087103080177438841e-01
1.681503602704151223e+00
4.805277052279596894e+00
3.797910861389853565e+00
2.654346792332525240e+00
2.623500765789180011e+00
3.310908156381025869e+00
2.636768036900140721e+00
1.740041275370316942e+00
1.940053798012593589e+00
2.354349002406951996e+00
3.899121867624194548e-01
1.788259098299941341e+00
5.399690348857177913e-01
3.198757822549938012e+00
4.844827693912910682e+00
2.810456055882354143e+00
4.218295547533791989e+00
4.237689998094290367e+00
4.331715358509307556e+00
1.743194223804794829e+00
3.940075756512062544e-01
1.338407961857194906e+00
8.270880384892120851e-01
3.547999731101375565e-01
1.051010026887693627e+00
5.451651857305062077e-01
2.868450389936167078e+00
1.331961412954563162e-01
1.996786658662969005e-01
1.217948276345092840e+00
3.767266628508443294e+00
5.444116722942649034e-02
6.375363763398012029e-01
2.609169175893199188e+00
4.643091727132083513e+00
2.199011879160790439e+00
4.508313634423991800e+00
3.366794347546837152e+00
3.005431856508218758e+00
1.108799260553749555e+00
3.187239946570467275e+00
4.576141745494161306e+00
1.148533284650191000e+00
1.561607149023318986e+00
1.560518402229016388e-01
2.898499415010793001e+00
3.035892812018125220e+00
3.510469366806756586e+00
2.578450369093376882e-01
2.669475010136145521e+00
3.464125114452101695e+00
4.230902971644715294e+00
1.710063312907335487e+00
2.714538710297747848e+00
4.678582916282660875e+00
3.488109593154906207e+00
3.536475809213428967e+00
6.116742602892538683e-01
1.782261974685951378e+00
1.856618910853469639e+00
2.917284690209611231e+00
3.194017521199720822e+00
3.130790717186206606e+00
1.619868991955939919e+00
3.396613110940571278e+00
3.895210142133572973e+00
2.804369541399633459e+00
7.432767814853169508e-01
2.031017113079723657e+00
4.370497249154329467e+00
5.111359716899843697e-01
1.066825091304313577e+00
4.252928636435612475e+00
7.082372197520653279e-01
3.414749496857896194e+00
1.250135730017252200e+00
4.738389060069361669e+00
1.070660643948075474e+00
1.615593527050490641e-01
1.056218012287303276e+00
2.809293632683511177e+00
1.353716815030338028e+00
1.020747755962387870e+00
4.740662637020099268e+00
3.282491611493302930e+00
1.263756335111374529e+00
3.477944636601971062e+00
7.393348822066858617e-01
6.576839174442816738e-01
1.024995390513923521e+00
8.399441082645903167e-01
4.201488105680192042e+00
3.158496803333660230e-01
3.131461135678081487e+00
2.690731913422173438e+00
4.432056849938569520e+00
1.149521253752045613e+00
2.800594620620405761e-01
1.283634274708498779e+00
2.899784024399003624e+00
2.279164757672986319e+00
1.814274336316991088e+00
4.150967325982383826e+00
3.786984239519339379e+00
4.767393552001371937e+00
2.690970137279562024e+00
2.313293587301601395e-01
4.888662098943690637e+00
2.073612946268155621e+00
4.196041706773066871e+00
7.696577432393963969e-01
1.381324103485768173e+00
2.180181097847891269e+00
2.694474701177738130e+00
3.081471922339825031e+00
3.805784056379890590e-01
2.943196144460080710e+00
2.233839461342534971e-02
4.793186891739774858e+00
4.281530896444253997e+00
5.075998236428552746e-01
4.378835283561381075e+00
2.926396468324360178e+00
2.107747765207009127e+00
1.814668265391335300e+00
4.122972901742262053e+00
3.823794834975082768e+00
5.736653663619567523e-01
3.004526924459564707e+00
3.141559496278265584e+00
2.916409553943135169e+00
1.561515819783231285e+00
6.567288140426535969e-01
4.965728936163770868e+00
3.716293173136231864e+00
1.067565720459705547e+00
4.508515343500441030e-02
6.768580174497251800e-01
4.572911802393447855e-01
1.340782951754149188e+00
1.740951299951978282e+00
2.124923299468392646e+00
3.789498121985564350e+00
4.197108743379118767e-01
1.273514592965718784e+00
2.157373633550346170e+00
3.887227871424487891e+00
2.316814681554419053e+00
4.559224097290378808e+00
4.160802648286688665e+00
