6.938108573988138739e-01
3.880414214927270233e+00
1.362366936299592268e+00
1.228938999972767343e-01
1.957333410683392394e+00
7.624521362102620881e-02
3.694064321651560512e+00
3.399501543218709010e+00
4.580483605892316845e+00
2.563843745895823645e+00
2.727360391463922173e+00
1.965156699027449383e+00
4.005959455756691767e+00
3.911750143762931842e+00
3.372307722055401413e+00
4.563101976155134132e+00
1.672437094539533486e+00
3.341775400896374926e+00
2.402843180055176830e+00
4.476730728777777557e+00
3.553155576427348805e+00
3.002035911814892266e+00
2.663252346067488840e+00
1.455557620135088825e+00
1.716362266063028441e+00
3.713006898638615105e+00
4.920026914072779256e+00
1.566316828145784434e+00
3.003122018650319358e+00
2.976915876972697994e+00
1.425122372837925866e+00
4.850987641469778344e-01
4.118768979948440823e+00
1.243825618286213963e+00
1.170440426554443247e+00
2.337305137085594620e+00
3.376656445280365570e+00
2.095615128047709330e+00
2.852960134981171514e+00
3.054359683566634676e+00
3.438920961942350640e+00
1.423426370192840018e+00
1.876852245368425098e+00
2.226731490789726653e+00
4.122030961330197307e+00
4.195309166406729240e+00
4.999306764177598339e+00
3.525837750439003715e-01
3.769550043337712708e+00
3.933159175960941667e+00
8.284444034022536707e-01
4.765055184058407889e+00
2.996767135239345237e+00
4.270289953420750351e+00
2.626850425753850082e+00
9.585221602757471038e-01
4.992958338287561970e-01
4.191006458838985260e+00
1.294544885522250333e+00
1.903706708170951778e+00
3.396542623816256601e-01
4.176218888982853095e+00
5.067146448588000229e-01
1.391534176271361778e+00
8.315439912431721314e-02
2.878313096157242956e+00
3.894027751702679119e+00
2.727226011713810738e+00
4.803637554314006408e+00
3.383338425616517320e+00
3.719150989073999547e+00
2.186481396171451763e+00
4.499999258556536930e+00
1.921152217390422745e+00
3.860661268988007322e+00
7.277033852071385089e-01
1.893104920826209181e+00
1.436783924369804399e+00
9.354575393572261977e-01
4.839728712166259328e+00
3.152121197618279469e-01
2.672501555989471811e+00
4.433313228047053300e-01
3.243695919767602964e-01
3.271720552717816588e+00
1.790063179500029911e+00
1.268856762459570353e+00
1.502531186719138212e+00
2.810977536040624170e+00
1.779251498867647108e+00
2.990994640121370729e+00
1.505826701083525787e+00
1.403525553169751472e+00
3.930171040287719908e+00
9.304536195124113451e-02
5.434660659383550030e-01
4.594481083613443317e+00
3.278763265948226202e+00
3.297068202565157868e+00
2.340995128407380443e-01
9.296442177688313269e-01
1.685199661237525959e+00
4.854905092703019065e+00
3.724645382525809900e+00
2.449617759793093485e-01
2.743181640102827945e+00
2.163006301458943348e+00
4.311608038292398248e+00
9.149123766093947285e-01
2.682514348907647950e+00
3.892402663948370645e+00
1.440667337701631023e+00
1.031188407631670856e+00
3.732730900551220365e+00
1.709938674089594990e-01
3.242704387786514708e+00
2.260356819806201401e+00
2.354344763770424453e+00
4.379403017317402558e+00
2.293079291195876390e+00
3.129810303299737306e+00
2.067262122669266677e+00
4.644528723851093055e+00
1.007785835832770260e+00
2.560602419694287590e+00
4.975311208025066989e+00
2.552048522975136624e-02
9.591985520804668930e-01
4.901974026379548377e+00
4.213283225049075931e+00
2.362707162325504484e+00
4.727778402092981835e+00
4.512762693088984145e-01
4.139459695165353281e+00
1.205041319560018032e+00
3.036470015050735771e+00
1.130432887054874769e+00
3.387949999355197583e+00
4.932100598284085535e+00
3.436043036226141822e+00
2.659572752621700786e+00
3.151764062251393383e+00
2.182762238521111620e+00
4.594255950083404372e+00
2.910666054399069225e+00
3.353815858266329997e+00
2.968354329302536065e-02
1.232131831308576064e+00
4.421714600627359104e+00
3.877031663585539523e+00
2.978186249656851636e+00
2.106380312225083706e+00
7.235318486311342889e-01
2.636522256062823200e+00
4.468760181656522557e-01
4.861420363038375214e+00
3.801852420889071382e+00
3.451092819799796541e+00
4.992663525893831000e+00
1.696530280004440172e+00
2.554115793873227958e+00
1.924148273855375013e-01
1.991495246333665481e+00
1.527202020138521021e+00
4.894243416393742940e+00
2.508010613995998561e+00
1.169002025910830689e+00
1.081713453377235901e+00
2.373128357730193816e+00
1.556398727662578363e+00
1.627444579789480539e+00
3.685318377152279723e+00
3.275145809108194861e+00
6.696189568599414388e-01
3.410503848412999028e-01
4.727673816158659115e+00
9.846735556185770566e-01
1.556238525873436362e+00
3.363226188571559749e+00
2.586940100697691314e+00
2.813097691636842868e+00
2.798926393277807012e+00
9.975692780548650607e-01
1.833579034493731941e+00
4.735555836945729347e+00
3.974372493937843309e+00
2.763799440759836301e+00
1.553940189511224368e+00
2.766008512355227378e+00
4.923716054987803403e-01
4.427364968095359288e+00
9.434185475367501406e-01
3.842249376540056272e+00
1.725822387792604884e+00
2.175205022255455312e-01
2.091823595830537563e+00
4.462992077094319221e+00
5.165293705415990866e-01
3.170530122626916025e+00
4.601254719124582948e+00
4.059547112120757362e+00
2.560734686693899587e+00
1.073754284737291176e+00
4.583560120510129288e+00
3.046729352668448021e-01
2.250896645316491362e-01
3.734171909844985482e-01
2.902387186699844079e+00
3.410089385336395829e+00
2.393207449394658237e+00
1.598411554520452471e+00
3.269406584988778341e+00
4.507738988117532486e+00
4.786105321623360886e+00
1.352201134113334424e-01
4.009354343730713310e+00
2.504773737588361637e+00
3.356646106967871024e+00
4.517026691094925717e+00
3.808687012539784700e+00
1.810297022195205940e+00
3.619205106892255941e+00
4.867589715518056082e+00
4.925602366095046314e+00
1.588051303411092796e+00
4.663738400358679037e+00
3.622416925184709591e+00
4.675455966933331986e+00
2.268619493764445494e-02
4.091583381189208168e+00
5.270582914435978372e-01
2.532006074839227017e-01
2.883355684756745418e+00
3.338397579126541892e+00
2.523311379122729736e+00
4.729896261668059765e+00
4.690763224659839636e+00
1.953984217982065896e+00
4.046913861671917800e+00
5.896438375008467014e-01
1.937422518837777385e+00
4.471220233262455324e+00
1.976584046346173018e+00
3.828974174041452905e+00
1.007922279247129849e+00
1.319374655000671304e-01
1.904710750253133078e+00
2.538835686855199114e+00
3.806440205528658360e+00
1.747586950141264417e+00
3.244421327830210977e+00
2.743620710905299465e+00
3.764596535342394468e+00
4.749798680710860310e+00
3.145420957494479808e+00
2.096834298117853379e+00
2.853066271171305068e+00
4.240855744789292281e+00
1.224271864565686485e+00
4.488682370615769024e+00
2.681678417970330575e+00
4.701776366702381527e-01
3.451093237856151852e+00
2.876681458723473028e+00
2.460065119955440416e+00
3.411018238736918562e+00
4.143218846033952296e+00
7.722575189848818189e-01
1.364393076265326243e+00
1.396934152862440159e+00
3.825743329342579546e+00
3.059596971267605880e+00
1.449113646842460357e+00
4.284434443135568316e+00
9.003760122670856347e-01
4.467693630343360311e+00
4.762162866939510408e+00
3.567613451268290437e+00
2.021662761560288235e+00
4.952098332029643224e+00
3.768130243085447084e+00
4.726086982921120949e+00
3.857400849491895656e+00
2.415047810832646746e+00
1.785714618633977402e+00
3.289998519763531748e-01
4.294407255895832387e-01
4.799489133518186623e-02
7.801811756612886395e-01
4.037152736726645763e-01
1.996160096456456312e-01
1.407246437678637996e+00
2.619427161937733395e+00
9.993921419013268581e-01
4.202831212472690758e-01
2.727826244748270401e+00
3.795416928773200915e+00
1.351816440372032302e+00
8.550988313083007775e-01
3.728647124500005461e+00
1.556377649304951483e+00
3.473578306240731273e+00
3.186183728622825839e+00
4.317204594660734251e+00
4.047330607028897020e+00
4.405114944140501088e+00
4.051366148157780955e+00
4.766260341226475461e+00
8.931263303193909264e-01
2.680974895871073294e+00
4.678213307645567864e-01
1.884570296228509356e+00
4.511637974710514420e+00
1.508814417259501939e-01
2.509448231250126504e+00
3.493722609844962523e+00
3.219513482857244924e+00
2.841263190152365947e+00
1.396518537370146085e+00
4.282260984453564845e+00
2.073118008328617146e-01
6.629277446141140784e-01
4.494249445285222855e+00
4.844845836631143321e+00
5.236787738868708963e-03
3.961620748984905127e+00
2.639380747826123308e+00
2.686575849792727677e+00
2.579895065374482321e-01
7.741555327548121923e-01
2.008881762145888761e+00
3.328863018729655288e-01
6.590229924010804208e-01
2.348066711350437430e+00
1.442526615575367988e+00
4.534331990341647689e+00
1.216580649586901375e-01
4.675155910481846533e+00
4.104788644052620228e+00
8.560238664548708298e-01
3.563424116629938521e+00
2.357203867510184736e+00
1.935453821076899006e-01
1.123108690252261344e-01
2.400967714541402120e+00
2.618028958524299288e+00
3.123086672062257207e+00
3.545146567779222657e+00
2.455905240448649884e+00
4.266322543946174939e+00
4.134854939034143584e+00
1.524207085600789435e+00
4.483798400594857014e+00
4.470204501267072139e+00
6.654585099844534390e-01
4.181368428355361822e+00
4.496957319176717149e+00
2.181718534453986003e+00
3.345284120963899710e+00
1.706097132752149026e+00
4.820654486062799116e+00
3.705083230870176880e+00
7.488479514458395991e-01
2.063504561377058177e+00
1.437727927468784861e+00
6.977485012429035516e-01
3.639956499788777222e+00
2.639107030648648600e+00
4.084633101367592722e+00
4.882216113915617051e+00
9.117126715325035713e-01
2.879099216997842436e+00
3.086295950902465890e+00
2.792486581652993571e+00
1.837385286941757290e+00
2.325685839683076850e+00
4.551584443574543393e+00
9.742796872025155652e-01
1.818554845993571423e+00
3.557499332001463177e+00
2.743240698556531632e-01
2.507018464756631815e+00
4.654861489721123569e+00
2.776530749369517270e+00
4.394487196006694241e+00
6.029253879870283273e-01
3.072456338011255728e+00
4.090209075207185130e-01
1.078655872894858092e+00
3.977064968563295277e+00
2.930410891829379416e+00
1.237904052238425923e+00
1.241309326721200090e+00
1.034569924946838748e+00
2.540869518445706632e+00
2.448172864293629125e+00
1.086797050621465921e+00
3.193333120135084080e+00
3.753812197257497374e+00
6.581090616446877428e-01
2.507579517529078927e+00
1.678111701756422214e+00
1.377513076706593065e+00
3.679524124801687890e+00
6.254731261295276568e-01
7.512710232924596498e-01
4.160024163438693634e+00
3.438827026332767822e+00
3.127700923448478054e+00
4.515341390677106936e+00
1.999266059975165488e+00
3.255497922929171395e+00
6.660494410260986431e-01
4.506903468274100710e+00
1.772962860240264060e+00
3.103278018587798837e+00
1.721112029172576774e+00
2.215413765813422753e+00
4.909363475096654383e+00
4.201720414633467016e+00
3.696262571829904253e+00
3.541858556674490011e+00
1.486730702151887851e+00
2.385825994090585489e+00
8.622400148318293267e-01
3.205557264750840130e+00
6.703546340882238219e-01
1.564742042724411419e+00
2.211155765119488414e+00
1.788899516311320825e-01
4.978099063958135728e-01
2.755198667182400030e+00
4.273856788828162223e+00
1.757324130091203473e+00
4.010533673988688541e+00
5.454815218463987536e-01
2.557451905553263405e+00
4.030123317822255302e+00
1.753868611126438548e+00
4.731141200896458621e+00
3.592367346260398442e+00
1.765760330694723379e+00
3.863423165035740237e+00
1.415572938262005920e+00
1.560417616471941882e+00
1.973882902849899423e-01
4.080120143289457602e+00
3.573351193484943344e+00
3.119403290226728132e+00
1.787121845869397152e+00
3.503199251976280015e-01
2.692725949063458302e+00
1.851418253729163466e+00
1.857857270244894776e+00
3.104212910732062181e+00
2.094187699434588268e+00
4.801003658691593401e+00
1.651923148767309169e+00
2.050764840076686468e+00
7.452661938800542174e-01
4.519070084026264311e+00
7.842035780499156949e-01
2.286987183845067939e+00
2.773401943433279726e+00
1.606587583937695296e+00
3.041350543149199837e+00
1.920747040707356135e+00
1.816225259157144833e+00
3.655777609335096656e+00
2.933458113599843209e+00
1.025333704924831224e+00
2.599187371140438074e+00
7.675695390403625140e-01
2.589523344541330818e+00
3.689510116195592992e+00
2.771922235804308299e-01
2.585780116230058656e+00
3.008120886943217442e+00
3.092041950724761179e+00
1.541004251747790654e+00
3.806503980562441214e+00
4.471948194266661680e+00
3.959186609242518085e+00
2.493999968979655257e+00
4.075898616335779323e+00
1.583174100779555227e-01
2.798820401006914871e+00
4.630322087155481547e+00
4.994177993528491122e+00
8.119614335822550322e-01
3.508874751111302093e+00
2.019389411435247084e+00
1.192391085874900947e+00
3.652936815256849101e+00
3.364168625447507832e+00
4.766667548082185846e+00
3.538273514185061419e+00
3.975250684413644819e-01
2.447766525127779591e+00
2.923479807022743682e+00
