1.638623025433105784e-01
3.899555700916210288e+00
2.516757739283143058e-01
5.764964571998415499e-01
4.415911512633968528e+00
3.843961848710564233e-01
4.222574056960551658e+00
4.916148465298151748e+00
6.780875350911663713e-01
3.349940147131082568e+00
1.765867031162672296e+00
8.629172207200308531e-01
4.992553764471511002e+00
1.778290205912090194e+00
1.288040269371500290e+00
3.554865415703445386e-01
4.712983740574827607e-02
4.421639873369057838e+00
2.989922854290123500e+00
6.823741537632377341e-01
4.759923849291380904e+00
1.080716794801491742e+00
1.370850674376877354e+00
2.164765083664041523e+00
4.081259815243520883e+00
2.962973211535700369e+00
1.090091296769471363e+00
4.654729575018330401e+00
3.442298602146226294e+00
1.878090944137154494e+00
1.080595640691590198e+00
5.634316408740092097e-01
2.893963262147285054e+00
2.353199676016521913e+00
2.794245039761418248e+00
2.230726425413119163e+00
2.675939144931421820e-01
2.747020211676347579e+00
3.659395597802963973e+00
1.092287077825123021e+00
4.956586411988973317e+00
7.289944337456677470e-01
2.672100787031250757e+00
4.430663031917433159e+00
3.225255528909588776e+00
9.220085299627045483e-01
3.594136144433219826e+00
3.163914583889777532e+00
1.721894118870647139e+00
1.010067640890069951e+00
4.625606372056053850e+00
4.916716100732021921e+00
2.740764507337241529e+00
1.283157588001432314e+00
4.918770451946261169e+00
1.812112722128731424e+00
3.294314835096192162e+00
2.460646144361276377e+00
3.213305830039753230e-01
4.208209488720071612e-01
2.616966018981406350e+00
2.861265609771389329e+00
4.410544329706433508e+00
4.057857934008764822e+00
2.379224174028580219e+00
3.708372587491517436e+00
5.390381880654582236e-01
9.844908653481282412e-01
2.966566458089422653e+00
4.357351364928479853e+00
1.991306445549465565e+00
3.632835680521895760e+00
3.469246809655359254e+00
2.086121176322217163e+00
8.667588625048655571e-01
1.333659867052853887e+00
1.169186405533402251e+00
4.321140435111550993e+00
1.571718787622282676e+00
3.980358606786322806e+00
5.462544154205595248e-01
2.896272009859382379e+00
9.396354045434979207e-01
3.138230645787048800e+00
3.238660227291947802e+00
2.241986799330086377e+00
1.319914763677761949e+00
3.658022624230830022e+00
1.907215612032348018e-01
3.150294309289590089e+00
2.595970307964495793e-01
1.111694575708232602e+00
3.950318058240300800e+00
4.524973396257792047e-01
3.817236956427000116e+00
3.021106817960923063e+00
3.664959445469389454e+00
3.736619405160656715e+00
1.588622229736594171e+00
2.567515348514548545e-01
1.080796658166259805e+00
4.410621877476661901e+00
5.495504640021281473e-01
1.518608408152224865e+00
4.299607454110753402e+00
1.291965934206197986e+00
2.009997967201344604e+00
2.226778569373746741e+00
3.612875120861475109e-01
1.893503149861955892e+00
3.026076136506413938e+00
1.152567510343271540e+00
9.377783279255691440e-01
7.987609746822615930e-01
1.529416423908582789e+00
4.580209581673575059e+00
4.450895287188078697e+00
1.981918769081418397e+00
7.796727954525461968e-03
1.181741112919588721e+00
5.090150780570729117e-01
3.379271800587486219e+00
5.082412400533498076e-01
8.820260948583763527e-01
3.394946212235025129e+00
2.081644756983525024e+00
5.900049476948693306e-01
1.514677761935462996e+00
4.875797985543463220e+00
6.452939767105664304e-01
1.324870104588784958e+00
4.206518225533012467e-01
1.810604490865277416e+00
4.200469312380405107e+00
2.118109751505016902e+00
4.217295724785613764e+00
3.277814516970818826e+00
2.621994341648832272e+00
4.682294956794631702e+00
4.808526121229068195e+00
4.624452711813237471e+00
3.345015545408080992e+00
4.004457043434896057e+00
3.881653785012184610e-01
3.985881251291916616e+00
1.167313339928745641e+00
4.942869110589215076e+00
2.914059215612974096e+00
1.983429261712886138e+00
2.479422576082708662e+00
4.461351779378386340e-01
1.793583013539772342e+00
1.977505660012943256e+00
8.158078432029958194e-01
4.841157412988940756e+00
1.168700060867666757e-01
4.715535112608089996e+00
2.584789096021313348e+00
2.901056961876226303e+00
1.543287679437510551e+00
2.182273808908696822e-01
1.270317543626344303e+00
1.273790715895811720e+00
7.654172637805878310e-01
2.240091971805641791e+00
3.335286280753424482e+00
3.934975947367471250e+00
1.741096431964234137e+00
4.367126492766028711e+00
9.802163641252281678e-01
3.205856741725737091e+00
3.259028781184800216e+00
2.611187878038032206e+00
4.780155337125941095e+00
4.383220156499844755e+00
5.814055695174447091e-01
4.101396615052835593e+00
2.692617375315453199e+00
4.907557040594725528e+00
3.063464841627577151e+00
4.771125914721794814e+00
4.107987700541102072e+00
2.016845417238045890e+00
1.929268921572668383e+00
1.085302973443330599e+00
3.481547906184267571e+00
4.785442067586112458e+00
1.746215678570817609e+00
4.000983371605284944e+00
4.943611320337653048e+00
2.196773273235526069e+00
4.092839175368290228e-01
4.709949072300483763e+00
4.324804505541823829e-01
2.175897873217298439e+00
2.117141160625374274e-01
2.219280305555373367e+00
4.441716364034295594e+00
5.308237324640863175e-02
4.393692015572625564e+00
4.353939297660643248e+00
1.333794168656283308e+00
3.312363745515404911e+00
2.506216869685269799e+00
4.249104593462406321e+00
4.722039429761978546e+00
1.433720213618682848e+00
5.700755338963864327e-01
1.952105897660723066e+00
4.554848252054158664e+00
1.940291598717418520e+00
4.150064812590731345e-01
2.501871120577334739e+00
8.463330240846622665e-01
6.579105431880816202e-01
1.966535910582184465e+00
1.467218883307484401e+00
1.660175296555372881e+00
3.252972279826439994e+00
1.933397498015364535e+00
1.762821103785704446e+00
4.250586651472793243e+00
1.868190408178283413e+00
5.245190880241584752e-01
3.757141407065668126e+00
1.289245249185193565e+00
1.212638986976801281e+00
4.062849540162460471e+00
3.520261775040871566e+00
3.014878819689586376e+00
6.246846934478927915e-01
3.773163472563569876e+00
4.134898013269497241e+00
2.646158225170033518e+00
2.629240208102994636e+00
1.333955646751515012e+00
4.087099568359470858e+00
3.086649527519029768e+00
4.636594836331280334e+00
2.692854759200475456e+00
1.751580289952773928e+00
6.931276002077041420e-01
2.444796849070754341e+00
2.610148942704767272e+00
2.020270329486687721e+00
6.957906220330684066e-01
4.124992008449699377e+00
3.159237424253925397e+00
4.321381204099987272e+00
4.425507215770524638e+00
8.497564241567101551e-01
4.633304610581172156e+00
2.422077080148107520e+00
3.840417794185367661e+00
2.830020968518835112e+00
1.169700074278630098e+00
3.542280600552405900e+00
2.074830414928902300e+00
3.374952433362996551e+00
1.003025519392923393e+00
2.501539731622386409e+00
1.882642623903829193e+00
2.738589030028868887e+00
4.554544603602023400e+00
2.321451471660982424e+00
8.779800407702431642e-02
2.265859948119082645e+00
4.075255599812457774e+00
4.917323146380515375e+00
8.345334522687181122e-01
1.120417686812524849e-01
2.916042895899805920e+00
1.730544756406024565e+00
4.700533751739101263e+00
1.455413882724749364e+00
4.110990915487590769e+00
2.581189900908070101e+00
4.633581758189501798e+00
3.982862446276935309e+00
1.866377145496193046e+00
4.406763403274086777e+00
1.599060242660269582e+00
3.484482259875842924e+00
4.495310633448984738e+00
4.217705787972331422e+00
4.746752775964335314e+00
3.797144441063251552e+00
1.994321469274767944e+00
3.648848507406232677e+00
4.884129809445979298e+00
4.130670880378725762e+00
2.616168824344573984e+00
2.793280275206916352e-01
4.438369330759627474e+00
2.571295351673172469e+00
4.128492540897915397e+00
3.482032349592359299e+00
7.541627199783451641e-01
3.812874366738471910e+00
1.576019253586987023e+00
1.935983125215050116e+00
1.803385299597204838e+00
4.677119920933886732e+00
2.966090710294678079e+00
4.365359013724880555e+00
6.605318066231669061e-01
3.293149193867260127e+00
2.814419953151626963e+00
2.268754753348702469e+00
1.771409931448239661e+00
4.634035021151612810e+00
3.553163846681645088e-01
4.109012207662662064e+00
4.850618121648299308e+00
2.897340704742792816e+00
2.393564014983140531e-01
2.541292652026649002e+00
1.028185996481945086e+00
2.819342395334381912e+00
4.414031891022180076e+00
4.485353145426763888e+00
2.636859515215243199e+00
1.506697024752652769e+00
5.327188644324332145e-01
6.133248373783251051e-01
4.456335146810767256e+00
4.125471740265590270e+00
3.595198391752827405e+00
6.839299812265303702e-01
2.674805077075394610e+00
2.741243129488760921e+00
3.086971254957784350e+00
1.141381343952499350e+00
3.111198433299638300e+00
1.780583375130593726e+00
3.998691099877178523e+00
2.946180571981043883e+00
1.436617397891570835e+00
1.833459551550742361e+00
4.842294877731935898e+00
4.241715186824187356e+00
4.881647002673103586e+00
4.339233889408844469e+00
1.869873190606865077e+00
1.872566538924707036e+00
4.517137630793889080e+00
7.342842158093509930e-01
4.897063800862047067e+00
3.425801515032517175e-01
4.746227630203907921e+00
3.213159977780249976e-01
1.309254606810425603e+00
3.568500549080555029e+00
2.525396030140331094e-01
2.095673331581311860e+00
3.710177438957745766e-01
4.815440121365704984e-01
2.796262251662689380e+00
1.827052838506396659e+00
2.639312726830532085e+00
4.490995304633670138e+00
1.636085269792965757e+00
4.518752884253910196e+00
3.467550982522380032e+00
1.316769804415645506e+00
4.756572835378917397e+00
4.567734859618243881e+00
9.128952227457576285e-01
4.907682650309618921e+00
2.797853365896885158e-01
1.036882398985944365e-01
9.256903178708053570e-01
4.536071289005153773e+00
4.067355342140327679e+00
3.594939329974326636e+00
3.814050723090681494e+00
2.171794619667029469e+00
4.527179302674432471e+00
3.113523037031607821e+00
2.683194415452995862e+00
9.511228888642986323e-01
4.733294756378302992e+00
1.943651847130225097e+00
1.352965758851804701e+00
3.271726628337956466e+00
3.519110173876134784e+00
1.480588732376455052e+00
2.436771579390084597e-01
4.060942201588824130e-01
3.413511553406496812e+00
2.869352315487241789e+00
4.957397055646659112e+00
1.759685420941723422e+00
2.669791923886908336e+00
3.216084578299120533e+00
1.128714026778956825e+00
1.657516014668432014e+00
1.822153900432157414e+00
3.524386307841440580e+00
7.910709469876986422e-02
2.487898885543557093e+00
1.366984076707005613e+00
3.926225135900802687e+00
1.688671224430434048e+00
3.015756092670014432e+00
3.654164411037189808e+00
4.201048787195206913e+00
1.553028206986750259e+00
1.055589156686535635e+00
9.906592190969143452e-01
3.305714769247158902e-01
1.768294629160372278e+00
2.105103393608839468e+00
3.226080491389970994e-01
3.023110545116927561e+00
3.917554005634353853e+00
8.293384009767756915e-01
7.160677888188460294e-01
3.733258740555091215e+00
3.129302925681389347e+00
7.768811651558205078e-01
9.048658238847273605e-01
1.906849495179415044e+00
1.909864162346048833e+00
2.775745324343408704e+00
2.018742570196895514e+00
1.978249613912110849e+00
1.607408980049572778e+00
2.141635385239624156e+00
4.953078671966552271e+00
4.051060863731569484e+00
2.709284434023496502e+00
4.021266882031849121e+00
3.399091695882543007e+00
4.026093331591963143e+00
1.971565656058710259e-01
2.790863995385296725e+00
2.069225215823307540e+00
3.715908070224348769e+00
1.020208301034762233e+00
2.992181114011932763e+00
3.968208690099105596e+00
4.163015596364014748e+00
1.220077591179601351e+00
6.560284700317142725e-01
3.404758787532284448e+00
3.507058229693633677e+00
3.826875834678460375e+00
7.886041359307749410e-01
3.267384567796102424e+00
2.380348632903148687e+00
4.461650151998675096e-02
4.129495582514886465e+00
1.552132364735717029e+00
2.549083259504190124e+00
3.136000683424380320e+00
2.836491444810192331e+00
1.423998732249807109e+00
3.414283031785220857e+00
2.933020823005303424e+00
4.482041104535469778e+00
3.240911228816530265e+00
2.072642016258188224e+00
3.175748174999996731e+00
3.404396579092545227e+00
8.664651956589297654e-01
4.126317816721181142e-01
2.709492151214365041e+00
1.134794582635499260e+00
3.443072389813491618e+00
4.185426361559919428e+00
5.104621649768731340e-01
2.356812238560948014e+00
4.099582157336771004e+00
1.323949279596253747e+00
5.008188798676616038e-01
3.737062567408506730e+00
3.936312208450445382e+00
1.030562475522863730e+00
2.243706089712556029e+00
2.634839277144849667e+00
2.559092700237417084e+00
5.124580757993640878e-01
1.373831486262570012e+00
3.358289890830433055e+00
1.796676755029424921e-02
8.005587273828679296e-01
3.389910402889432905e+00
2.369811564957923888e+00
2.780012186413382658e+00
4.084122348819743564e+00
1.067083164867256295e+00
3.896142279659635221e+00
2.438218523885371081e+00
1.300472268385067132e+00
4.289852721848219197e+00
5.152749741711321052e-01
1.107709419215296975e-01
3.100501565534259818e+00
4.226629964300643749e+00
