5.911222728619541789e-01
1.134839231648117064e+00
4.892033794604722985e+00
3.797301398337658895e+00
7.763857190222778204e-01
4.504737978816224064e+00
1.323095974965244892e+00
3.006655690474641318e+00
2.424516892755776531e+00
3.846450681834378660e+00
2.033842589127985434e+00
4.475650985751438604e+00
1.240413359758724132e+00
2.026390149593590095e+00
4.317939405729864788e-01
1.972203007743821290e+00
2.519528478927091975e+00
3.777348679232711559e-01
2.325991560750577225e+00
3.253223008758902690e+00
2.642032335557439104e+00
1.369231426502162563e+00
1.059192116978100895e+00
2.979756593292959721e+00
4.304389907597372833e+00
4.262513047593403215e+00
4.331037221278632110e+00
1.702420439213884196e+00
4.352843533115660968e+00
2.113006936079456999e+00
6.791853773625239343e-01
3.216956748844079339e+00
1.872773861698646680e+00
5.424841303203092879e-01
4.980712183112001590e-01
4.668279097403110756e-01
2.450545740999002575e+00
3.108267047687802709e+00
4.607588907603115125e+00
3.863885334701543606e+00
2.674154926676268307e+00
2.643896645612431318e+00
1.038112335450960710e+00
1.841468437485517251e+00
1.285942744308768981e+00
1.080659152140293067e+00
2.725879977963545642e+00
4.646456469275085155e+00
1.146813508332400922e+00
1.071057102993417498e+00
2.250499501052769080e+00
2.726547214945477915e+00
2.936666343487594588e+00
1.414909896544913614e-02
4.627189482957371425e+00
1.450151802215362551e+00
2.412885200177452560e+00
4.075234430198295676e+00
3.261638585674975221e+00
3.846352063452310510e+00
3.750184674703070264e+00
2.294221591785452929e+00
2.793540253856979794e-01
3.789565484897025271e+00
4.565059084692306257e+00
3.136755741306510359e+00
4.539886481217724423e+00
4.083798732609595916e+00
2.494372949748688839e+00
3.069796291548798628e-01
3.605774844693085512e+00
4.576873406786818421e+00
1.493612052855926020e+00
8.377459068949139054e-01
1.122864852334168884e+00
2.418619727081774862e+00
1.077536334489254788e+00
2.932780106921223373e-01
4.580100696766768564e+00
1.891740833817190381e+00
4.640359139594362858e+00
2.089470705376725856e+00
4.599346378970735394e+00
6.558183089502034324e-01
1.375626519621192534e+00
1.800630354500176722e-02
1.583356097649059713e+00
4.082336264464414555e-01
2.036038525753119721e+00
1.072363866823101697e+00
3.285386307729857958e+00
1.294369246861093448e+00
9.384729028232774439e-01
7.586276129105179455e-01
1.092011602914738644e-01
1.070238524241642342e+00
1.520370806894126403e+00
1.100897043468014314e+00
1.243668109775173392e+00
2.562928095874977608e+00
3.042748406956254925e+00
3.281815922107504058e+00
4.428898461470168968e+00
4.083730085295489420e-01
4.364620084580578485e+00
1.806427534941090762e-03
3.220324602117352608e+00
2.043186754532849037e+00
1.417043401553869097e+00
4.045199546859202577e+00
3.461313099837842744e-01
1.497579963189452190e+00
3.423850626711049561e+00
4.795866923583433916e+00
2.938830793085884352e+00
2.377426955958258148e+00
1.130415526225803102e+00
8.796157397435305780e-01
1.000162482849515921e+00
4.026040023986987570e+00
4.055647449557055140e+00
1.333308880330370094e+00
3.312969606713588533e+00
2.444682676671500410e+00
1.580815819385603671e+00
2.719116039540047325e+00
3.629031238207862220e+00
6.771963177728757000e-01
3.446430605147612791e+00
1.681105609051781080e+00
5.745985971840966711e-01
8.081805248306772604e-01
4.194126059676741569e+00
3.537442258531502404e+00
2.029628186144263324e+00
3.185460977010332151e+00
4.834342154399572600e+00
5.153488395147537426e-01
1.164934163450356941e+00
2.058070346122695238e+00
4.589024992304701733e+00
2.135483678143326181e+00
4.094975883455987287e+00
6.384104588299627236e-01
4.665582387248885077e+00
1.591807342846558893e+00
4.516410971627669468e+00
1.384213462403128814e+00
2.517079372421891392e+00
3.533478647304377773e-01
4.105607468966929297e+00
3.017550629368734860e+00
2.132452650002400141e+00
7.025703807311906024e-01
2.526407111055595234e+00
2.697898361170025794e+00
3.980233477702427969e+00
3.563895790096935023e+00
3.868726602402239756e+00
9.912775048124877753e-01
2.391711861094623082e+00
3.659165500577381103e+00
1.594318826532356015e+00
2.482549150319446341e+00
4.376039389897819376e+00
1.967307049300179411e+00
2.837934021223547099e+00
3.261770167841886892e+00
1.099254013707084532e+00
1.377957623872252402e+00
1.654359890002754963e+00
1.500075405228468828e+00
3.825668460651026503e+00
2.469357968986085616e+00
4.240707589645722031e+00
1.859262855715350105e+00
3.748446699420310502e+00
3.403657266071311138e+00
4.910582805603530332e+00
1.311525540928730305e+00
2.141290322607299679e+00
4.491390615783602769e+00
3.817299473370816543e-01
4.117274331652237329e+00
1.737201131201274062e+00
3.798021473600670994e+00
1.817335981225812747e+00
6.405395026998483843e-01
4.900653827829049902e+00
3.440562307734575498e+00
3.309016764982836145e-01
7.481991571325397050e-02
4.111817782903507634e+00
3.571525353480980991e-01
4.664048520270358544e-01
4.736041008611926451e+00
1.770674536145145916e+00
1.017683229891466645e+00
2.667077212731686409e+00
4.676717750836907328e+00
4.046736228318141393e+00
3.998754986992561378e+00
2.049875254679600189e+00
1.462318691475237742e+00
4.367136738413113228e+00
3.676834253728141100e+00
9.453903713188765989e-01
3.678217158414254229e+00
3.497572589569249324e+00
1.359461063414052484e+00
2.002650658692552543e+00
6.304999614959672094e-01
2.079875525250467039e+00
2.873846290074250076e-01
2.091005799376127960e+00
3.262048425935820894e+00
3.890358662876529205e+00
9.094803980799964771e-01
2.474709301518141391e+00
2.518712383666614318e+00
1.212541034536019913e+00
3.717524538767455589e+00
3.851270699526826435e-01
3.269363945694072626e+00
1.345651914247087966e+00
1.572192737026082421e+00
7.841782220194271069e-02
4.235756454600390519e+00
4.333681952148270788e+00
5.687359951644321843e-01
9.531585267802172856e-01
2.200528597604435976e+00
5.089391328803111181e-01
3.554567597240110732e+00
2.807197075678596221e+00
4.434885194279994280e+00
3.824887728854508673e+00
2.561438113287989982e+00
3.956583617604173320e+00
8.470374217299353470e-01
5.061505189123383097e-01
4.303495761547289078e+00
4.641167304708405439e+00
1.444898726681193679e+00
3.980782360010283405e+00
4.549909113013562489e+00
4.489572187750898280e+00
4.163842232497666274e+00
2.085816287581351069e+00
7.703965305150439757e-02
4.977185247824483127e+00
2.651660771475807366e+00
1.019054633703281310e-01
2.804068132017589310e+00
3.878850700725462008e+00
1.457278999979660483e+00
4.821804833919615341e+00
4.669560601383290432e+00
8.907684964480500067e-01
1.813632476584533526e+00
2.062333035799801539e+00
3.375442716110581554e+00
1.868143326427328388e+00
3.363094723983808265e+00
2.906013177847026618e+00
3.176809404794082692e+00
1.244912178483096987e+00
2.753593356332939557e-01
3.707939644684951297e+00
2.230475407103867269e+00
1.827441599746850276e+00
2.803602156720919503e+00
2.391802313238013511e+00
2.856808506342960463e+00
7.777037862897906439e-02
3.982512670601395133e+00
1.592437965769634811e+00
1.266851106499428115e-01
3.559147242954685986e+00
4.299443520584947720e+00
2.695333844397894030e+00
4.831270725258699272e+00
1.931582701264850099e-01
2.557427260721195639e-01
3.205621137455878955e+00
4.436220567595438702e+00
2.258648975239253787e+00
8.419475606531695577e-01
5.580892205297754982e-01
6.737923885485291864e-01
3.105484785624960775e+00
5.314793799887473913e-01
3.565058504468092693e+00
4.368866408639688004e+00
3.025425735468378008e+00
6.362096131108674335e-01
3.561082189194852976e+00
4.821462271947777545e+00
1.240073748502940054e+00
7.809756610411777711e-01
1.255486499923023747e+00
4.068499430770179615e+00
4.446196868308704531e+00
2.869981897339056509e+00
1.033056448439162001e+00
5.658002307482429272e-01
4.368904096487423949e+00
4.288171528810053701e+00
1.184886931633314378e+00
1.243891338337707042e+00
2.847908079001053583e+00
4.903652300043360057e+00
3.546089640406517418e+00
3.939252417027635289e+00
2.096513737828841872e+00
2.658806577552072614e+00
1.258493780968104048e+00
2.720549788775516564e+00
4.190998180144855034e+00
1.260785387882296105e+00
1.708847272872932699e+00
1.675757084230883986e+00
2.738648842486346435e+00
2.031392269357920721e+00
2.077124974350541109e+00
3.635569376298794175e+00
1.776163398517333070e+00
2.650041646042598842e+00
3.480682116843192286e+00
2.012897817640657561e+00
3.362771071120418842e+00
4.355811365465187990e+00
3.399271669106542770e+00
1.022572077346909358e+00
2.740948225383461168e+00
2.065369743391434199e+00
1.206564730114737527e+00
2.120733151244646564e+00
1.770696919374410427e+00
1.897912105114394343e+00
1.565532970200012031e+00
2.864724751967045346e+00
2.386899515111027714e+00
3.929354796671344463e+00
2.314677034164008163e+00
2.650575899381968359e+00
4.130667199925952993e+00
1.035426268158821550e+00
7.033387890575037993e-01
4.532202544980821202e+00
4.905535686058467348e+00
3.245308996032390425e+00
2.079227749532790881e+00
3.819347843048663815e+00
3.296702686624968681e+00
2.608777524420329730e+00
3.493155452375695802e+00
1.183236287378023999e+00
2.260173654538012222e+00
3.881252796759054879e-01
4.738335582188737405e+00
4.063190562461990396e+00
3.664723737499779421e+00
1.218983861948772951e+00
1.515953575001616205e+00
3.303537777687266086e+00
3.407715182607931048e+00
4.519265688141466120e-01
3.819492748773971158e+00
3.021429685838840307e+00
1.328931885421631875e+00
3.983379218182167669e+00
6.282658116954653593e-01
3.887496734978549640e+00
4.678159871977193518e+00
2.489394764242980340e-01
1.148450114239134567e+00
2.726622239604641340e+00
1.767237375583781134e+00
3.759921280164282731e+00
2.040252502325340167e+00
1.131983827014748645e+00
3.916788500347568203e+00
2.806627192142225891e+00
1.573709760610308983e+00
1.931119511025744639e+00
3.220348360607727667e+00
3.406200324602763452e+00
2.160693389193822256e+00
2.672240310507072447e+00
6.020299634928394372e-02
3.502013484521483200e+00
2.749159405525389843e+00
1.556892561355671667e+00
4.682164651385257947e+00
4.417505249620552021e+00
2.849201607166698569e+00
4.013695278542492417e+00
5.770983640597415754e-02
3.090260963791990445e+00
1.958796722232107435e+00
2.368520575233454384e+00
3.078538907735970831e+00
4.409241265932235976e+00
3.684036612767454422e+00
3.928470705082545589e+00
6.910354681849528724e-01
2.362708824564877297e+00
4.434949120484088070e+00
3.637839626259997239e+00
2.648067940379972285e+00
2.194303012256859198e+00
1.825153267843676597e-01
3.556537218802078293e+00
3.166153275313638549e+00
1.614425728723541953e+00
4.061306359805001875e+00
2.757600767370891326e+00
2.202646707003887094e+00
3.365955419152712125e+00
4.540736147573472437e+00
2.562522140064688259e+00
2.369691876027153032e+00
3.534697223187887261e+00
4.643166227559218484e+00
4.172243355257268860e+00
4.301162324263464676e+00
3.893996028245216401e+00
6.657828285622524600e-01
3.362587323635496395e-01
1.986581479068688649e+00
3.010363182671139004e+00
3.243978524238549932e-01
4.301883085077793822e+00
1.127204274540571927e+00
1.287932693371406367e+00
1.776697144244088644e+00
9.048831741058938061e-01
5.753825899411785239e-01
4.573715474122010960e+00
5.506395210151193709e-01
2.646487439834058542e+00
1.929233905354627021e+00
4.583634782816275788e+00
3.198900629470763590e+00
6.215606732991102445e-01
2.580808335792748487e+00
2.957320813827218231e+00
3.456290990024544652e+00
3.332152303179263253e+00
4.551226142648858719e+00
1.874617872678462360e+00
4.080952978882304905e+00
2.042843388863427201e+00
2.734427290542776667e+00
4.389653672260179995e+00
2.188822328488079449e+00
4.157766670725381530e+00
4.713425533748870855e+00
2.562167393410695215e+00
1.862751381393691341e+00
1.802682261313603984e+00
5.076275979483874101e-01
1.365591206019851178e+00
2.355344251669650557e+00
3.067400398423037355e+00
2.754608362217719097e+00
2.401113000922765917e+00
3.561718696335163692e+00
4.830830332565944296e+00
1.235671020294326627e+00
3.953363311347564135e+00
2.426535494048476238e+00
2.371085971366952982e+00
2.709738037123532894e+00
4.635247309983677511e+00
3.868779067613410394e+00
5.330284608319790784e-01
3.200060042437812058e+00
2.162518119236861436e-01
2.912138724014605717e+00
2.461070003988900190e+00
2.311313986690324729e+00
8.118624960035786264e-01
2.322267202165295252e+00
1.042917667111518565e+00
3.857623691610192473e+00
4.127359991083713098e+00
3.497887551984240506e+00
4.239801984747585628e+00
1.350912728462294599e-01
7.801107815440894155e-01
3.565095187153922041e+00
4.161854274512349683e+00
4.622866260010586537e+00
2.475066256220288086e+00
6.243394428805115748e-02
2.937201416415769373e+00
2.023988428069253942e+00
3.614799484671319618e+00
