2.661347456136708978e+00
2.499483570797484511e+00
1.668245058868805808e-01
2.333375640506188731e+00
1.626377906600092738e+00
4.092225456212716939e-01
2.360588337906059486e+00
2.196795896760361799e+00
2.332950448169486712e+00
3.150935440958545719e+00
4.442963397828658678e-01
4.101423253456605522e+00
3.602773318982963602e+00
2.602645694336228388e+00
2.913963476373959693e-01
4.811732415861298406e+00
4.090671842868049524e+00
3.700087557395072668e+00
4.336832482218833995e+00
1.915260173485517914e+00
3.151507471148468742e+00
2.115957778350476826e+00
2.251439309466314320e+00
9.107042200711440438e-01
3.072382118003120333e+00
1.321281115326742306e+00
4.205574823468147372e+00
2.087013480701621404e+00
1.046520172216613975e-01
3.824698224242462086e-01
7.939092718021856232e-01
3.882281645604940268e-01
4.806482633785271297e+00
3.241009162943909061e+00
9.495915422516071347e-01
1.721111680822403622e+00
4.032115415434411876e-02
3.549833994299858908e+00
6.080231482198961146e-01
7.895841914504753145e-01
1.163527136511602222e+00
5.024204407126253713e-02
3.145596448908469345e+00
9.868575306519239421e-01
5.488770060253844729e-01
1.621811583111394839e+00
4.016957626819483096e+00
1.472187035615571293e+00
9.425918020707180212e-01
2.095128426640039621e+00
2.400990026430968705e+00
1.501426539065238153e+00
2.248593615784471922e+00
4.881966263643444215e+00
4.536771734944833767e+00
8.756547501927702815e-01
1.463974951411995296e+00
1.017842967810627552e+00
1.938045985995799469e+00
1.226550262647085887e-01
1.269732341344587123e-01
4.874655969526169308e+00
3.550534816293794194e+00
4.500225359748465159e+00
9.385559346476773923e-01
2.802275126661124549e+00
4.166987885129191937e+00
1.650910823688429563e+00
2.680156842238196058e-01
3.963260924247363759e-01
2.245533401693771580e+00
6.304345400808997191e-01
1.226968450564935864e+00
4.249598629996770960e+00
2.319007663955019005e+00
8.330086570425082604e-01
2.960170419640220540e+00
4.400267441079444453e+00
1.390083159096033416e+00
3.976381122498623633e+00
2.322712536069291289e+00
6.449151444235895481e-01
2.824114012303027277e+00
3.593982708850485430e+00
1.083826293916910766e+00
8.281798025016112730e-01
2.005361715298544123e+00
4.491206473581540237e+00
1.286840997099930606e-01
3.359555237533297767e+00
7.344531449789970523e-03
4.903222337100868522e+00
3.470567843537376795e+00
3.222937051774471540e-01
1.775566385029433425e+00
1.259895390750492838e-01
1.027259377344866387e+00
2.793410674403473237e+00
4.912901581917589411e+00
4.582528168156244419e+00
1.360463855470674499e+00
2.400184622065403062e+00
3.242197190814311014e-02
4.848018985174466167e+00
4.523399333826458424e+00
1.209948766591472102e+00
4.281712580273254964e+00
1.004427346882735828e+00
3.664098705260058431e+00
4.236015647409559826e+00
3.036389416597832458e+00
1.157231863516689607e+00
2.126857062391784847e+00
4.272247975798633135e+00
1.175105622951980733e+00
1.409037186463153457e+00
5.931349270038877020e-01
2.000782138584508374e+00
3.740110597794404912e-01
3.593143021879358301e+00
3.377471418003766601e+00
1.469104544455701600e-02
3.262929637550251449e+00
3.582594115864410345e+00
1.836598587303994723e-01
4.122445327350837019e+00
2.313541835778120781e+00
1.736490270136288316e+00
4.712791531814076507e+00
8.155661786583517925e-01
3.247747051307974253e+00
1.802739688287979813e+00
2.836926174159075664e+00
2.582838854873636514e+00
1.291032788947595211e+00
2.562457107952114566e+00
6.739788242907523985e-01
1.264039367079808240e+00
2.592604262765529910e+00
4.683011344127196551e+00
2.145668073271557841e+00
1.020002404915569816e+00
1.804381001855703825e-02
2.925154063164152607e+00
4.836609415227467679e+00
3.557872017241415108e+00
7.479657349044349646e-01
1.191485192424481365e+00
2.393912006071970300e+00
3.281551797353249977e+00
4.457181359092217576e+00
2.288436535484263512e+00
2.707516971498756142e+00
3.143935264892383952e+00
1.241071938392602103e+00
4.356307312939787124e+00
4.473129510906506567e+00
5.583012037404050387e-01
1.706085263212680392e+00
2.437544243625890950e+00
4.536428031096719771e+00
3.231438391967858870e+00
4.717849354676590501e+00
3.547167131304658660e+00
1.188507791449656015e+00
7.885624982476224787e-01
1.642876619144252315e+00
4.642730747523245327e+00
1.305645835169779279e+00
5.098361457119127138e-01
8.245388189531127621e-01
1.429241827507768292e+00
3.421767944009194817e+00
1.340954368991529311e+00
4.033328009642644929e-01
4.031238097017800115e+00
3.814156564434401098e-02
2.912067954841418560e-01
8.144127112093246801e-01
1.944225356544262429e+00
1.533728743274385131e+00
4.140709899599289479e+00
6.073570833425068205e-01
7.529993030722437197e-02
3.851286532667073548e+00
1.067870941173777455e+00
2.440056095575503292e+00
2.296250899870618145e+00
1.866653619798099406e+00
3.741140632281730216e+00
9.152825015723303759e-01
2.589347347009647748e+00
4.190222207911583396e+00
3.697437673938182012e+00
6.306552258127079424e-01
1.397651831238022613e-02
4.976541721080661951e+00
1.754947682957940236e+00
7.469886465708674983e-01
1.629688300705911530e-01
4.480408858322292076e+00
1.924122489951570092e+00
2.404214628614296245e+00
3.959000883092386402e+00
2.039325044730162517e+00
3.387464177798666931e+00
2.336983664034284036e+00
6.679795387009901386e-01
2.437988907920918269e+00
2.581617201248014304e+00
2.369627372295168399e+00
2.729064636285457368e+00
3.883846254813400733e+00
3.599222018346624363e+00
4.577181893708695881e+00
2.867379698867278393e+00
3.325760305990208998e+00
4.357579132330739569e+00
1.489248041139650702e+00
1.927252169058671250e+00
1.400658710830325226e+00
3.288455119419754880e+00
1.996824567094983571e+00
3.421480755682008823e+00
4.655495931615315719e+00
2.440889750711023432e+00
4.287814326826722144e+00
2.906670205296909337e+00
2.108303091116430217e+00
1.129295241267019856e-01
2.523271910483479985e+00
3.952641032932578291e+00
3.030623212007268474e+00
1.412554672794236188e-01
4.436389495477788714e+00
1.338076213097172396e+00
6.324543591647741048e-01
2.479284064989160541e+00
2.060785461560928233e+00
3.304546995718009583e+00
4.964036660700791082e+00
1.100203893412782241e-01
2.268304876738697740e+00
4.665010004549626998e+00
4.884000412157490922e-01
4.154694392266355951e-01
1.632724772613439068e+00
4.138438840536361241e+00
2.619830857233904187e+00
4.372102621834429215e+00
1.422799792194069823e+00
4.059900663626747619e-01
4.757675277107900058e+00
1.621690418777798737e+00
1.910782765173011821e+00
2.857521385694827831e+00
2.590799666484638664e+00
3.456780990450615043e+00
2.755511729382598141e-02
4.867664728618184000e+00
1.258040103718227609e-01
1.984736600558599129e+00
2.851962921267045648e+00
2.053405477565371839e+00
3.252876801525741879e+00
4.511481012315743389e-01
4.257432523867072938e+00
2.738979113913711405e+00
1.922949101360753588e+00
3.621268938392533165e+00
1.407145018156320537e+00
1.177629689972686799e+00
1.003319466708028518e+00
9.159908373495706524e-01
1.432455537481569507e+00
4.638507387123920189e+00
3.685455821620373662e+00
1.688153785854565214e+00
2.139628664640422784e+00
2.444507763736984529e+00
1.207590059033331054e+00
2.827936735483955299e+00
1.346273074435381911e+00
4.985735552443180119e+00
4.959308271554148995e+00
3.587049052517631509e+00
4.525120950313908708e+00
7.702488191665990414e-01
2.268213865280554575e+00
4.113670681416877528e+00
3.128137667519093501e+00
7.096829626281253578e-01
3.748171059051539356e+00
1.876396886594671631e+00
3.184661008593870690e+00
4.454348961522686112e-01
3.215864494979214783e-01
4.378112719804289066e-01
1.706196082662395641e+00
1.152231255959509371e+00
4.222351942543128622e+00
2.941629241842091957e+00
2.475680735174395242e+00
1.852896504841539116e+00
1.345563686583921115e+00
7.088977789756911729e-01
2.457476272690983343e+00
1.929856137722717468e+00
4.196819477825820321e+00
1.436084854608923322e+00
3.613862111389464005e+00
2.807639824711490206e+00
3.286344665834445289e-01
2.031431220289689588e+00
1.576769346148669815e+00
2.929917204995740043e+00
1.958658331264715002e+00
9.072209780642315202e-01
5.299470357338587068e-01
3.582102812150205207e+00
2.390332659738597654e-01
4.304897794377059661e+00
4.130613754306178720e+00
1.593726751043825773e+00
4.687015194391940476e+00
2.033126267519186348e-01
1.498272749624216527e+00
5.574242253221572962e-01
9.259545640796673638e-02
1.499957376098948192e-01
4.438571460622985576e+00
3.330575706209137898e+00
4.192642589558439603e+00
1.936786532620214940e+00
3.462793376903432918e+00
4.551383900685118888e+00
3.832759485956416690e+00
3.295231232195439119e+00
3.076619768218007867e+00
1.953899242395257252e+00
2.863566764065964776e+00
5.929285739425216306e-01
3.367375900526683008e+00
4.685319357578252131e+00
2.421128715854439228e+00
7.725930466007024933e-01
7.684987229451989421e-01
2.020749627271746895e+00
3.064755435000245498e+00
4.090019104529501348e+00
4.914054861683786468e-01
2.601164978273046824e+00
2.312225551748939179e+00
3.230790282981720551e+00
2.834669914797288470e+00
9.141460010248247947e-01
3.228091628713915640e+00
9.221818112739860185e-01
2.164425721381831202e+00
4.396758750489611067e+00
7.248885256505904762e-01
1.044190353864580700e+00
2.108169197474396128e+00
9.454687021591523521e-01
1.721793516873015406e+00
4.057910155691689447e+00
6.137502036439707043e-01
3.842820111612212486e+00
3.054871637557539543e+00
2.952648824943036487e+00
1.481690783395305244e+00
1.293524408658281555e+00
3.778123720279777942e+00
1.306324119588668786e+00
1.571803652098775927e+00
3.848664742678982620e+00
4.799393528710105272e+00
7.899906067934930887e-01
6.332524162103170262e-01
1.659008516624188578e+00
3.149690924520811564e+00
2.732284770852772660e+00
2.958587367075289354e+00
4.119983914015474369e+00
9.755781711608985107e-01
3.054299895320465197e+00
2.195624041944788107e-02
2.289689918200298102e+00
3.421169404468985320e+00
2.484836028684685338e+00
3.784485942195745967e+00
3.259414661536469637e+00
2.215071836861789656e+00
3.787568756610842913e-01
4.209192789032639714e-01
4.507693401318483950e+00
7.881381684304034074e-01
1.322264293115115841e+00
1.926472206701553169e+00
6.776829299146486241e-01
4.839957191408956305e+00
1.936887081882225914e+00
1.544231856060144237e+00
1.353250675227909428e+00
1.090295760711110784e+00
3.042704988736413263e+00
6.285763613768124980e-01
1.408725500604229186e+00
2.713011711439409446e+00
3.845037180920054976e+00
2.593144778796022898e+00
7.618101249576442191e-01
4.618948965362543291e+00
4.307630768314919756e+00
3.319444611360445663e+00
3.986128868128093750e+00
2.893333117094504026e+00
3.359483014759560682e+00
4.429063362938419957e+00
4.500907932909290921e+00
7.661525913224126461e-01
4.623554725374027896e+00
1.882601169765903304e+00
3.836686562350623664e+00
4.298660071136392702e+00
1.753831747679455599e+00
3.723828729185953534e+00
2.232285957605778526e-01
3.722572128444860962e+00
8.147014433821220258e-01
2.514765848565179152e+00
2.161782248291510555e-01
1.534510291282956018e+00
1.040915115647715439e+00
4.732031306813847316e+00
2.125381450679038053e+00
2.000879560486687581e+00
1.249409129954287545e+00
3.690223778634305951e+00
4.619752581092529731e+00
4.801331915866059674e+00
2.322018954978690264e+00
4.036881312871988925e+00
2.068092306516905232e+00
1.220679583188494233e-01
3.925076474987052588e+00
3.283840761258960406e-01
6.189895012271640073e-01
1.140107959299712537e+00
4.101054060927349809e+00
4.634957438217654158e+00
3.739674214453302170e+00
4.516071575793573878e+00
1.369331921006962549e+00
3.094861625531081240e-01
1.611477515709180963e-01
4.183918681330137446e+00
2.739112299296579511e+00
4.970981914180226724e+00
3.993036526050440127e+00
3.550478851675915593e+00
6.532856289166710795e-01
9.358691143116282252e-01
3.494881485852155301e+00
1.418204874762627909e+00
1.209498410019707038e+00
4.142434852586674765e+00
4.573639965049696166e+00
2.835797073947166069e+00
1.862428193031989698e+00
3.208418494584985847e+00
7.960900855649721830e-01
4.441854972153943315e+00
1.733907470668358375e+00
1.202303308492616463e+00
3.651346892198883864e+00
2.543826297120810764e+00
6.097077097053393846e-01
7.051120894184337295e-01
2.256794669664206499e+00
2.824012372659102432e+00
2.553876075633114695e+00
1.814156851776220769e+00
8.794395805624793949e-01
3.122116979988442953e-01
4.321196762939708336e+00
6.855022369536406535e-01
1.186322660520461314e+00
4.248434760785755770e+00
2.290171601872891927e+00
4.795862355368115004e+00
4.329042681321465302e+00
3.355626577366618957e+00
1.394669684176866209e+00
3.644076620910885911e+00
4.446038573842189479e+00
6.107228846580414761e-01
3.724602410024298926e+00
3.052568790332154336e+00
4.671829723196674333e-01
