1.301729684556530708e+00
4.106734622205360452e+00
3.139362330114710442e+00
2.776454884210743934e-02
9.828035066229862116e-01
6.106896395123800891e-01
4.660473691627284865e+00
1.995925878959876165e+00
4.470370139506900209e+00
4.394740361853975763e+00
3.293921973629032607e+00
8.459712006917141647e-01
1.419394739852523069e+00
3.893957170307728699e+00
3.148438139252065060e+00
4.446332055065001398e+00
3.962760856967467715e-01
1.483050495605486407e+00
1.094476737786520104e+00
4.479198021787039963e+00
2.995763226735399520e+00
1.925382425263977737e+00
2.939866200558567844e+00
2.483976068850768826e+00
1.416930072755600456e+00
1.788193611637076241e+00
4.255863734990258607e+00
1.296453869402669490e+00
3.923055960642987561e+00
3.311752242375814781e+00
1.775573078891498735e+00
1.944445429728808961e+00
4.439512967374088959e+00
2.931718901008118383e+00
4.372409029596603602e+00
7.350156150564179924e-01
4.460410105609692977e+00
4.970748529926162007e+00
3.501788105671757467e+00
4.277297295382388675e+00
3.730568365272586284e+00
3.855176443719315227e+00
2.302545078170290527e+00
2.372401959365408874e+00
4.891119358860374078e-01
4.577190762442122640e+00
1.380284507438854780e+00
3.543968895551508069e-01
4.903867469812899671e+00
9.128172823586644391e-01
2.486694907135413857e+00
3.417526753734784206e-01
2.531347766994377579e+00
4.605103081380886643e+00
1.970351537988054291e+00
3.459185926172506420e+00
2.130773538670323486e+00
2.631312797700231521e+00
8.107600191457026151e-01
4.535459609452145102e+00
4.677724672963927688e+00
3.116978706106102948e+00
3.040932280863783532e+00
3.202008466857524827e+00
3.000186521658498418e+00
2.000007295191983836e+00
4.008108643329943988e+00
7.976650631287685034e-01
2.905256229003515323e+00
5.151535961972686373e-01
1.300145774012394506e+00
4.880390434364266561e+00
2.054279297194063325e+00
5.490836199511339721e-01
2.746101887231812810e+00
7.972677760166863026e-01
3.379256742221748322e+00
4.660636413717883286e+00
1.655702857234786496e-01
2.687070482688278084e+00
3.021002405125541301e+00
1.837990104356664878e+00
3.072382652752456256e+00
3.563889473409316722e+00
2.385891378521648676e+00
2.228102922537858355e+00
2.056939864782283411e+00
3.460056539413462584e+00
5.691001304917009396e-02
2.417459559949697301e+00
1.586547423196263962e+00
1.815393392700566544e+00
2.000372709445746189e+00
4.127108259528568190e+00
4.999711329501094426e+00
3.604065217413806366e+00
2.292224805784139452e+00
4.882544731578643216e+00
1.585082574986796278e+00
1.290164907240340941e+00
1.593377110512943506e+00
1.527153274884782252e+00
9.546381790854963079e-01
2.256648576353514457e+00
1.635563929863240729e+00
5.547840206025500542e-03
4.129492672770618711e+00
3.780830017472087690e+00
4.000584256734041944e+00
1.144606636097335706e+00
1.693768156869000396e+00
6.050864089120849831e-01
3.610970815153147662e+00
9.872604281849561847e-01
6.534299347840771821e-01
3.312539895677281798e+00
1.373078822981669944e+00
1.134239133617881423e+00
3.314060270619556992e+00
5.333186870148010073e-01
4.063158199165204820e+00
9.686614314857167063e-01
2.036896201713073395e+00
3.090235600116433279e+00
3.698568889444917129e+00
4.949177190699227680e-01
4.093199837561668275e+00
4.042639286144633637e+00
3.943193438814112550e+00
2.961102186280130333e+00
1.136093809324952852e+00
1.207622227468598375e+00
4.844944262517470790e+00
1.967520920749013413e+00
4.638832745068973473e+00
4.811194237407085517e+00
1.821885720304009526e+00
1.403375152912653689e+00
2.273741745025077865e+00
4.355902403335412565e+00
3.875101089520933684e+00
4.133859537907647486e+00
4.184688671746322086e+00
2.203211633902532718e+00
8.905275428098047286e-01
9.036855874898408469e-01
4.445937887404337374e+00
2.657196602718443046e+00
1.680140394949472427e+00
7.020475469854353667e-01
2.752933162739501061e+00
4.668456725797226481e-01
4.370174929790367813e+00
1.874431592250199063e+00
5.937714196079479922e-01
2.789501248698233127e+00
7.750450012497883678e-01
8.270500098257815846e-01
5.933026411370201370e-01
4.496937822902093984e+00
3.288785876073729852e+00
1.838358301862919042e+00
4.849659882115540555e+00
1.315917112984640314e+00
7.478656623893159550e-01
1.797948002780307863e+00
4.756929538825700909e+00
3.817160969101598411e+00
4.292865064305249057e+00
4.148244212440770795e+00
6.385957758629917658e-01
3.606784646906394443e+00
3.844860412031090746e+00
3.603731090486479882e+00
3.639364054765231726e-01
2.728265159825964403e+00
5.309508888937991555e-01
2.345798956580333883e+00
4.969631142646329991e+00
2.728392432218860186e+00
4.696557276230651112e+00
3.030543159136270148e+00
9.246091397735239914e-01
9.928233607737524391e-01
2.159139688762905962e+00
4.813869565378666948e+00
3.169199387393457190e+00
2.393960353981107847e+00
2.428167839911148373e+00
1.611228868611878529e+00
1.438411486667178218e+00
3.040822082687264505e+00
3.638973435230439701e+00
3.113040942449775805e+00
3.029021179993494073e+00
4.394852493937837501e+00
4.004509632487149418e+00
2.969829926658209107e+00
2.512515262232697388e+00
3.369969633946151566e-01
3.564322127712454158e+00
2.266431612620519509e+00
2.179710544534414485e+00
3.117975724133907889e+00
4.886571018408092826e+00
1.075723616385027004e+00
2.810147292270925412e+00
6.252925139622739215e-01
3.962444503653899108e+00
8.020275597491616226e-01
1.283459659149621235e+00
4.070824168424112877e+00
2.519748185977767729e+00
3.786323768790123001e-02
3.996228793608018304e+00
1.124939927056831657e+00
7.081173223490261348e-01
2.844864635170145206e+00
3.861457223513069081e+00
3.299030113019500554e+00
4.300648158565307355e+00
4.260019581799239674e+00
2.141433789890762052e-01
1.804591454846881771e+00
1.822486919030453789e+00
1.362843529476200910e+00
2.230367898998827592e+00
3.240347142290945115e+00
3.977257915646252417e+00
2.199025663628260130e+00
3.763192565494388298e+00
3.280752835634266340e+00
1.537372725824657671e+00
2.946796253658401366e-01
4.878310175474883437e+00
2.326051740135397949e+00
4.672800799886350775e-01
1.559044362025364672e+00
4.135242286072130291e+00
1.196463008323815913e+00
4.260244234790461881e+00
2.216470163924486148e+00
2.530275190277971653e+00
2.196667341657041028e+00
4.769660003716073682e+00
1.377832077204886874e+00
4.741624161605607846e+00
1.142826667168183707e+00
1.266246195766509430e+00
3.139951577121793402e+00
4.505184481187630929e+00
1.625255762160219275e+00
2.084222436296362391e-01
7.157118302483611583e-02
4.409907523163938414e+00
1.297836558732426315e+00
4.573602005087924915e+00
4.962115935671450373e+00
2.161971243377261764e+00
4.125719238677151068e+00
3.359371164955858191e+00
2.465678635653130168e+00
3.594626319473104292e-01
1.111034906699945868e+00
4.902438182886131202e+00
3.751055906905063075e+00
1.537673454149839802e+00
3.294553394940924029e+00
4.398744112534948236e+00
1.412186607587977871e+00
4.942034149548095279e+00
2.012646530972153514e+00
2.576387527837832536e+00
2.027825697933681059e+00
5.233615381055678473e-01
1.856830425051160249e+00
2.352338307533591077e+00
2.491297160370113062e+00
7.273497314322546758e-01
3.676481527951036110e+00
1.395309165615927327e+00
4.682518201229749266e+00
6.354235864734936179e-01
5.606849206050668055e-01
3.381834923436272788e+00
4.654936517816877561e+00
1.211320733606124911e-01
4.206581313569217606e+00
2.952764911968897898e+00
9.689699430889336940e-01
2.898148887310236343e+00
1.488410993896358558e+00
1.440741615876164339e+00
6.962353565434131752e-01
2.752440567055965293e+00
3.329487522535203858e+00
3.202204035417482997e-01
3.171009250001479707e+00
7.720223492741706828e-01
3.941663387818467257e+00
4.848026246267234107e+00
1.396240343252841409e-01
3.504655100637376286e+00
2.356928775764530304e+00
9.266333158918760304e-01
1.868115370333143677e+00
4.472818825475805227e+00
1.644311789968229132e+00
3.040732343823800754e+00
3.093477321140829961e+00
2.197777282243357888e+00
3.394205478282408261e-01
3.950601519223399194e+00
2.968564857619766517e+00
2.309945783078953818e-01
4.993086040043040796e+00
4.642005500496291681e+00
3.529863617489340299e+00
6.395516883617702319e-01
4.820567132849809866e+00
4.110085473881221141e+00
5.599427291521186234e-02
2.471374949750208216e+00
3.378338757449121488e+00
1.515613327031742896e+00
1.277474311799056128e+00
1.879980309972838493e+00
1.671046007620879514e+00
1.206797065690925486e+00
1.920165425555950378e+00
3.002043778412048614e+00
4.333935238335378415e+00
2.489911654277344510e+00
2.766704511064761896e+00
4.049246556056891322e+00
1.467542574043756876e+00
4.536230270535260622e+00
2.692739790430731084e+00
4.090850014687123171e+00
3.330333905410185924e+00
1.089815392761683821e+00
3.183863241742461714e+00
4.418943795091939686e-01
3.694903850576650051e+00
4.005715319538840191e+00
1.605355357203319677e-01
3.652269098446847551e-01
2.272478609999162735e+00
2.122647780354353308e+00
2.476567052259212698e+00
4.613183301084843535e+00
2.862470592522504909e+00
4.681601557193682872e+00
3.991507818909194150e+00
2.108289904387936176e+00
1.729882556459275689e+00
4.752734184049662858e+00
4.860579925515207123e+00
3.345634173323846383e+00
2.322897329503556652e+00
1.813073900018448148e+00
4.596542031541300588e+00
3.376965015821632221e+00
4.022780635537248628e-01
2.314576731606221571e-01
3.537977059731061580e+00
2.964185100866750133e+00
3.084110462403742758e+00
6.209471029683744092e-01
2.488143816238939543e+00
2.317916726073796063e+00
2.017385746262162272e+00
6.294927143188838725e-01
3.834680988543049729e+00
4.802142085795241044e+00
1.004293764228170183e+00
3.974651234357046148e-01
5.346087961129597499e-01
4.101054809584025129e+00
1.514601360882477543e+00
4.811335597165381728e+00
2.814325293256882965e+00
3.116807198757050479e+00
3.113635741525142553e+00
3.039113302960574803e+00
4.220685475031279665e+00
2.413963029667244964e+00
1.861912182631664248e+00
3.930185450006606462e+00
2.326822427188004916e+00
3.628908349390325139e-01
6.091210093760557331e-01
4.419941867950097247e+00
3.374812939308978077e+00
4.375185582497000070e+00
3.321431735044480416e+00
2.097312990356447138e+00
2.734359974759238199e+00
1.613387303363789105e+00
4.929810638986128701e+00
4.384602407972444382e+00
1.333266113739072223e+00
4.438523871911563390e+00
4.771525799064763040e-01
4.781016012905155321e+00
4.965063238242414911e+00
1.492333328491691757e+00
2.158460923623737759e+00
1.697523018834135033e+00
1.983616499963322122e+00
9.141585626910181395e-01
4.419588875084878410e+00
1.492377124964092250e+00
1.300608619188567960e+00
3.188387231726244053e+00
2.647955471744412481e+00
4.163910511771498513e+00
4.375848341724299928e+00
4.698036221810882651e+00
1.889622192347211183e+00
3.245877737178456179e+00
3.493348913439344727e+00
2.233384728250313866e+00
2.720901274203046949e+00
1.680449951061906866e+00
1.548738345943728723e-01
4.617904436953351732e-01
3.284303919085636014e+00
9.990101626078695674e-01
4.714950931972610171e+00
1.368962127653194916e+00
3.100665401871070426e+00
3.344689748895328218e+00
4.563375524616629875e+00
1.140230205400027952e-01
1.691952653523710604e+00
3.182279191268000407e+00
4.805227292699702168e+00
1.642036937480713110e+00
4.465757100621775555e-01
2.712205429798880685e-01
3.211773836541754967e+00
9.584584653858585490e-01
4.752981865095007308e-01
2.616015892910487750e+00
4.145858955976128968e+00
1.010706645467716047e+00
1.895884795314453530e+00
4.537807773053499361e+00
1.085987895004593140e+00
2.584506365712123888e+00
3.631562836731454968e+00
3.178410254880578822e+00
3.506841383093789455e-01
2.237249249812292895e+00
1.285832074131908476e+00
4.118408713093975493e+00
2.729971668686260955e+00
2.089109523444010463e-01
2.182252197283198303e+00
7.098641666846911003e-01
3.070418817000633016e+00
1.423063776762191202e+00
4.099878126325176453e+00
3.899713176739502796e+00
3.648262936810446000e+00
2.798120434864769912e+00
9.535958949616707425e-01
2.011981775337105649e+00
4.875280250001487126e+00
3.502250082111468821e+00
2.926353754169636057e-01
1.217361064383401636e+00
3.808343920378466585e+00
1.873048971960012965e+00
4.871558505801764305e+00
4.840531732139935484e-01
2.174252745543218346e+00
4.303419854338084605e+00
4.790151453874339715e+00
1.521689430818974342e+00
8.271050273738989045e-01
7.567893863639174601e-01
2.806473544765338168e+00
2.994090233805904333e+00
4.177354115742176965e+00
1.161311513915401328e+00
1.230283101150069669e+00
4.293576860781243454e+00
3.121237046904343337e+00
1.481621236000391750e+00
3.915602319163174361e+00
1.519529031479844416e+00
3.576906198473241538e+00
3.574581641604688276e+00
4.976495965831352564e+00
3.881554776648419303e+00
7.651184783599729311e-01
2.671317688702725235e+00
1.901543595738339310e+00
