1.033474587022589652e+00
9.207421293718925925e-01
4.403531864648847716e+00
3.154085525055965178e+00
2.307491180993713087e+00
1.685526327331904994e+00
4.093693930858452568e+00
9.546119571837602402e-01
3.360012868262583829e+00
1.601918206809003653e+00
1.240639548174475859e+00
8.438977914178175110e-01
2.422972407932993955e-01
1.083658677183160890e+00
3.257804292020481274e+00
2.336628882791542239e+00
2.671971546760334437e+00
4.987003286294518389e+00
1.549375801275961084e+00
2.546182018382602052e+00
3.522926476914514993e+00
3.984228725801541415e+00
9.668458217425368595e-01
1.399392073242283763e-01
3.688079976862983944e+00
4.740742696775567033e+00
7.462659617177919147e-01
5.388135800702115175e-01
5.503214703122799589e-01
4.110507343162261851e-02
1.610523782857590902e+00
3.322560683648060120e+00
1.124218053863109690e+00
4.203793565641069208e+00
4.213507066978491089e+00
1.538845635881289642e+00
2.294356811889475267e+00
8.847087538983616772e-01
3.297149582361056819e+00
1.304882442288742839e+00
6.567138009874551319e-01
4.465078930141500813e+00
4.083466599895045235e+00
1.054519698124384286e-01
3.816224995159163580e+00
2.154127504467915344e+00
5.972238317962524912e-01
2.344547362355309694e+00
3.179529899654401248e+00
4.172332733752936562e+00
2.271062662774494978e+00
5.106666562713185753e-01
1.299995279196373588e+00
2.852471959560305859e+00
3.379279219040550508e+00
4.995891440381464044e+00
5.014204164475144498e-01
4.168326761788300416e+00
1.860343299072813483e+00
4.237913123474039701e+00
1.942100725314122034e+00
2.225811454126803923e+00
2.133292946437291171e+00
2.109341319609299603e+00
2.598024277285246431e+00
3.537282910142491854e-01
2.568513023874219314e-01
2.566512988580460952e+00
2.721368073449788483e+00
3.908536829181497030e+00
2.441627759711113121e+00
2.092032779989946967e+00
4.609255212068056551e+00
2.302003497642041374e+00
1.155870674464167802e+00
4.084195822065611603e-01
1.785985507502165337e+00
1.675286262089641820e+00
4.147164297903199737e-01
4.564876731330413051e+00
3.140719426479787746e+00
1.960211590919640923e+00
2.235759904554730948e+00
1.850440036141839384e+00
3.402386118947111626e+00
3.564090668822662344e+00
1.253943098921333377e+00
2.822670939646619637e+00
9.729168180375125097e-01
4.564489650231040585e+00
1.722908686422262470e+00
1.209107094525909254e+00
4.610805929909092882e+00
3.164966695312313227e+00
2.261710351912600725e+00
4.709036430872959755e+00
4.715844868024690051e+00
2.203499058472420113e+00
1.018136251597813180e+00
5.455757876801320405e-01
2.487348112281351220e-02
1.348253907128600382e+00
1.176255745681356046e+00
2.559156296642721706e+00
5.468465121847287946e-03
2.184962319367944605e-01
2.342967839139395547e+00
2.387445433281401463e+00
4.620498541469065579e+00
4.097125714253568418e+00
1.180279692866679664e+00
1.425408995657308608e+00
4.862671646966253647e+00
4.342877937423121004e+00
3.485605238775406622e+00
5.838214315744949534e-01
1.741408919380485365e+00
3.688153902611705171e+00
4.573241345396954038e+00
3.968942454672003128e-01
1.302189447347023687e+00
2.849202671617172999e+00
3.557007921459788058e+00
1.250155532774856582e+00
2.230770034146421388e+00
7.705009193174078286e-01
2.623965700915293908e+00
4.143288717403052601e+00
4.962587002471275710e+00
3.132946505355392208e+00
3.360065182424642138e+00
3.869555292979143246e+00
3.157230798898762902e+00
2.869974025883541557e+00
1.755533501441400857e+00
9.763768124787997049e-01
4.956530595877425505e+00
4.110393396854533421e+00
1.319897884472412963e+00
3.719303998158570934e+00
1.835585690131720238e+00
2.663054565185910327e+00
3.847802557187749883e+00
1.906945363230746482e+00
3.321392995044822882e+00
4.868465616683147701e+00
9.064463580402198906e-01
2.041700240417132495e+00
3.139146623489819987e+00
1.872049074782425215e+00
4.437293839425294983e+00
4.436295561630210216e+00
5.089853546544348406e-01
4.063046559647808031e+00
8.016674484111402377e-01
1.719926610263106115e+00
3.954675569472745345e+00
2.130105498349837978e-01
6.980963817977497987e-01
4.099281110164550768e+00
1.002728238143948847e+00
3.907942888891137834e+00
2.330874984085046897e+00
1.848966642171795405e-01
8.244383122380427587e-01
5.413625979028180435e-01
2.724503345412170763e+00
1.793640384928266052e+00
1.610358420950674940e+00
1.463074834772598587e-01
2.666780515355906100e+00
4.996535670728717626e+00
3.435418797236374111e+00
1.564436211052154135e+00
2.475480641853151198e+00
2.544024073876366643e+00
1.822886011269817974e+00
2.557596807428192509e+00
4.148106762456471586e-01
3.250384331263144411e+00
4.507469133909526526e+00
4.095399108944221211e+00
3.551878506911766209e+00
2.395169794753051917e+00
2.336633454201322735e+00
4.422355927739921810e+00
1.129927431816577954e+00
3.259426668552922290e+00
2.345753155213425423e+00
4.771176078270237930e+00
4.525179985001554606e+00
2.160057389824435958e+00
3.422500389742890725e+00
1.188292186260897498e-01
4.376557227933947303e+00
8.972373783765646982e-01
5.574321782848251638e-01
3.660106687063749753e+00
2.717513455292448477e+00
1.260221172387949728e+00
7.862471574396290297e-01
3.513552887526704360e+00
1.305329482716717671e+00
1.893271195410474839e+00
4.255604158504572965e+00
3.304215033315833328e+00
9.120217976829653184e-01
4.508968515142946387e+00
1.653473452114357478e+00
6.322495334160010971e-01
1.289536074834046753e+00
4.019019678688557029e+00
2.210763343465881992e+00
1.500225113683347100e+00
3.507209781836484463e-01
2.655795851525877271e-01
2.649496562303709446e+00
1.037313596653504533e+00
4.191594937348057215e+00
4.647039703867270610e+00
4.481866442780146009e+00
2.735538929797276531e-01
1.672916669867797079e+00
4.219519032493925792e+00
1.868853292428039881e+00
2.496002534201646750e+00
2.367480752908409869e+00
4.166141994509906965e+00
4.904287393896877845e+00
3.415462243483161409e+00
3.889744154888118643e+00
3.050209039677720391e+00
4.664672314049282065e+00
2.171858637314851403e+00
1.104238133698165925e+00
1.613310345010279256e+00
2.279989503789120464e-01
3.012150357370152243e+00
3.856384529099748271e+00
1.731292876487918742e+00
1.668437827266997076e+00
2.615744721803867634e+00
3.383765471742109732e+00
1.144949946267282304e+00
4.020264165427762215e+00
1.973416407691575003e-01
4.954880438774923235e+00
2.985457226033891853e+00
2.849424554259426756e+00
4.268960448497450599e+00
4.917330152752049877e+00
1.711074587796259650e+00
4.310037305264216911e+00
3.264405030135329344e+00
2.943375104213290072e+00
3.669750030541228725e+00
4.925159047724450012e+00
3.473118349305026609e+00
3.679796574141338983e+00
9.506205552205332365e-01
1.738032056478248100e+00
4.780132697222784444e+00
3.668930969875225045e+00
1.786336166833797812e+00
2.223247486374791748e+00
2.487989558904019072e-01
1.740171840584736174e+00
3.473015688412870894e+00
3.503143282648679691e+00
6.417086897616181007e-01
2.058729230847065050e+00
3.612300171047998276e+00
6.153496918467432630e-01
3.069883032623384800e+00
9.357227743592166913e-01
2.782524049539248256e+00
5.512730132339938027e-02
4.389551206121428351e+00
2.866964794482886436e+00
3.047394674921017454e+00
2.748406933082836456e-01
3.722060763114268145e+00
3.615900957849249586e+00
2.333376019842432925e+00
4.392911047990556206e+00
4.990359361980827302e+00
7.684315284795956158e-01
3.711456306215981549e+00
2.355013390963728304e-01
6.445740023754376047e-01
4.625555874028419723e-01
2.354222145342268036e+00
4.851698373999461467e+00
2.834122871605924576e+00
1.772714833174392490e+00
4.130006548465114058e+00
3.652545018588128301e+00
2.067583984193474667e+00
4.056585196528033954e+00
3.010861065179236462e+00
5.076042861877266832e-01
4.966673750175838897e+00
4.321812847447755956e+00
1.824658667338529661e+00
3.328194878562566572e+00
5.488046138629670834e-01
1.583507963065711621e+00
4.765573620349832673e+00
2.823156340052660696e+00
6.894136628089064800e-01
3.810108092357270770e+00
1.773924811882408470e+00
1.381690613927047950e+00
4.716661840482123225e+00
9.501277107260841515e-02
2.699211563585411255e+00
4.105447354914187885e-01
4.929635768974697463e+00
1.037288278758485394e+00
4.254839790865301730e+00
9.655584060806338131e-01
2.742222912609554308e-01
2.931208861910588492e+00
3.033850042220716858e+00
1.161697568663882407e+00
1.984345658043362715e-01
3.149823347718355926e+00
1.012739797575412659e+00
1.776594978648872836e+00
1.293409442997674574e+00
4.022454582579659821e-01
2.027657803839269413e+00
2.656001091769971900e+00
2.905674418256470215e+00
3.971197503662531325e+00
3.400069122645255515e+00
4.794253298882856562e+00
4.625209587553086976e+00
2.295081762694495264e-01
4.170815453616561364e+00
9.516451555756400005e-01
2.170885273010490835e+00
3.002749711388321696e+00
3.928257394339558672e+00
3.158640496666207387e+00
3.351885288082866232e+00
3.068468479954788553e+00
1.326884924777091967e+00
2.626023730272184054e+00
2.055450496058773169e+00
4.181390080638416329e+00
1.008340968825804929e-01
1.355588189636347973e+00
1.276378150595873784e+00
3.429095054142083487e+00
1.154345825044377882e+00
3.496586940240931085e-01
1.450441676125915791e+00
3.572442657779859587e+00
3.997762402014218175e+00
4.682007646941841017e+00
2.040046684739102112e+00
4.500627891179441065e+00
4.810694822575079854e+00
4.878500175573635467e+00
3.189874767202871553e-01
2.726746432281244026e+00
8.412528816273795451e-01
2.009350884426133188e+00
2.259900775667542661e+00
6.428233223457457957e-01
3.353562845294284944e+00
4.735621730574413490e+00
1.505051620471739016e+00
4.335080294541077350e+00
1.564799103547593440e+00
1.663075955441256637e+00
2.256574077451305005e+00
6.967434361576296808e-01
2.306507589493236310e+00
1.644554895734312572e-01
2.286124357304965660e+00
4.063699912223398769e+00
2.726945597196849924e+00
1.179115961897097442e+00
2.086248421290013866e+00
3.916050382793294649e+00
1.366405701605831746e+00
3.888144752008408922e+00
1.875415971617551580e+00
2.914825321628984334e+00
4.058078505967547045e+00
1.345871168227779524e+00
1.188248931063812908e+00
2.410497774170924146e+00
7.407917483137005377e-01
1.942306293509803883e+00
9.364224531106674076e-01
3.439778046065915085e+00
1.317525135194556718e+00
1.653632054690834519e-01
4.463306382088835456e+00
4.023712136905239767e+00
1.984576785619409200e+00
1.604431993904471998e+00
1.335932391328558566e+00
4.923229835227455053e-01
3.762309346270249488e+00
5.306518282096017725e-01
4.540353019462332718e+00
1.626623585261964156e+00
7.536575809223583500e-01
5.909440173582458655e-01
4.879434027819694819e+00
1.418158055905949233e-01
2.901099691845132167e+00
9.495490023416763847e-03
2.723360788209397754e+00
2.449840401738172080e+00
5.504902330956423784e-01
1.469216689953027455e+00
2.465283960029471810e+00
4.565806526527500964e+00
4.940053878059504910e+00
1.521416138919115646e+00
3.049743020864326137e+00
1.182475280137899709e+00
2.417991881012504951e+00
4.305405229824335933e+00
3.790166040284692173e+00
2.790814810283820391e-01
2.853491878796110548e-01
2.722899794404205931e+00
4.787222564493356813e+00
3.560995191908804536e+00
8.268029451486996750e-01
3.914329153499575664e+00
1.211150781488660844e+00
1.882669956428626001e+00
4.276993516270937157e+00
2.195670484828586400e+00
3.656855565292711496e+00
1.509905890112783755e-01
1.551554117674244893e+00
3.405150699171885620e+00
3.518465240405435068e+00
3.048977835458429375e+00
3.187411085423906165e+00
5.101355245004429717e-01
2.812991488828612940e+00
4.368889770439355225e+00
4.843758873697495915e+00
2.149324425036387876e+00
1.138202751390034351e+00
1.955399680139011664e+00
4.125675817264761847e+00
1.637447243754089898e+00
3.245215039322438599e+00
4.095414798485969676e+00
4.643578942684316146e+00
1.011684075407548900e+00
1.567035622154205221e+00
3.901925462702245273e+00
1.741944996719857919e+00
1.809718767784601612e-01
9.521998209905851995e-01
4.961936109403513484e+00
8.088069905176525909e-01
1.343382326539874327e+00
7.907255283374187149e-01
3.070990812319113417e+00
3.907352330603750978e+00
4.845844280083278832e+00
8.425149080427629666e-01
2.739945746089766931e-01
2.006825418614854861e-02
2.165015126269153711e+00
2.912252153177006697e+00
3.828419102315408828e+00
4.065153979331365797e+00
4.765284023506609401e+00
3.708885433670209508e+00
2.938487366006093282e+00
3.922560859231640773e+00
4.688440598111245805e+00
2.543062673216384795e+00
4.915729098508123229e+00
3.871810123728714359e+00
3.527172483021915994e+00
3.772680890338573789e+00
3.276886126480080819e+00
3.446178342530900718e+00
6.439065017609679753e-01
4.640120733629735206e+00
3.877524453497871892e+00
2.279468784104457413e+00
7.309084683807032246e-02
8.986067362851152263e-01
7.545396470220627760e-01
4.737214233792900409e+00
