2.715682670126442488e+00
4.921157609889679208e+00
1.347853542094927359e+00
4.626815582289018458e+00
3.116944628151285368e+00
4.217374905766769544e+00
7.728880361604911764e-01
2.720502987269394879e+00
1.988808822733694193e+00
2.787047173328475402e+00
4.592872633464182286e+00
4.122552573532665576e+00
8.494100859727571340e-02
3.446791333915542044e+00
4.138145263048922828e+00
3.729113281796173851e+00
2.709193993312508209e+00
3.825976902873311492e+00
1.319254580848573388e+00
1.912042566788552111e-01
1.042468093940481788e+00
3.537810642085863044e+00
1.995570992193895776e-01
3.515424324248411114e+00
1.245326973494682576e+00
9.722523105889152584e-01
1.700626098869713054e+00
4.697790270348688679e+00
2.564235963208555624e+00
2.167395526654231075e-01
4.298984623677543082e-01
3.468761675688581292e+00
2.045522834828468195e+00
9.576720399514992987e-01
8.789423357806347425e-01
4.226755618081253552e+00
1.631644245121074421e+00
1.792702865356701647e+00
4.342871146690624684e+00
1.621838443403516461e+00
4.285396897946628592e+00
3.182193790066695227e-01
2.934135716242726843e+00
2.009050535318719799e+00
1.756183009367715986e+00
2.534564796976718215e-01
2.792027952166347138e+00
3.740888297430672305e-01
3.679244113831686036e+00
2.144739872199397102e-01
1.787502435932181166e-01
3.019762753771089603e+00
4.463045185738164555e+00
7.290978710745793512e-01
3.706950228655488289e+00
3.399427374809457891e+00
3.234473891719589211e+00
1.590620989247828909e+00
4.797024363778333189e+00
1.489002374074268165e+00
1.371433828858017900e+00
3.208334026379258130e+00
2.095464922125707563e+00
3.278142127177718912e-01
4.776721005641062945e+00
1.222829535318632477e+00
1.955204407282472578e+00
1.988427747871387430e+00
4.634316070133358778e+00
3.640470730202749472e-01
4.673464044045172905e+00
4.248856963432169564e+00
2.279088308217806613e+00
2.616629120001107367e+00
3.357078845379979803e+00
1.103475829344409576e+00
3.779101420627394070e+00
2.108022866992515620e+00
2.421961382840919441e+00
2.467185817000117964e+00
3.253447508312263370e+00
2.677993436345491585e+00
4.956989856822978879e+00
2.878761758830862050e+00
4.858914103403781048e+00
4.445582657102231217e+00
1.429997896782018163e+00
3.766154053285907466e+00
1.689237875199421257e+00
3.910885646477973765e+00
5.446236396021353343e-01
3.431031546974025570e+00
1.313381096231465595e+00
2.857625022361556244e+00
5.906501227209082217e-01
3.140917008106971053e+00
3.126404700497252165e+00
5.721230346950950674e-01
3.584242422341954448e+00
4.028063350073915139e+00
3.600024878068667888e+00
4.623178984577604567e+00
4.118199033254105190e-01
2.489441718797759329e+00
1.703943488494610303e+00
3.424368290030734840e+00
4.182407539983977074e+00
4.510133056270825946e+00
2.367873302797080193e+00
1.377230431133028565e+00
2.643129874353566500e+00
1.559406947199164506e+00
3.256522702878216879e+00
6.855436134688042138e-01
4.512804543270327429e+00
6.418816502511920374e-01
3.055343137864054093e+00
2.306021508633922856e+00
3.482735913191850052e+00
1.793944127903935204e+00
1.959726870142465271e+00
2.670941521023990628e+00
1.865289363697062441e+00
4.223496885356979647e+00
4.929123684767036551e+00
2.520170275474340027e+00
7.063967272071919323e-01
1.488964918349574562e+00
2.070007246135208145e+00
1.661220449132639887e+00
2.596524179904444285e+00
3.806567401423546215e+00
4.521461585961419338e+00
2.544215295332467264e+00
1.001258033487919974e+00
4.163048254734611042e+00
4.164424320451059813e+00
2.154103272134816116e+00
2.197642069813050103e+00
1.533676056168907120e+00
2.758656148448103806e+00
1.580806357005137830e+00
1.613335651334019127e-01
7.754864528998162143e-01
4.565192958495290831e+00
1.026321310768280037e+00
2.783041737707420360e+00
2.189621126313817667e-01
1.306364470974932690e+00
2.250406092096627120e+00
2.856955324988587730e+00
3.499088335517789083e+00
1.903830977373228261e+00
3.415672618132924221e+00
1.407484984467070710e+00
2.546549432983608696e+00
1.444816082194975149e+00
4.740712554246425903e+00
6.440429826573895733e-01
2.225929463300617250e+00
2.001806563461023813e+00
1.353971838182674414e+00
3.353548770610571772e+00
2.310501456812468213e+00
2.736902112465977588e-01
2.590669954972750322e+00
4.116389562450510020e+00
2.141485725382372252e+00
3.606782023614051091e+00
9.691959761172191934e-01
3.315267170246565254e+00
1.985154907604275154e-01
1.541669693814460285e+00
4.297300794612463726e+00
3.723244691573598608e+00
3.053077393204339351e+00
5.931912783182036186e-01
3.290984150181535561e+00
4.428566964461823297e+00
4.576993531054379005e+00
6.806448934974812515e-01
5.471770790029084619e-01
5.403570889690734180e-01
6.848563023438292152e-01
2.168443833795380415e-01
4.536565414861154721e+00
2.265423165150833640e+00
7.544471692852250388e-01
1.583331805143554094e+00
1.249797779165237710e+00
3.801676577572648874e+00
9.273108156273135450e-02
2.925063941394518530e+00
2.126281205039650235e+00
1.685293005736084870e+00
2.806303888743762354e+00
1.083931242558898056e+00
3.167069461130722630e-01
3.891749984301523746e+00
1.544879863193803216e+00
1.089265205118931101e+00
3.900731468785308742e+00
8.254905056883143910e-02
4.855882780294342282e+00
3.085557985925863278e+00
4.214495769721372298e+00
4.762635517799584051e+00
1.184930396763442806e+00
4.107133307747880657e+00
1.919767092736374137e+00
3.749144475144914779e+00
1.106662994962536173e+00
2.595104058335121699e+00
2.062142980763381317e+00
4.456409946998266314e+00
4.183876889787235598e+00
3.668230410284794019e+00
4.858254507338216399e+00
1.235820953224167518e+00
4.694298818575618704e+00
3.389607903307662040e-01
3.817928081957958852e+00
6.090423561572477773e-01
4.719027946829043252e+00
6.735156516157064788e-01
1.184289349656675316e-01
6.488583807498965461e-01
2.162838396462201107e+00
1.916277275994336282e+00
4.585054240680422666e+00
2.364788337760499015e+00
2.351989447845358683e+00
4.796460787629184708e+00
1.359084379144445132e+00
3.613925264947438265e+00
4.403896061006659757e+00
4.700997669609316532e+00
3.171422776866028581e+00
2.588172734418171750e+00
4.393262677343812150e-01
2.520305864306489507e+00
1.431727480066123270e+00
2.793838819894505221e+00
1.991885563078062304e+00
2.464411418148077626e+00
2.433553262389120064e+00
4.450505807357230559e+00
2.467788017103579978e+00
4.663704456976568657e+00
1.765682967302823592e+00
2.591628613229518763e+00
3.080404811053805592e+00
1.559491071469054191e+00
4.524587595050468813e+00
3.096350522978275954e+00
2.047413013357816780e+00
3.255761915067041823e+00
3.290932217987851960e+00
2.413256743894596212e+00
1.655283756930818306e+00
1.027750786743750755e+00
1.502455388971874584e+00
2.778353774097257478e+00
1.328839479394799961e-01
4.176499393682739480e+00
2.289539654128226687e+00
2.078896478693532224e+00
4.576377355673773906e+00
3.482270522054773831e+00
4.154287366438382811e+00
4.805200064271508698e-01
3.421868953229846966e+00
1.634670665070664386e+00
2.290797229782786548e+00
1.618068494961630854e+00
3.830046315777496657e-01
1.167366120592809420e+00
4.385788806490181990e+00
2.594494308171639396e+00
1.435177738821766802e+00
3.682715272710317400e+00
1.111681145622583244e+00
1.092838561760816507e+00
2.304552281825478222e-01
1.696289758012851090e+00
2.455809488819800990e+00
4.730713501760106965e+00
3.880176661909323643e-01
2.345361379494974141e+00
3.238037055949447574e+00
3.538605543808735376e+00
3.066724938249488552e+00
2.429566925523603427e+00
1.181900853602972479e+00
2.594825918381646446e+00
3.029374076427358453e+00
1.390623191922179647e+00
3.737110260583811350e+00
4.805113064120367206e+00
4.239583527265959439e+00
7.634906330488661075e-01
3.229294706854255459e+00
2.792883099788065593e+00
3.135509715195532898e+00
4.737878800618933184e-02
3.889414043003970534e+00
1.441121004368796088e+00
1.010872899832879757e+00
4.783381101150626868e+00
3.180641640042138008e+00
9.406265025394461299e-01
4.884714974851068980e+00
2.825691739832090654e+00
2.946137897075158385e+00
3.012546117366088794e+00
4.849817717581212051e+00
4.893029511601931780e+00
2.688174803367919807e+00
2.328749624690822362e+00
2.495241261582933134e+00
2.436214315279345843e+00
6.605641364195891097e-02
1.667978623858974885e+00
2.060913292727893698e+00
8.561749096933091163e-01
7.051546835336375274e-01
7.854019167227743736e-01
4.322095567339266253e+00
9.816505629152455503e-01
1.356380794154303349e+00
1.340203897896472984e+00
3.798845976914755340e-01
1.617749723061423062e+00
6.461157042833060027e-01
2.963175350309495748e+00
3.338242178827680817e+00
4.946220829201267932e+00
4.150570314240448200e-01
4.028146951093269479e+00
2.650460609670744372e+00
2.865507669079578879e+00
3.272072981837677474e+00
9.150008303936651988e-01
2.176167435686787721e-01
8.605017810158321900e-01
1.699029860830540972e+00
3.430638973221017407e-01
3.844618455155333514e+00
2.977865441586192041e+00
2.620629136628378042e+00
3.903468897745867139e+00
1.460558498781012293e+00
4.489023966335476956e+00
3.126750864482206627e+00
3.196545598825839551e-01
4.226627434182329779e+00
2.307635845235297190e+00
3.338259011161101686e+00
9.380140337549441876e-01
3.862290170604053330e+00
2.168101691801717301e+00
4.150123612592677702e+00
8.068532976002951163e-01
2.762711400209962864e+00
2.001352809073249528e+00
3.871348632148902347e+00
4.339986731754269300e+00
3.712469214577689414e+00
3.466904371504457405e+00
4.052498811793992850e+00
2.064987019571620674e+00
4.531978809469298319e+00
5.936538426388426881e-01
3.561007313441141964e+00
3.127431230386790162e+00
3.081546146391045848e+00
1.753119327923675197e+00
4.636608938971054084e-02
4.505212523352852827e-01
7.653612731465969654e-01
2.747572508865803620e+00
3.495134329024340847e+00
4.382180336753699335e-01
3.766442162999206200e+00
1.301314426550445047e+00
4.114475633517501230e+00
2.671071191607874429e+00
1.575465490661823065e+00
4.126606680438215768e+00
6.128528747281403177e-01
2.323658843033473698e+00
1.176881795550470233e+00
1.328911364066287071e+00
4.946772624054268652e-01
3.604670596275840744e+00
3.627989285039535439e+00
2.266163857559560402e+00
2.764246174623515184e+00
3.180241818983549074e+00
4.275721078929539232e+00
2.165368254297688200e+00
2.123560415093009190e+00
1.532581807504822091e+00
2.983830358941093053e+00
3.089253289915472767e+00
4.439706195085290297e+00
7.948283878999223839e-01
4.395659693734412343e+00
1.529878377332753558e+00
4.118896427022314732e+00
2.768089582522581971e+00
2.650058359120366802e+00
1.371871450170465856e+00
2.113236854964091194e+00
4.534871942047577598e+00
9.379658549767255771e-01
1.990783061008980059e+00
1.045430787174023157e+00
1.176844779072829361e+00
7.691205469383216586e-01
2.407516077187139558e+00
3.064395381462753143e+00
4.954445030536448691e+00
2.670551970779376560e+00
2.622075857720345127e+00
1.486558018736988673e+00
3.151912564773284409e+00
4.990094015985243381e+00
4.756821415462901825e+00
3.390405714565394746e+00
1.068646877677664753e-01
1.269619565119027849e+00
3.430685641650279560e+00
3.619860934495140903e+00
2.864044817993283587e+00
4.119815229555862324e+00
2.997766073507384110e+00
4.865144853965711391e+00
5.321097387551637636e-01
1.247368700212633241e+00
2.613387893741255130e+00
2.820186240017556578e+00
3.216518551056333219e+00
2.770644820304982048e+00
1.118309214209988856e+00
2.686480245534505151e+00
2.360276973024066915e+00
1.276360743377111806e+00
9.766369428263715902e-01
4.799843207662724431e+00
3.554927889818314313e+00
3.307819421929107939e+00
1.958547584729510849e+00
7.809540898977973544e-01
2.671582846933860278e+00
4.657734737088392585e+00
3.187970430637999897e+00
1.818439240704794901e+00
2.598286651265622638e+00
4.615022275508676941e+00
1.504725502887785948e+00
5.602977044432305709e-01
3.945890205188468336e+00
9.124150175542378172e-01
1.995378128033282739e+00
3.518019724846194185e-01
3.407006230224072674e+00
2.859308989891710784e+00
8.503446078939269626e-02
2.243249602291741418e+00
4.857430924175981879e+00
1.827825172890065630e+00
1.114777029341288417e+00
1.793445463488687608e+00
4.043184522344039911e-01
4.170444972886999224e+00
1.432693898868448557e+00
1.492685628870933812e+00
1.813816811648556016e+00
3.309391485558588197e-01
3.900580631572146295e+00
2.493924880084730233e-01
2.522772882536739480e+00
1.107484033833355808e+00
6.753760196483415967e-01
4.147625503656555246e+00
7.230831749690863619e-01
2.973180260831970179e-01
4.914751122030139641e+00
4.249861563453849911e+00
2.879126425121295796e+00
3.660150617262153183e+00
3.403902627028027261e+00
1.476237566365529164e+00
3.345803741788655916e+00
3.845219570951943222e+00
4.434528727341324750e-01
4.845609562703948825e+00
1.288543849225654458e+00
3.714781280136404185e+00
