3.308442132605670771e+00
1.295793671670342206e+00
2.654956845728779324e+00
4.233148247827942967e+00
4.570046643369749972e+00
1.649360179927404912e+00
1.979099761312373973e+00
3.100949272816710955e+00
9.807265538418530326e-01
2.432123017324170355e+00
4.079672317663606051e+00
3.000271938088924450e+00
9.796270365616066567e-01
2.543303290783591297e+00
9.155823390200146239e-01
8.145992678458147118e-01
3.675568080290397610e+00
3.593173564613447279e+00
5.191667295647184321e-02
4.426799269564576811e+00
3.010351572962655098e-01
2.560453290875246424e+00
4.805528660906910332e-01
3.733966361536456446e+00
1.036802429709530182e+00
1.622794917257752711e+00
8.858201565734374894e-01
3.006138596845747690e-01
1.699448293221504924e+00
3.054527156239304375e+00
9.104296700293446065e-01
3.559128736164163698e+00
3.780350880288935178e-01
4.852815215100557467e+00
9.115208236923294516e-01
4.094199333897186932e+00
5.319540710763082103e-01
1.147601930804784676e+00
3.657345689490719920e+00
1.568467706462354894e+00
4.038231651986246007e+00
3.102961447426198394e+00
2.205090727103558024e+00
3.257816716218127517e+00
2.476010139902875551e+00
7.385629390483700041e-01
3.645671340711225117e+00
4.633422530325594479e+00
2.483121819498739224e+00
6.860769761378610054e-01
3.795595998973546159e+00
4.557707484736352122e+00
3.075263889003529982e+00
4.530541079728095388e-01
3.093638456776366841e+00
3.771131386211739489e+00
4.176616314585807288e+00
2.256831333023531894e+00
6.757724122069391770e-01
1.713405382595311721e+00
6.470755720018883661e-01
4.442427612486955724e+00
3.387936044282183090e+00
4.298548913019733853e+00
3.158238666259135741e+00
3.044331153441430349e+00
4.618540034031567210e+00
1.789567828627178336e+00
9.532352658667431200e-01
4.658144015965829610e+00
3.479236529587216076e+00
7.323552102455360702e-01
1.645238637651558644e+00
9.990801091015333313e-01
1.138516007506840122e-01
3.037113159270516949e+00
2.704794181720482804e+00
1.095463936274506001e+00
3.757521757651460792e+00
4.957342456307994860e-01
7.115410818170680995e-01
3.232260441630712133e+00
3.008843779121442630e+00
1.153666318278652625e+00
4.125649425013154570e+00
4.397280892929440910e+00
9.316725959888988440e-01
1.573884275879671168e+00
1.041149958251109675e+00
2.087226499756129172e+00
1.869329247690047602e+00
9.645991613232662854e-01
3.953780194619253230e+00
2.387160387972301123e+00
3.001799490157298855e+00
3.311177223583795737e+00
3.774813823843706118e+00
3.289774222339034715e+00
4.745263059131040961e+00
3.325355562594237924e+00
4.673647310118774989e+00
8.362704432381057318e-01
4.595105096504596531e+00
1.207057893155393913e+00
4.647563473843569604e+00
3.193590794088060569e+00
2.698391121168262519e+00
4.724471995981468275e+00
4.963298549227986634e+00
3.414899937171539390e-01
9.153309185642172219e-01
1.220338266415809114e+00
1.255105032030325862e+00
1.331376396037325271e+00
4.714778465285849762e+00
3.357857178564149780e-01
8.021471221768083915e-01
3.249871034979425755e+00
2.318642166235047597e+00
9.892350153831486193e-01
3.181100741217135930e+00
4.636655712609736746e+00
1.734776979518691142e+00
3.284538568444120177e+00
8.999189589769174269e-01
2.771931476447679454e+00
1.833364903432166404e-02
3.608200567231682143e+00
1.955849830469015949e+00
1.338985986084821889e+00
1.514736658872569031e+00
3.712661387032348159e+00
2.677994686553775150e-01
2.328398942328879340e+00
1.309463961245416197e+00
2.534590940610115251e-01
4.922855406656681865e+00
1.332620441166942893e-02
3.187629528619567054e+00
3.721932635980934601e-01
8.908073944134176081e-02
4.928624887595333348e+00
4.619028331881970928e+00
3.747754074837319482e+00
3.687191393223459013e+00
1.998938159860380592e-01
4.408662026524192257e+00
2.508213183003338287e-01
1.822165190904109888e+00
9.835415109373918385e-01
4.826348338459360399e+00
4.882287956291639475e+00
4.593145553897386435e+00
4.608937559987400512e+00
7.934057289122081746e-01
1.865290787587335908e+00
1.272811178527990972e+00
3.918932820980001175e+00
2.431150902874856357e+00
3.498525214708464448e-01
3.707656244877977514e+00
4.460559783309101078e+00
2.869729924188622938e+00
4.346725235165662227e+00
4.170096684903196405e+00
1.406694459362525684e+00
1.978709060930746721e+00
3.634534734115170806e+00
4.182409326168867736e-02
1.366228614173446321e+00
1.714338740868963207e+00
2.062000970134523214e+00
3.972372691199077543e+00
2.400395439722528668e+00
4.725612431973004846e+00
2.288738720564738927e+00
3.548823981022470875e+00
4.498866493443378189e+00
1.264492434946524302e+00
3.734128796655509674e+00
4.526397302014069979e+00
1.561538859879742613e+00
4.426683455941826661e-02
1.859891599721458233e-01
1.468744888043793217e+00
2.548666913767761333e+00
4.127730358710462788e+00
2.215629091073160417e+00
1.366448312362544382e+00
3.434946460424648240e+00
3.988671409894174680e+00
1.962927773196282422e+00
7.499602261305315931e-01
3.543315195215819280e+00
4.000086103677669591e+00
2.957801857688891367e+00
2.244927298851618236e+00
3.839843741789373155e+00
3.853926518827060388e+00
4.025126216037843818e+00
1.713160566691751541e+00
1.668974325633357125e+00
3.055510707924253833e+00
8.982673976373090063e-02
2.610490981921829601e+00
3.313732874889574020e+00
2.469912597791209308e+00
4.844796744100506203e+00
3.767408969301075494e+00
4.927610317965268827e+00
3.916720885218327730e-02
3.331877593002873006e+00
4.599335498784762777e+00
3.422770676894566488e+00
3.882197059029768305e+00
3.448027176422179263e+00
1.889390323350503831e-02
1.903980923913304757e+00
2.656145047374006474e+00
4.326187691658043732e+00
4.031252747686709270e+00
3.586044900887871201e+00
4.035752915980935995e+00
4.932679602283860376e+00
1.062502336777871870e+00
2.983949289649401315e-01
2.772144024493044423e+00
3.959476846143977546e+00
1.455986316940006020e+00
3.408033214308359593e+00
3.392108184257542902e+00
2.350828598033643857e+00
1.733136728692524775e-01
3.874700127259762095e+00
1.779124506978476017e+00
2.814471005532206416e+00
1.371379009627365919e+00
1.235037140854393201e+00
2.737057124027730826e-01
5.276933911731140903e-01
3.082363737947175331e+00
1.316788883497463480e+00
1.517654436961137776e+00
4.472443827221191270e+00
2.189769455443761004e+00
4.306715794734918390e+00
4.754466968351096057e+00
3.633980677959154804e+00
3.454180948976559584e-01
1.259345684626413941e+00
3.260216382210896491e+00
5.727900672568908558e-01
4.448736101527851261e+00
8.968402468900443791e-01
4.767649672026939456e+00
3.603703559049031835e+00
3.090353013024071949e-01
1.522740330716457091e+00
2.676057242985921292e+00
1.477129459941403100e+00
9.155607283957817311e-01
4.036909090982777393e+00
3.851881210836610725e-01
3.649946883796758357e+00
9.865756187961322032e-01
4.138384291262255488e+00
1.992140927832620090e+00
2.566946591345063311e+00
4.348457968421738151e+00
3.771342590411445705e+00
8.723638013671664027e-01
3.616327700057581751e+00
5.892565331932730910e-01
3.696618086215430754e-01
4.767307164740452130e+00
1.121297924986742744e+00
4.899824081584289281e+00
1.515655580639694300e+00
4.107123898777692794e+00
2.185319332955141469e+00
4.154794182890716669e+00
4.468008925598802250e+00
4.386250532794283563e-01
5.356231557325641379e-01
3.325194083437900794e+00
2.132494597477729403e+00
4.554786779726770263e+00
1.089769064939952736e+00
4.421770216626071281e+00
2.879792430597831743e+00
1.186570965358552776e+00
4.150759832550360073e+00
8.780593400356556666e-01
2.154934663853036891e+00
4.875721132750624243e+00
4.534642884157208620e+00
2.348763766272864650e+00
4.384804362635089880e+00
8.986462004971523809e-01
5.450086947436533213e-01
4.368405944509071936e+00
4.453636099168752693e+00
2.018187682098769642e+00
2.592955280976827481e+00
1.923158082691587722e+00
2.806783911564540990e+00
1.925678687852153681e+00
9.769835198915455265e-01
9.199205165397483785e-01
4.998858471836681971e+00
2.090782870042954933e+00
1.674793709973774636e+00
1.217233320539918839e+00
5.879818782075774131e-02
8.837051812884288982e-01
2.785598159868492019e+00
4.846434293242945834e+00
4.539392201582648667e+00
1.248744148112248542e+00
4.942335080624732369e-01
6.828473831990478082e-01
1.712303584817665980e+00
3.728141123875323704e+00
1.813728162175344938e+00
7.079004879257050353e-01
4.799269484023292343e+00
3.321498678128002702e+00
3.580881876180436851e+00
1.360208684150841396e+00
4.783032755085041998e+00
2.152089750602591778e+00
2.688753631894214013e-01
3.385334105155004547e+00
1.447351787741959495e+00
1.481502635304902116e+00
1.704446331052962282e+00
3.836670987900885343e+00
3.353635249912274574e+00
9.247377245831117643e-01
3.990299463264276980e+00
3.693071278666471002e-03
4.334461028325609533e+00
4.439185868777439481e+00
5.200001081693822469e-01
3.759728333205180739e+00
8.013945922298698621e-01
1.426857090646882931e+00
9.581216102753953301e-01
1.433946342257584217e+00
1.196086810000756451e+00
2.695139320183039366e+00
4.560414748602950930e+00
2.106086325400441162e+00
2.023842739239709143e+00
1.884100578886142019e+00
2.927531907813113676e+00
3.504177059859503451e-01
4.547726797581161939e+00
2.102320101806823160e+00
1.874812185592167335e+00
3.316684625442072321e+00
1.300086381851595085e+00
1.433258760570834234e+00
4.473957271667675428e+00
2.801476850779965888e-01
3.252248600179203919e+00
4.495229160132932833e+00
1.476326090079332909e+00
4.405723149363121927e+00
9.178701913774567345e-01
4.104534450699263814e+00
4.499561820489030417e+00
4.722368937104516995e+00
3.707413972582677353e+00
9.208511293275606358e-01
4.110637931997472627e+00
2.549616202783338004e+00
4.913880678702538418e+00
1.140985589849020654e+00
8.338396899378258675e-01
1.910317833283097677e+00
9.010619498744854017e-01
2.429134749458101705e+00
1.495538656831446600e+00
3.529558485047017413e+00
4.741439992159232730e+00
1.489707972462963603e+00
3.899771132209693292e+00
3.600707804314265736e+00
1.714310092206887237e+00
3.075154085936560033e+00
4.559824693548567787e+00
2.961800195100162902e+00
3.466570053562556097e+00
3.749047193274430256e+00
2.761978743056952901e+00
1.374112865624099289e+00
2.023978700187561319e+00
3.776384986832702850e+00
4.648137203479871360e+00
1.157585203587998990e+00
1.141493049492910306e+00
3.646980558026981623e+00
2.422198637546997713e+00
2.684853811812816904e+00
2.007745398130325043e+00
4.274387594323005857e+00
3.336392662133773612e+00
3.489763885121742959e+00
2.691199481178324637e-01
4.622180901855015733e+00
4.368196982252253946e+00
1.635816152355824560e+00
6.199526431181379138e-01
1.933533141841102809e+00
3.759159453527654460e+00
1.392847349310874616e+00
2.903340555467318396e+00
4.456094240738826429e+00
1.785415120548508039e+00
1.031077418196770346e+00
4.642442626715881815e+00
3.043102973750710927e-02
3.004606047371383148e-01
4.184400809388947096e+00
3.516781255289092467e+00
6.332468685277814480e-01
7.305995733410286519e-01
2.250428682353798227e+00
2.434195453777791229e+00
3.675954373716726842e+00
1.576305146420972081e+00
3.216230060203624674e+00
3.368941393045153276e+00
9.948824480097295808e-01
3.946265806982446556e+00
2.025485889251670280e+00
3.022961461279439987e+00
2.930222554894990949e+00
1.398220766740568832e+00
3.131482397963798014e+00
3.269811553537952165e+00
3.966728342003255747e+00
8.069593511044026446e-02
2.681733727008119406e+00
1.931574017074562555e+00
2.344226770849465069e+00
3.858733549059274903e+00
1.479961320535897462e+00
1.501313169222623367e-01
4.509163962258826430e+00
3.828907687883824185e+00
2.162079585767774148e+00
7.346865848211014960e-01
3.044120207433565817e+00
2.285210984676937507e+00
2.251925672493028330e+00
2.897447538921193999e+00
2.067507640046856165e-01
4.857426979056922445e-01
1.670030914928339882e+00
1.815018118031341832e-01
1.181870180659714720e+00
1.177480939392350212e-02
3.041082136033618211e-01
1.496075323624854292e+00
2.376322442033106164e+00
3.646011868824852620e+00
3.775829579922452162e+00
4.903814280260450076e+00
3.281000459263740510e+00
9.494311220999007706e-01
4.840865268305535096e+00
2.430715930047326889e+00
2.701488668977355623e+00
3.694509826276892728e+00
1.768201655780361925e+00
1.986178954473824643e+00
2.675642994797562846e+00
3.380561417262822665e+00
1.261884855099800751e+00
6.778112004491876341e-01
3.600682668856908242e-01
2.555633761111051783e+00
3.048555158353720707e+00
8.404872715290279128e-01
2.522233029052393327e+00
1.212990192382616961e+00
1.608487221369829356e+00
1.178679776934598022e+00
1.711901586978732848e+00
1.565968778186094257e-01
2.736872503927753719e+00
3.520296777054547910e+00
2.979702342785576885e+00
1.978621806372099501e-01
2.296300381739904584e+00
4.479654832068291626e-01
2.375304971790153097e+00
1.719167243685526092e+00
