2.937418008067735009e+00
4.710145276011478366e+00
2.659215842705282551e+00
2.290230028179116140e+00
3.012157524732386182e+00
1.650078511641610124e+00
2.775677185890994103e+00
3.142648417108189651e+00
1.886164015928603055e+00
1.470203374781966055e+00
2.775467978733456409e+00
2.352646322008312030e+00
2.949380982058272149e+00
2.114052436655555756e-01
1.624307608857189500e+00
2.597292458891093503e+00
4.059855790339455872e+00
4.830880551622390939e+00
4.850502090795270504e+00
4.611273583633334283e+00
2.245317135237888451e+00
4.041511013341530401e+00
1.409186756834551746e-01
2.040567252559744027e-01
3.259645058471301482e+00
1.557655149105260373e+00
1.737387149601854031e+00
4.473322060025946456e+00
1.321757962519217067e+00
4.297037392732391936e+00
2.764553080081822323e+00
2.428502730651697750e+00
1.467219057218880796e+00
3.941762212398836063e+00
4.470268472355100720e+00
2.092434002804399729e-01
4.766785313808197699e+00
4.366038801904592148e+00
1.799492036409726659e+00
2.185450940879528403e+00
3.568746017379735402e+00
5.643055835644550378e-01
3.661816774122741425e+00
2.394989775882329752e+00
2.029655145962629970e+00
1.980700857738855181e+00
3.836825444233898263e+00
1.382303904606274614e+00
9.736118352541167642e-01
2.953060520793036936e+00
3.413752201241198492e+00
7.967145738961756152e-01
2.346171842725483181e+00
1.192005603586960394e+00
2.273430585783033031e+00
4.628428884992426440e+00
1.075600424530075427e+00
6.790498253461413336e-01
3.225872837046821040e+00
2.881812034431467495e+00
2.637714299591594092e+00
1.342702525606521702e+00
4.296830965576863726e+00
4.857593684782552046e+00
3.217716776593997796e+00
3.669863952795140438e+00
3.997743607143094957e-01
1.509237506312294919e+00
1.555549339426749889e+00
3.252704569682262736e+00
4.258041814327073737e+00
2.141090812800332088e+00
2.569369060066816424e+00
2.808028646676907325e+00
1.081017252677789031e+00
2.070787489825214323e+00
1.618455799396060213e+00
2.389157324061127241e+00
1.705857367629837196e+00
1.284738794223259095e+00
3.049915471460923344e-01
2.271964711050440844e+00
1.152061542574738695e+00
3.610792753943394828e+00
3.299411277401843812e+00
1.467389323715841520e+00
2.029494320465758950e+00
1.719445397839092671e+00
1.228825652794620193e+00
3.963148236910699396e+00
2.732066710750241434e+00
4.552784821005423588e+00
1.627025126154772572e+00
4.589818668617895447e+00
4.125923193552358370e+00
1.087910809570411086e+00
6.486703106624619464e-01
4.543273508576347375e+00
1.136063982512843795e+00
1.223353265358210207e+00
4.453211087031757387e+00
4.505515378911648661e+00
3.634503554034012929e+00
1.062030151482373341e+00
2.166416463629405431e+00
4.635940902511241468e+00
1.931927496856213899e+00
1.477458988242049021e+00
2.713755238104903489e-01
7.844289011487293184e-01
1.597152177589953315e+00
2.035883212627416672e+00
4.908281040741818702e-01
4.462937610406711997e+00
4.177472184771876762e+00
2.732302944632609698e+00
2.134268870215028535e+00
1.564115545295883702e+00
4.635165842816951987e+00
1.511009368121272178e+00
4.415284500388541034e+00
8.023735240033003091e-01
1.642481272031957484e+00
4.187626679235703087e+00
2.596683188460139569e+00
2.394264386564227465e+00
3.051629245310033767e+00
3.538825542458910789e+00
1.698760079834881864e+00
3.303259298032215519e+00
1.307310401754072648e+00
4.230703282985592839e-01
2.271592032680000095e+00
4.661612817868171277e+00
4.837105147611786560e-01
2.338687364879809660e+00
1.019262414927084137e+00
1.480891359504700855e+00
2.254316402147243270e+00
3.199752822282148301e+00
1.574095764795653718e+00
3.020274000095648947e+00
3.134981009992072742e+00
3.372357205973630645e-01
2.493906806907950635e+00
1.896102230447609394e+00
2.050682403471701498e+00
4.060716439350660956e+00
3.016867294062604898e+00
4.464071099229855122e+00
3.477209112337034558e+00
2.320686797370172361e+00
9.460310498763124798e-01
4.159649130222437208e+00
3.445089414539257877e+00
3.002112758789621250e-01
1.750786324205450661e+00
4.848612139959746159e+00
2.405381454995183077e+00
4.504516925339485667e-01
1.770569690416275987e+00
5.983188407664341568e-01
1.613595203876614814e+00
2.709133708101518767e-01
3.191214592579788345e+00
2.068801067792783055e+00
1.466826532741961620e+00
2.644568004238754266e+00
2.353860160062217322e+00
2.328398323668926295e+00
2.886037835395565576e+00
2.978908482338587405e+00
4.603197972810701089e+00
4.830886687800271417e+00
3.222683730650960365e-01
4.764558823519807973e+00
2.825749069989942797e+00
8.178769492689413889e-01
3.646297576429344378e+00
6.149675849832214602e-01
2.857969550679074100e+00
3.779536768542790970e+00
3.902207163587773309e+00
2.372948063645349936e+00
1.174676052207350274e+00
1.856307532806316551e+00
1.848052956518201340e+00
4.912328428740167396e+00
4.088767738207079283e+00
1.750287143212179597e+00
2.328774354022764559e+00
3.444023067692803863e+00
2.592971043247344065e-01
2.010377637487259506e-01
4.306739002114756687e-02
4.655117196364441767e+00
3.688460696328193400e+00
4.014955834557280667e+00
4.073711420509074088e-01
7.249411782651976610e-01
4.497589782778083078e-01
2.770143699464775899e+00
3.369141013935372353e+00
2.437694943321341956e+00
9.271297849426296533e-01
3.840666850341261984e+00
4.636792033657639145e+00
2.609639783301078264e+00
1.606185592917104277e+00
4.298918406453134722e+00
4.438710757263879536e+00
3.516165268583177017e+00
4.261243702217070606e+00
2.149160712438795695e+00
3.255772759648704717e+00
1.901971679019400341e+00
3.106040496313510868e+00
2.453199816711619796e+00
2.808595118250951206e+00
1.527539807227326074e+00
4.832338675154939978e+00
3.166892382633923919e+00
2.720896237812941987e+00
3.253508657919362612e+00
1.966592712562513778e+00
2.589065759432285674e+00
2.624030477917262516e+00
5.518731537162047118e-01
3.259569231602952311e+00
1.914923457641666271e+00
3.714812594906311105e+00
3.937977617292753862e-02
2.946661111741841754e+00
1.217639652322166643e-01
4.047223270724766842e+00
1.454227156525357945e+00
2.249802853443522155e-01
4.357981514713902271e+00
2.520221035750860317e+00
1.823397442960389414e+00
1.274107744495512229e+00
4.587071674805826227e+00
1.576511921986273324e+00
3.903377359024409188e+00
1.512506394956786959e+00
1.108864773798845071e+00
3.051553064268052839e+00
2.389533857089829905e+00
2.464842991150512086e-01
1.939522953187822196e+00
4.816835357242958970e+00
8.355338818523272426e-01
2.757196446063619355e+00
3.117022595534174600e-01
1.867557030806008544e+00
3.005349639862506361e+00
4.968302586289327749e+00
2.346897584434386452e+00
4.926688891126462799e-02
6.348094105917856389e-01
1.307034633183890016e+00
4.179940118572873509e+00
4.756997270055180138e+00
2.967485463127361722e-02
2.612193162959046688e+00
3.067074515246582145e+00
2.868767017570999833e+00
2.947875295539874152e+00
4.895559048466538776e+00
4.908532947876577346e+00
2.746795471198338667e+00
1.839942209135586593e-01
3.631354099978441496e+00
3.857759789233889958e+00
2.405470570464685043e+00
2.271419868191891123e+00
3.081231463381611801e-01
3.738923033333553470e+00
2.552180610005321260e+00
3.510650710090512661e-01
2.096740747391040438e-01
2.859151928106242746e+00
4.169211823683298235e+00
4.403909290495918505e+00
4.282285777616100297e+00
3.919863793612046621e+00
1.097179048783836208e-01
2.784426661383839985e+00
3.472404186380964042e+00
4.775400753606305670e+00
2.446172010009524556e+00
2.168525378530661740e+00
1.261314460402489512e+00
1.808608436295616739e+00
3.679842461799437636e+00
3.117641591420293956e+00
4.367829950712619258e+00
1.179292195586667535e-01
3.064107786796142818e+00
1.035695195250479372e+00
2.755544201047618991e+00
1.247504552365652497e-01
2.491392335766403399e+00
4.098890308309967700e+00
4.912721265995757314e+00
1.627034881809481082e+00
3.489169339002907932e+00
1.246275035864418790e+00
1.128625615013304495e+00
4.322818563437672346e+00
4.292445721751239951e+00
4.241572024403666319e+00
4.505006701881237419e+00
3.921595300683351049e+00
3.804395369656877079e+00
1.986910880011787395e+00
3.250988742895033035e+00
1.239359700312335777e+00
3.276387030604253514e+00
3.348621337013512722e+00
1.836988931094415411e+00
4.706664120659079131e+00
2.421800081153313577e+00
2.937101623453194144e+00
3.472068016198264662e+00
3.209379383065180669e+00
1.543618746325129409e+00
3.999894326894110730e+00
4.936091471310970036e+00
1.011664971669469226e+00
2.959956017529119521e-01
1.246263613268796977e+00
4.487807916830882426e+00
1.185705171689373394e+00
4.549406106735045974e+00
3.889058469505361160e+00
4.356064941610332752e+00
3.365921478787138099e+00
7.242237925883787675e-01
3.237911677565818991e+00
1.864108221187063652e+00
3.561889986295996291e-01
4.755567074338732603e+00
2.078046176802927913e+00
4.116935368753003033e+00
1.384152041087584717e+00
8.108997018931396461e-01
2.805868565106673262e+00
2.788448807322965628e+00
3.773214296211459207e+00
4.888726435854670704e+00
4.248424112756444160e+00
9.324503996188593380e-01
2.050772815082932521e+00
4.034287054433013608e+00
2.464619023537990561e+00
2.519613384935160294e+00
1.629219592129367733e+00
3.060682450902922902e+00
4.046827117078277691e-01
4.147032478722796789e+00
4.741356127533957743e-01
4.938903212462374626e+00
4.709156424504636007e+00
2.631550475043975101e+00
1.269797802028766576e+00
3.720865437494558225e+00
2.628322114388131681e+00
2.344794532911476104e+00
7.821025466178394003e-01
3.865761408943284128e+00
1.350111435472242771e+00
1.517244143447378235e+00
3.321287009330750273e+00
1.073556804367244322e+00
2.638119649446732495e+00
7.047251531949016989e-02
2.479171859115936627e+00
1.469562004806867606e+00
4.639177062581544497e+00
2.879088130568752124e+00
1.290752957875064943e+00
1.963413414786741029e-01
2.180422911184085599e+00
4.362437353180581567e-01
3.138992635226899530e+00
2.881017473636027670e+00
4.736058408759845406e+00
2.010484004057346841e+00
3.331987935956182145e-01
2.618903496737958747e+00
2.503549224498529568e+00
4.704394239400096822e+00
2.448443029771568469e+00
2.528580490174206385e+00
2.220873190102676364e+00
1.085803742228048208e+00
6.475523494838747451e-01
4.608013795536494150e+00
4.580998255216125692e+00
2.819945511696939189e+00
4.457333019248897799e+00
9.147916941822975545e-01
4.717101692529778845e+00
3.124867822447108257e+00
3.788985328363774663e+00
4.925355622334588901e+00
3.818599421302537600e-01
2.652914408821103631e+00
1.134920368631764376e-01
1.283615066403956950e+00
7.426639215323171950e-01
2.209454511561883105e+00
5.735549053783128848e-01
4.441643390679322900e-01
1.471717085172935535e-01
1.670645137594011675e+00
4.708292666427870365e+00
4.296686278771685075e+00
4.921888868836166608e+00
4.170903122545921438e-02
5.687977252428522146e-01
7.122148970128855394e-01
4.391770306745666375e+00
3.534671765109141717e+00
4.923109442183265294e+00
3.043232093222117296e+00
4.889533524263485198e+00
2.823603847253788768e+00
2.175215171974716366e+00
6.529620054213342017e-01
4.454028270295429692e+00
2.141709140360292363e+00
1.486457354921078000e-01
6.298119803092183666e-01
4.600875296513288859e+00
4.571667480564702402e+00
2.333297726563920982e+00
3.803982534013150563e-01
4.113468370238722471e+00
4.373217244060700892e-01
7.292585569378479127e-01
2.354311227830839126e+00
1.854283932561839876e+00
2.513870871667082785e+00
3.516474305321171556e+00
4.596685036681808612e+00
2.079169516707226606e+00
4.050391316124818397e-01
1.929201453211312201e+00
1.909489950426136451e+00
4.377831753167992446e+00
1.538093169300378982e+00
3.365964683649505851e+00
4.626081924676339607e-01
2.725695973742552791e+00
4.397910600467475284e+00
1.936725634481517577e-01
3.756249991009310119e+00
1.146176540947743128e+00
2.851634233041574262e+00
6.358263399098434965e-01
1.655401056478487121e+00
1.139602128138700321e+00
3.064259008699996567e+00
1.652020335013156815e+00
1.133982981148284885e-01
4.760750651035314363e+00
4.449781986354705232e+00
1.783871349688181507e+00
2.172130590307442155e+00
2.002545684846581686e+00
4.473308181387726457e+00
9.371347997299311894e-01
1.158864034162803591e+00
4.570908541786931956e+00
1.566113026872134606e-01
8.778012533640361381e-01
3.247998523237852986e+00
2.751417205612124661e+00
8.203816170265032515e-01
3.925361272692717396e+00
4.339959934010122922e+00
9.458761217789601883e-01
3.997652522463316593e+00
1.775384430034479433e+00
4.561354778555338996e+00
1.546208256505369860e+00
9.311103365365014373e-01
2.410742135578874956e-01
3.838898437300688915e+00
5.130905603516666691e-01
4.134452207930633172e+00
4.303083330624540181e+00
2.827389188824835919e+00
4.869043860674318935e+00
5.261442651930797743e-01
6.491234512209215213e-01
1.309604989383790663e+00
4.867614564294274082e+00
