2.724600413468265536e+00
1.196667527727879321e+00
1.586144319434897865e+00
4.116266577863436638e-01
1.517329615742077920e+00
5.147438137719201334e-01
1.240189963766127335e+00
2.049943966013911822e+00
3.801172617578318480e+00
4.981688654550232798e+00
3.475141402654408074e-01
1.449502834859456302e-01
5.485053428774727680e-01
4.899631295133113795e+00
4.217795838640782335e+00
6.655292129122264422e-01
1.676784528785943529e+00
2.844291995420382690e+00
3.509550419612109451e+00
4.953268252859685639e+00
1.705972921725126268e+00
3.318311375960454779e+00
4.632294586524684732e+00
4.546871988332680026e+00
8.885449964418618007e-01
1.645876368465224449e+00
6.691600739199121683e-01
9.706144647449188589e-01
2.367380859390108672e+00
6.761456494476947299e-01
2.917197920514550624e+00
1.420943658545037458e+00
3.826055712386273289e+00
1.673439632209046568e+00
1.001169419062390986e+00
1.813839726349252945e+00
4.915275924456182111e+00
4.960004199530446911e+00
4.786421974262067280e-01
2.975235167985722740e+00
1.067291867969334396e+00
4.534847732629488704e+00
3.420558087671319303e+00
3.529559051283924109e+00
2.885070800090382193e+00
3.376441971791719343e+00
4.482970134813124119e+00
2.648498650927993969e-01
2.743798509190087831e+00
1.680171501397890177e+00
2.460563864591565952e+00
1.244315810635449049e+00
3.839770965050220752e+00
4.207089362173455083e-02
1.680146013358554846e+00
1.216738779596485687e+00
1.964568279529658179e+00
1.975870241901007240e+00
4.790030004977644751e+00
3.284784391458209996e+00
2.995604628356129950e+00
3.137907060944111315e+00
6.491991610060271478e-01
4.709356449387777310e+00
1.873156485743066035e-01
3.690425131541744008e+00
1.472882667592912309e+00
2.028015119000311728e+00
6.920883418585926927e-01
1.960528384356897691e+00
4.419409528573831070e-01
4.165418063250928782e+00
1.996414128339992766e+00
9.508556383393373945e-01
2.911893041866703946e+00
1.477512204103332394e+00
1.334524340466494596e+00
3.519177605889691751e+00
9.839221038609435865e-01
4.902408864082133277e+00
3.768266948460002874e-01
1.341901102048933536e+00
2.822794834620107718e+00
5.102703573905370549e-01
5.652916546895875305e-01
1.638288540486516176e+00
1.779855778994390736e+00
2.446564752445437918e+00
3.200402322053188087e+00
4.523696291744043307e+00
1.688622960962683495e+00
2.682742698637163858e+00
3.044647780454053709e+00
4.114029236860042182e+00
2.107119229926469828e+00
1.989360732634035678e+00
2.363022806434003087e+00
3.022988748043440754e+00
3.758422008304534989e-01
1.859078265757790227e+00
2.809825218684793402e+00
4.196544697618162623e+00
3.081507504753696836e+00
3.264604081226842869e+00
4.245968312722862237e+00
1.578605474934680064e+00
3.374639140483595590e+00
3.397885569121527283e+00
4.501172765481403104e+00
1.336426157204234633e-01
2.825220289026213916e+00
1.615636732783000129e+00
4.690529347909524027e+00
2.025965318336316656e+00
2.096852545140354129e-01
1.592159524163980766e+00
3.583199640689410437e+00
3.494912056706766634e+00
4.654240577871129325e+00
3.502628491458495752e+00
1.497679578908783338e+00
2.885996341993570358e+00
3.106239231666760414e+00
4.852304214659120873e+00
2.968087913361125985e+00
3.738732223447071679e+00
3.337926008323970350e+00
2.344247784634939658e-01
3.793762513142802550e+00
3.570797683532944689e-01
3.939376194915189533e-01
3.356583509217853312e+00
4.637765989663495070e+00
2.860652637712408186e+00
3.475029057532886156e+00
3.967380775947773497e+00
3.540960546463518099e+00
1.020736411077696637e+00
7.071162066246855504e-01
2.382137362355758459e+00
3.265448633387554978e+00
2.815825810846221966e+00
2.373727719818365944e+00
4.382761917948411856e+00
1.742044026097990805e+00
4.372283718811901920e+00
2.698019977754076315e+00
4.912778676367375752e+00
3.286269725558482069e+00
3.500505229166886334e+00
3.603328269436998799e+00
3.873724123622741988e+00
4.476406349800968520e+00
4.826995696082866161e+00
4.769329482795196640e+00
8.042001560869549426e-01
2.027908977708458682e+00
4.151447191106151458e+00
1.329270763168854952e+00
2.772637198453927088e+00
3.637747879458894218e+00
2.510984978637431642e+00
4.909267056374255311e+00
4.958036997337616825e+00
2.855816090215524294e+00
4.813738734830703692e+00
2.974555694123756311e+00
7.541872435921986861e-01
2.764500381466748369e+00
2.607677268473706622e+00
1.752049369572163506e+00
4.227774624063827424e+00
3.396840240374497277e+00
4.700180442681834769e+00
3.496500561850592437e+00
2.817322358364038326e+00
3.793989118600674892e+00
2.225946320170836046e+00
4.000419345808964522e+00
2.221749859245729652e+00
3.276613207295770103e+00
4.642874504717446449e+00
1.533172694241397016e-01
1.096244219771991268e+00
3.901237935005984703e+00
3.040226089585693181e+00
1.799252236962367579e+00
8.764953302840750027e-01
1.864420576878723645e+00
3.674539407578596428e+00
3.369033046502543538e+00
1.013996397470984689e+00
4.717104517973912614e+00
3.113562037948216510e+00
1.880072128021750721e+00
3.037564278569254483e+00
4.260966654930598452e+00
2.395400768983497297e+00
1.080516403166900563e+00
1.834515123182839380e-01
2.217536337608231101e+00
1.871673031198243908e+00
3.695846940292209837e+00
1.870507295617925836e+00
3.725098745446038695e+00
3.248337153400797650e+00
4.336374816118204301e+00
2.616707460683931341e-02
3.187280698966567627e+00
3.967341851486871906e-01
1.675374687663604867e+00
4.044857357500567296e+00
5.120784234828229531e-01
7.120938219662115154e-01
3.193390795610989485e+00
4.960687766985532932e+00
4.086223122031135802e+00
2.057831547899986901e+00
8.387029033656945298e-01
2.415748631112601519e+00
4.059765137241772015e-01
4.154465306358583909e+00
9.071453917692229307e-01
2.306806995317676190e+00
2.714107212981857753e+00
3.052909523800682035e+00
1.279507756332773472e+00
4.256921252031981240e+00
4.372805928280478760e+00
4.461574870155628147e+00
1.971940251660786458e+00
3.261986303670841636e+00
2.980926515626702855e+00
3.447798142180320990e+00
3.127467341979896176e+00
5.550247687345438719e-01
6.590538630022951816e-01
3.098746700212026806e+00
2.686417568003154788e+00
2.431468339082646146e+00
2.270635268693057984e+00
4.777974271122857886e+00
6.409321638318693504e-01
1.716531879832256635e+00
2.130199795860384882e+00
7.977934196069935702e-01
8.901831905061174943e-01
3.776254385125091151e+00
1.782554629380642019e+00
1.145963416155217462e+00
1.430400283768092917e+00
3.025231912141415513e+00
3.559043905821964060e+00
3.012173195935846870e+00
3.309771198366389555e+00
1.442060321916961430e+00
1.491578555204865486e+00
2.729277086752611936e+00
2.561281125948217108e-01
3.289815360872361261e-02
1.065459462274007674e+00
4.363743009226942249e+00
2.182760999976402161e+00
3.840917478468608426e+00
8.063743135532752682e-01
2.301040134112929181e+00
2.361196866111197501e+00
1.464710090110413088e+00
7.161184877596721288e-01
4.040508398973046589e+00
5.033821409986760642e-02
3.841863378183914435e+00
4.004467949297981555e+00
2.468170228998673554e+00
4.974928786841260830e+00
1.721148482452279360e+00
4.391205755817047418e+00
7.179447693852980539e-02
2.836493198840544849e+00
2.191866946567943231e+00
4.181454395456110085e+00
3.823567931775735396e+00
4.289877621051962464e+00
4.159479223914002155e+00
7.526216248972505962e-01
7.742718568011242031e-01
4.156130427494247881e-01
1.448186538012391500e-01
1.014892745601256863e+00
3.566353187179363449e+00
3.108383035142110451e+00
1.530486829125199844e+00
1.577791517434681268e+00
1.537299585939792657e+00
3.460389486647987844e+00
3.912097097470379481e+00
3.372719501759080529e-01
1.971648434416023443e-01
2.037893769213865003e+00
4.348508997882806426e+00
1.269497130127037021e+00
1.730293461228258334e+00
1.502766472503593853e+00
2.265137969086641334e+00
1.030883335864841710e+00
4.121020800708400600e+00
1.147827186002896127e+00
4.952191565260202211e+00
2.713595390885093828e+00
1.726010879520220698e+00
4.521419865594033638e+00
4.968946690792710008e+00
4.048312708563230444e+00
1.491165173355734730e+00
1.846917601056864422e+00
1.386112478221989130e+00
1.136137496260972712e+00
3.117094637827006132e+00
4.033267466954163716e+00
1.861987698501280653e+00
4.817683174660570167e+00
4.189963865396347131e+00
4.567375073803811247e+00
5.823566943466473855e-01
3.889595570169128713e+00
2.108367950528976742e+00
2.940863315389711907e+00
1.222456341680323577e+00
2.752672098475206219e+00
1.305841732982698122e+00
2.749924878881206070e+00
2.067212044494951328e+00
3.255500318686024741e+00
9.385750279470744806e-01
2.475033001465014149e+00
4.641724764089378397e+00
1.083060105738240964e+00
2.592071894778247731e+00
1.731670824730300762e+00
1.688208243609312209e+00
3.256995744612462662e+00
2.988722233202503631e+00
3.850683844811305434e+00
1.659514101181253753e+00
1.536365256780915622e+00
4.361761671381881200e+00
2.696059251932001022e+00
3.507747657771520533e-01
1.193351663406088559e+00
2.050169782182440503e+00
8.690191377446943033e-01
9.578433182689150005e-01
3.873334683132929612e+00
1.699651357497437676e+00
2.177947608271387114e+00
4.556745563555797851e+00
2.163030667017124653e+00
3.887192848299956260e+00
4.597250016691341479e+00
3.122086769594331734e+00
9.412504897724754960e-01
8.869791465481885462e-01
2.149401684337118645e+00
3.319883090640453727e+00
2.547099910601033468e+00
3.285998566925940612e-01
2.397171180024282311e+00
2.669030491747891531e+00
4.211061872969064979e+00
3.651138489153971545e+00
3.887614619731422749e+00
3.054540086092949469e+00
4.479533323734945505e+00
1.359363098126015190e-01
3.911074417443619389e+00
2.667884480083447585e+00
8.589525921690077670e-01
2.810017053418612853e+00
3.996079476278311837e+00
2.337784890787787617e+00
3.076914137242209302e-01
4.433044573199959260e+00
9.166895423547211097e-01
3.822908323334568870e+00
4.496545489078236812e+00
2.956584664036651766e+00
2.415827412257207651e+00
2.979541277504039520e+00
4.289321564299768852e+00
3.912677500871303282e-01
1.629447553457518127e+00
4.208050787096922818e+00
2.785451406334854552e-01
3.423263485434524078e+00
4.860541530351936146e+00
5.484964894040222916e-01
4.222726744066920723e+00
1.639790718434321448e+00
8.686332036361676945e-01
4.558321597442877682e+00
2.276391963188567624e-01
1.655183036258070395e+00
4.131274111109285663e+00
1.135136627588775315e+00
3.926067267049313525e+00
1.080448397622707501e-01
1.595463772356830567e+00
9.507178329066723332e-02
3.756001807372789436e+00
2.952985564687080622e+00
2.018218803171849984e+00
2.644284453251696476e+00
2.407808278222382192e+00
4.061029821842510934e+00
4.787167025831962075e-01
4.389989295634185495e+00
4.303184846994200008e+00
2.799604607241062970e-01
2.187131386888214291e+00
1.335757998463056762e+00
2.121061531017422119e+00
2.796050412877578051e+00
7.771073871346872997e-01
1.512318822457813905e+00
4.717868000310402543e+00
2.525076692984407067e+00
2.531307315808015712e+00
4.844092575528569533e+00
4.243215538283156008e+00
2.153999577509726926e+00
3.307081267981498707e-01
4.263903807645639255e+00
1.003659279517242098e+00
2.037659051823742518e-01
2.047937738814193498e+00
3.961634752377221957e+00
3.985063453990411730e-01
1.506060554073986868e+00
4.298169871041979118e-01
2.152060167895955001e+00
2.022466202758884890e+00
8.100249773585799229e-01
4.956078626611257754e+00
3.456691616769786979e+00
4.747895038430811177e+00
3.400915642349473966e+00
3.039205829925155644e+00
3.486694174636340016e-01
3.245644615261322752e+00
4.459251415997417256e-01
4.250308349386576978e+00
8.150057138834809756e-01
1.859633602391129736e+00
5.168341882150234712e-01
1.767241681974466960e+00
1.376971749596525463e+00
3.973081129291333724e-01
1.372151958926306925e+00
7.715372318838470411e-01
3.119852532987181348e+00
1.597799733308125525e+00
4.674287552676802626e+00
2.163689844215324953e+00
2.890493206100007040e+00
2.699403823840188288e+00
3.297863670616442811e+00
3.376930864437623914e+00
4.443877690614600695e+00
5.364657973602654506e-01
3.645166568220291836e+00
4.732051412014684821e+00
4.500712464144696057e-01
4.275405672881552377e+00
1.710255263409828252e+00
4.708401195973109132e+00
2.993293209754889439e+00
1.905094167622918278e+00
2.264530684882953837e-01
2.462873992941507773e+00
9.628681292213353560e-01
2.808739258768241598e+00
3.213380419740543115e+00
1.889090242577020629e+00
1.994834867915845633e-01
3.697846678806098630e+00
9.691290045822387178e-01
4.443734357350120900e-01
2.968159831350847266e+00
3.307779077442953852e+00
3.934928425687501008e+00
6.626842671717858568e-01
4.733916315807960906e+00
4.266100156762843376e+00
3.351672243865028822e+00
2.260681375462297638e+00
3.180097857703361175e+00
8.695714850270247487e-01
7.768347126393293500e-01
2.172672054879775771e+00
2.305243033755348669e+00
