4.366309765650107977e+00
4.339344644491427871e+00
3.355169520629606605e+00
6.842883929005555421e-01
1.489455516583358952e+00
2.199815183413158515e+00
1.911460018938842431e+00
1.556992946481829954e+00
2.277201105258623848e+00
4.376167294023710852e+00
1.926528382851848242e+00
9.349988990198543348e-01
1.208381455954445904e+00
4.005552965090727113e+00
3.337356487277214345e+00
3.173423603886543987e+00
4.598532536638079371e+00
2.325340804109962356e+00
1.454993230344464594e+00
3.427945046440866061e+00
7.258690480393803490e-01
9.944589432338502011e-02
3.974527010179224717e+00
2.297665131345037359e+00
2.272101938707739244e+00
3.195258752864314822e+00
6.301585063874681758e-02
2.601454435259359377e-01
2.839039406965060408e-01
3.859566291332584775e+00
2.873379868132868165e+00
2.222623059920808553e-01
3.077819798312500410e+00
1.057960870787908014e+00
2.887742161432649279e+00
2.410709849592718612e+00
4.621445492443296388e+00
1.185435487589252102e+00
8.164984610653497343e-01
2.684595704315850817e-01
4.636863421967739818e+00
2.832921012038263076e+00
3.053421181395904460e-01
1.663098878679769577e+00
1.494881924788476368e+00
4.717406268969814853e-01
1.329760457668278217e+00
3.758413907012231325e-01
3.506814749332440417e+00
4.942932290599555412e-01
1.858857856963159749e+00
3.474931588032605934e+00
1.940476466028066671e+00
3.949164668293371427e+00
4.717120065659475614e+00
2.240738433138178110e+00
4.878136394467162518e+00
3.349658770058314250e+00
3.953993526547053605e+00
3.115620494664183671e+00
9.136867997365238914e-02
1.005771901776084665e+00
2.959448584031546758e+00
3.046773469319465022e+00
2.214031076631652439e+00
4.835696976628611754e-01
2.392329001822113721e+00
4.236112813860052562e+00
3.568494549178061082e+00
2.192799437483589076e-01
3.090452888407275722e+00
3.205655667662166586e+00
1.830429918656540922e+00
4.601384106983461564e+00
2.318230077813142387e+00
5.573255917313346686e-01
2.899662710455699788e+00
2.265455646935515155e+00
3.807513781488627735e+00
4.952211691790571635e+00
3.695675026078911074e+00
1.685885875908781362e+00
4.799411481171521388e+00
1.267900434119724640e+00
1.950490636462703931e+00
4.494521346343066659e-01
1.700091739648601497e+00
4.841910355180981895e+00
1.380518958046050848e+00
1.059002851051039640e+00
3.968574478272264727e+00
1.184101742881648711e+00
6.410614561814348411e-01
3.695852166918310200e+00
1.365241082193798139e+00
1.076108997412259960e+00
2.232927078047413971e+00
3.901446963457619432e+00
1.403119324232969145e+00
6.286642759493488164e-01
3.915214403440375079e+00
1.024850136955107738e+00
1.261062394265245468e+00
4.129113416880762166e+00
3.333617345282615219e+00
3.748282706350518634e+00
4.072820421349999442e+00
1.156248778546697942e+00
3.118009524275443312e+00
2.800313872145522964e+00
1.737013617612017224e+00
2.566040405648292833e+00
4.000518461288127270e-01
2.238749908394488397e+00
2.713652436328554796e+00
3.648905257708670025e+00
3.641731528592918821e+00
1.259751392694889560e+00
7.253327881211524275e-02
4.004352019245372318e+00
3.273541019112526929e+00
3.762903179041876545e-02
1.875127625721182856e+00
1.973354026263751670e-01
4.264975751163047057e-01
1.397073904681900736e+00
2.964554259564360805e+00
3.829102415407821258e+00
2.295641757161193564e+00
3.372866600329627040e+00
1.596135906343135735e+00
3.579915229831174273e+00
3.162811360037399488e+00
3.199311720438045459e+00
2.859094014788526650e+00
3.981289280748794734e+00
1.558757409966909258e+00
1.062093746615678125e+00
2.994458448806347484e-01
1.438458459878980689e+00
1.817290845265105315e+00
4.848152899964855322e+00
3.373415719814133240e+00
1.033861817158224783e+00
3.127217023629678572e+00
4.885289215563714649e+00
4.404207925457298778e+00
6.263199524227491821e-02
2.410153185901198647e+00
4.743884340936947552e+00
1.220923905930093589e+00
1.322079707282528993e+00
1.761152804038912389e+00
4.803467569483971245e-01
9.392870714474699234e-02
3.748451475947991884e+00
3.024023105364070485e+00
4.644569788411530453e+00
2.647548414984032483e+00
4.571093489341646610e+00
4.892520826444720861e+00
7.822476138381329047e-01
4.036729056568916230e-01
2.118311803527368919e+00
2.078497684682240276e+00
1.533478013303202214e-01
2.927319236647825118e+00
4.012863798537431137e+00
3.009066470423948481e+00
1.799793298612327064e+00
3.583891741748032267e+00
8.924984700538141080e-01
4.400722947194319445e+00
3.910950960262562059e+00
4.807723317282778019e+00
1.656334103687871373e+00
3.426423789881518189e+00
2.297783912069697454e+00
2.549919883144205368e+00
2.703131952191919929e+00
3.184455210169001571e-01
2.552969749128283894e+00
3.162163670399518178e+00
2.817122475328870390e+00
3.668506063799890526e+00
4.023797376335748410e+00
6.742372241212862827e-01
6.054238750792190205e-01
4.655222996130724766e+00
2.432376688897280204e+00
3.699538914862256611e+00
4.624630100326926119e+00
3.516434769803290727e+00
1.378174565696555387e+00
3.455834981258155914e+00
5.145364198733715089e-01
1.320911288472593759e+00
2.181807813224331483e+00
2.222091045478082894e+00
1.242804070530665328e+00
2.616031760675467943e+00
5.977749679673949323e-01
1.662985230488721600e+00
2.060852858156547729e-02
2.724399520235945005e+00
2.122333859568763526e+00
1.883632878266822130e+00
3.630489768148311036e+00
3.195096083698778511e+00
1.978277578598077735e+00
1.928602105378091736e+00
2.061736553300017150e+00
3.810355620206806737e+00
3.247170577155582105e+00
2.936217467544958826e+00
6.751882814357018647e-01
3.418927559920994952e+00
4.636970040357487832e+00
4.475393035837859301e+00
2.483797902022819581e+00
1.475194372459345260e+00
4.949405760056749592e+00
3.256405483616814145e+00
3.540646701388300954e+00
2.298681888836616061e+00
2.480285745531022101e+00
2.503492697774156728e-01
6.745411399377659878e-01
1.307768578290895434e+00
3.212103089906974684e+00
2.238427385958363214e+00
1.677602040931831073e+00
3.540486164076484421e+00
4.495293307715020337e-01
4.078129114211043849e+00
4.211058509537865646e+00
2.309458171295670770e+00
2.909898141783825665e+00
3.965496239910272003e+00
4.149815013854978751e+00
4.853958102483365344e+00
1.782412425169128678e+00
4.734199542099958080e+00
6.517623742986344837e-01
1.734821801673758213e+00
4.740734045789779749e+00
4.614789527606309782e+00
2.908773808221779333e+00
2.516638230955749567e+00
7.885671741965544213e-01
2.799836728245911566e+00
1.281123529471051015e+00
4.158612330748266750e+00
2.955586487772528415e+00
6.161081930694656261e-01
4.443886657411169061e+00
4.617309704355795574e+00
4.492592230886582882e-01
7.053946578759934249e-01
2.135298247019910001e+00
3.980142899715397142e+00
1.551470668780821516e+00
2.431399730699090878e+00
3.568123174352822335e+00
4.213302147803851483e+00
2.578477511343879591e-01
2.631257485502858540e+00
2.028065355309559337e+00
1.333921630142653303e+00
2.856227461951890589e+00
3.615765859121818693e+00
2.700420582003960845e+00
1.168125245661604694e+00
1.276405482995834895e+00
9.058587698665154786e-01
3.237282272834248076e+00
3.213875531561355414e-01
2.829611691301876064e+00
1.332742040940777972e+00
1.818548599298507984e+00
1.781416645273250499e+00
4.900152446368158721e+00
7.050102111398726112e-02
2.412272772344877581e+00
4.296703896539227685e+00
3.161835334015696830e+00
3.134855364293573921e+00
3.672328454564563138e+00
4.953172411419721755e+00
3.317990571108065279e+00
2.113132133385399847e+00
1.061058908240905652e+00
1.553421348066648555e+00
3.411189846899102207e+00
3.765157953094317556e+00
5.428788231833786559e-01
2.619516144186083473e+00
4.893639850303383554e+00
1.002643499077824352e+00
2.541275091217497284e+00
4.803723623950226340e+00
1.515285614121546942e+00
2.330419880913986219e+00
2.276632343913591150e+00
4.424016460135625550e+00
1.239308278038461220e+00
5.281055028230319248e-01
3.198221182818705710e+00
3.886439667256354369e+00
6.269300686249462684e-01
4.060284260268274714e+00
3.635383346003697724e+00
3.028736009419844777e+00
4.318000267291258965e+00
2.160925481383321856e+00
2.929812527718498316e+00
5.554354571548025810e-01
4.275965086672806947e+00
1.834117026829821917e+00
2.792888211731849424e+00
2.965741867241736607e+00
1.390300422244929557e+00
2.158200793113069782e+00
1.769642114974970148e+00
3.948700008720351651e+00
1.868410231293454737e+00
1.847586556090963228e-01
2.331412009234891336e+00
3.138754657874837761e+00
1.439641939102992430e+00
2.226005019660729722e+00
3.483124759584222296e+00
1.221388962839549563e+00
2.443452749182922767e-01
2.050202085130570229e-02
2.500875887748414073e+00
4.370693079110370860e+00
1.465007958502448471e+00
3.456064127675920084e+00
2.436581774386517907e+00
8.940897864287405961e-01
1.594624068641834480e+00
2.141869895643838007e+00
1.411436044364641873e+00
9.617569389884783604e-03
4.998944743775752819e+00
3.979559822592281915e+00
4.270212928995991142e+00
3.847913451193202050e+00
2.612176145823106310e+00
2.872006317256965868e+00
6.353953335738188324e-01
4.433695752613870056e+00
6.718825420042762175e-02
2.270819661949415647e+00
9.688915159550587353e-01
1.128065306564129955e-01
1.991874958977059684e+00
1.667982036467190010e+00
4.670115265136523419e+00
2.840133274230898675e+00
3.070879333279874501e-01
1.262578065468605848e-01
1.725824500351816226e+00
1.776685033181246709e-01
2.507274790903562423e+00
3.435841873679962966e+00
2.440652266735759968e-01
1.613563992460042673e+00
1.364575465366375973e+00
2.266546157966229380e+00
1.667278109222185112e+00
3.036038144445839748e+00
3.751077744712086215e+00
3.556908018738697663e+00
3.094147067059406453e+00
2.183522360277189822e+00
6.252968356922034010e-01
1.005084226389507673e-02
6.069108231699876788e-01
3.192881340316496175e+00
4.532530480559910480e+00
7.615544064597273843e-01
4.053622619641545022e+00
3.753204125699816984e+00
4.658893734201000392e+00
4.282524110049637400e+00
3.799320479227255465e+00
2.915884031164130974e+00
2.075188958458271227e+00
8.000216579031005359e-01
2.573639365970514792e+00
4.140522076859962652e+00
1.665594251239010504e+00
2.462057715107858868e+00
4.657046339996419704e+00
3.919949872189470996e-01
7.101175741629267568e-01
4.905668272504198901e-01
7.844625449654557547e-01
6.235819091998640040e-01
7.947828875129897552e-01
1.559038413611308904e+00
1.947069289049503382e+00
2.653067697689631688e-01
1.411958809378444091e-01
1.357772758280382686e+00
3.810497749390917122e+00
2.385942146663916352e-01
3.893811225926774533e+00
4.724822631618832425e+00
2.945718900346674385e+00
4.094708170346851084e+00
2.221596305852729936e-01
4.407170440229710273e+00
2.989035592691247079e-01
3.921914161347177519e+00
1.138623761466129203e+00
1.756678313800519309e+00
3.449794694366844716e+00
3.470858965727682488e+00
4.114350609222000799e+00
2.959371628246847408e+00
1.159857741433800715e+00
3.264856539663941071e+00
2.689090319062867884e+00
4.821651098280058889e+00
1.996832415173260822e-01
2.431652277201429513e+00
3.495947658140163838e+00
3.270550573863141075e+00
1.283603412522931198e+00
4.884902327739048644e+00
2.694860829578661132e+00
2.620074949779762630e+00
8.878597017328737628e-01
1.268508566688303363e+00
4.044325946516761583e+00
1.609887487957685215e+00
3.433063274427962774e+00
4.157834791604039459e+00
3.342689620554637031e+00
4.911355553198435864e+00
4.517081917920764411e+00
4.498792048796583565e+00
1.050235825429008507e+00
2.217966073066266919e+00
4.142448411553330878e+00
1.451100461246261464e+00
1.962754265486595262e+00
5.631742590407107230e-02
4.492121778752112604e+00
1.482084200107303129e+00
4.933818894092879326e+00
1.612248743647261007e+00
1.162109380843994177e+00
4.856415269087989373e+00
4.226930151068714281e+00
4.624180625023247337e+00
4.603724821007975976e+00
1.454168656656657621e+00
5.102338424543895190e-01
3.468076904173038599e+00
3.930441420209285663e+00
1.003934243570072660e+00
1.794298036430433951e+00
1.569482453563150859e+00
3.009417399290733819e+00
9.686199164193065592e-01
9.927485933196988910e-01
2.350468483630389738e+00
1.459618271516496257e+00
3.489068455007515723e-02
4.065403790566282538e+00
1.465633814176402483e+00
2.310680049164133276e+00
2.082492199781672326e+00
5.764079938676913706e-01
2.979712620417349189e+00
5.202307797139665846e-01
3.118122952498991740e-01
1.566323651592839816e+00
2.385272512835874270e+00
2.347359345805496211e+00
2.117415992972437877e-02
3.312298605320443734e+00
2.694758618714572229e+00
1.065221722812336180e+00
3.520169244694943966e+00
2.769310000898943080e+00
3.054932272190586939e+00
4.085635877087346657e+00
4.561697935393326908e+00
3.928335546874889284e-01
2.294447835723341989e+00
3.279933329232386896e+00
4.523886091510016527e+00
4.981025588706000207e+00
4.833714093698358027e+00
7.076453392745551962e-01
