3.810164985475905208e+00
4.594767617061430443e+00
9.223211768627448404e-01
5.179553624041827176e-01
2.514429807092223079e+00
3.321920228051025603e+00
1.068085741048035331e+00
2.964702639280996976e+00
1.198926023648048567e+00
2.845761168687244158e+00
4.158772568939924419e+00
3.597757479324599661e+00
4.669756434650168764e+00
1.701873776853469744e+00
8.545853233705813512e-01
4.832774722514829868e+00
4.369963760156158727e+00
4.438776910973937007e+00
4.732381489585582912e+00
4.708902836864939268e+00
4.855469791267727153e+00
5.532585603593120904e-01
1.546072952953471136e+00
1.145706970346341169e+00
3.639452177470363647e+00
3.540568904557740204e+00
3.903063965379793832e-01
3.108788145416450543e+00
6.394487172370955097e-02
3.711730313766794076e+00
2.594638607120101526e+00
3.370215307109458713e-01
2.327240201872848413e+00
1.180561529350190320e+00
1.718132731704169469e+00
6.580376907164986466e-01
3.173194360459755892e+00
3.947368406226781978e+00
1.963237621520269593e-01
3.890004340893693069e+00
3.928186034718312403e+00
2.427964060258458900e+00
4.054702199757340253e+00
3.182743355661261653e+00
1.254615725353743771e+00
4.646726538262155870e+00
3.200328085817976564e+00
7.013065606864160584e-01
6.004941906341687563e-01
3.800445550812146855e+00
2.692619970399101614e+00
3.820498150770823553e-01
3.046241637370838529e+00
2.115244149382784045e+00
3.961257244643205944e+00
3.737205913149177494e+00
1.174929173996053677e+00
4.464992663579230303e+00
1.121494032617222469e+00
1.320457315969833623e+00
2.443153980750047527e+00
2.333510010476120833e+00
5.590196795855217893e-01
3.430181763984114340e+00
3.442307506417940921e+00
1.466829519263381787e+00
2.337585237887147116e+00
1.334278355126634175e+00
1.171894533456246279e+00
4.126629150205723739e+00
3.248518305461495892e+00
3.377383847783300030e+00
2.359852138108542441e+00
3.820069205685121982e+00
4.573577218649964138e+00
4.392621504209878402e+00
9.360320090095519685e-01
4.532686937981173614e+00
2.981834473158256893e-01
3.012134800043253513e-02
4.923346499087545958e+00
1.529857431429344938e+00
1.676699377579543571e-01
3.676239769410594604e+00
4.297131828641663986e+00
4.974787507496129635e+00
1.161305762846487788e+00
1.162425770827939964e+00
1.977725775636263172e+00
4.846101666428511479e+00
2.876354090201812319e+00
1.909172330486914593e+00
3.563904809140489682e+00
5.482532190117211934e-01
3.640570797185996632e+00
3.073360177642801450e+00
2.409533270282992579e+00
4.777842833386671373e+00
3.652198617783056989e+00
4.369675931218472087e+00
1.919081197062154631e+00
4.179567298647572926e+00
5.145988809368801098e-01
3.116386516411774110e+00
9.087639571617661671e-01
1.572130454281913670e+00
3.285164707284600194e+00
4.095503154663035161e+00
1.124666515569465730e+00
2.807979467354906777e+00
1.803968876470431582e+00
2.002075395971414373e-01
3.206695669567480866e+00
2.551893302457428181e+00
4.164451987217807627e+00
4.425159691220202696e+00
4.237387247990355377e+00
2.879583346500665275e+00
4.390636514247355571e+00
1.947889443461708892e-01
3.463171879331622405e-01
2.158052542473019475e+00
1.464619364438313198e-01
4.704794831915218190e+00
1.489036946498177194e+00
6.605975915751510774e-01
4.330132355636261643e+00
7.777478679090094049e-01
4.643477569155775697e+00
2.213692486897267830e+00
1.835943711150691549e+00
4.010629500331799768e+00
3.659603670317404411e+00
2.867884266586686604e+00
1.268305888448848950e+00
4.868161639657389017e+00
4.446760540920350557e+00
3.469487408937054873e+00
1.153780122479183268e+00
3.786519471431622819e+00
2.631847326770592410e+00
7.009427868607798207e-01
9.510761260031141973e-02
2.876901544541528466e+00
2.244685658417732377e+00
3.416793787134528859e+00
4.980148413401953356e+00
2.289333364371766155e+00
2.939810388455556200e+00
2.059059870070954368e+00
1.243569272295913519e+00
1.536991041110502554e+00
4.885429730168250329e-01
2.356304243439107715e+00
1.941507303814388186e+00
1.837512412626152614e+00
4.987945580290844561e+00
1.200966036388500413e+00
1.435513745582307488e+00
2.601423859742507005e+00
4.238447814628737653e+00
4.769654429071732871e+00
1.628795516236198893e+00
5.893956857973609020e-01
9.729634615237120476e-01
2.578649033168041171e+00
2.227502659061363133e+00
4.121114546384214705e+00
3.869894129646501924e+00
2.015409374380560337e+00
1.825639865246673654e+00
8.384591827543175224e-01
2.787541296583487593e+00
3.938356733383173047e+00
2.898464413238616144e-01
3.033969150149429694e+00
3.139397665802576842e+00
4.555731177832036849e+00
4.827995439766316288e+00
9.215214461917364819e-02
5.484211071545808114e-01
1.191036330668762577e+00
1.094946398571155388e+00
2.580107322308491380e+00
1.035093898497180254e+00
3.340197517644885927e+00
1.091381910072725114e-01
1.095316510601318072e+00
2.112214418859225784e+00
9.201612511994150534e-01
4.127443334694965493e+00
4.775720119146009246e+00
2.328891443617104873e+00
2.088772527036831583e+00
1.453981201957077918e+00
4.909882719703655418e+00
2.528407703976633947e+00
6.396470402978154945e-01
4.445528186309978480e+00
3.798057058849811263e+00
6.266961836655982054e-02
2.822872815915529188e+00
2.243324432976208094e+00
9.431949396148814335e-01
2.751873215548632956e+00
2.749281035438106535e+00
2.414333098331717053e+00
3.478628825179526984e+00
7.266113258424511390e-01
2.676934165747563821e+00
3.153074608792387323e+00
4.090209584535111631e+00
2.225085394120873250e+00
2.392061304407886446e+00
4.424397697115947992e+00
1.909732813781955141e+00
3.145694572013169932e+00
3.393221670439419579e+00
3.979949317540166120e+00
4.556117672001612107e+00
7.859873391545363353e-01
4.963212965289219625e+00
3.793450139463047766e+00
4.854673757875677120e-01
3.254278155031465225e+00
1.854441525329447726e+00
1.565990354766007453e+00
2.103506436727238249e+00
1.842215907625919691e+00
4.440910831154604388e+00
1.272532798036124513e-01
1.142496689292049616e+00
3.387544778694278946e+00
5.120453941818264854e-01
2.432903573000113617e+00
3.261564645436441978e+00
4.167184330094048761e+00
4.020324675194908437e-01
4.923764072310673257e+00
4.373232984003292856e+00
5.843797188030752654e-01
1.114163594759286502e+00
4.559604711992493620e+00
3.641619820178796818e+00
2.432564886249486413e+00
1.530950744765761096e+00
3.503441229601216733e+00
9.268573216064968090e-01
2.140489646916653221e+00
4.506839134467984564e+00
2.812532445921081425e+00
4.588122417810684084e+00
2.158374576588156790e-01
2.622720306513206534e+00
3.961631342485132379e+00
4.081488945417616421e+00
1.746792012158257634e+00
4.781414512699493358e+00
7.406442965789405974e-01
3.768817473639496374e+00
2.797229069328333484e+00
4.676415044502993723e+00
4.549308354518944775e+00
4.652184622003933789e+00
3.147199938295280885e-01
3.835357024349841382e+00
3.717721922423989245e+00
2.828713480688400672e+00
4.264710529290157481e+00
4.589066208872180752e+00
1.118662630162480909e+00
2.747613593803732712e+00
1.558493015488189748e+00
2.516678232819052896e-01
4.653973956740458995e+00
9.780686682985195723e-01
3.247742646116371201e+00
1.082475966946139678e+00
3.015770474740910867e+00
3.738412807648135328e+00
4.949925090155379515e+00
3.515415193153514917e-02
4.879666171259372298e+00
1.636504119228395782e+00
3.255687936082695799e+00
4.171015435185169373e+00
3.686863656094550468e+00
4.157852178237618546e+00
4.763275941594354634e+00
9.440288630920229407e-01
1.672429828241039917e-01
1.801164258547789387e+00
1.763660741773505514e+00
3.425668077018702462e+00
3.059679969748017481e+00
2.081935877963446480e+00
2.817461077587806173e+00
4.131929345332551406e+00
2.630299737587071807e-01
1.058918975831385501e+00
4.787215693360630242e-01
2.756247322106424757e+00
1.513801550031854681e+00
1.202225706465539501e+00
1.672513047197659475e+00
2.419621258858055679e+00
3.553746577309941923e+00
3.345104313248240757e+00
1.679260627692358288e-01
2.789978317021678755e+00
1.740612347916869584e+00
1.113798751765168182e+00
4.973708100359925055e+00
4.958810270367445483e+00
4.807760626118667835e-01
4.068598187993758053e+00
4.110332025792941657e+00
2.777684554668963024e+00
1.006450660002727870e-01
2.481425287050517792e+00
4.095069371042240114e+00
8.548488557732036863e-01
4.445998649537560077e+00
4.571277370680433272e+00
3.676451619625605183e+00
2.388702133754488921e-01
7.610101642252509180e-01
4.183153388669467176e+00
2.339394467165544889e+00
2.058053746562035879e+00
2.188478659309176511e+00
1.248403819320965003e+00
3.367553658017135021e+00
1.464090027864650700e-01
2.230966012191087700e+00
2.913608264381945645e+00
5.667564986502637847e-01
4.167462012303696284e+00
1.051504886480062462e+00
3.601530949340608245e+00
4.816757052375012726e+00
2.516597586027813360e+00
3.232122891716626256e+00
4.557737179541364370e+00
4.533496065545118192e+00
2.510801043935248611e+00
3.710923146246858373e-01
3.628899074307112560e-01
4.925974487621609832e+00
1.556298175405681050e+00
2.316786882954782190e+00
4.599194786603276519e+00
4.335298299504810160e+00
1.314388458129761572e+00
7.564158215035943211e-01
2.274073060872803254e+00
1.010952457550524208e+00
2.971019283661326504e+00
2.350227671177296696e+00
3.150406317181334792e+00
2.403564200514694438e+00
4.804868012871427174e-01
5.380975366768514512e-01
6.874440258659864078e-01
4.479856602011325961e+00
4.197268633026035589e-01
2.428034903826857160e+00
3.179337271762614048e+00
3.343804817649751460e+00
1.172307835214214666e-01
1.952329101635008612e-02
1.790478495359461020e+00
4.598765346499382289e+00
1.985583871654661436e+00
8.425193949056347664e-01
4.402068534242587816e+00
3.453419508527149073e+00
1.602437797004040432e+00
4.486367889883508653e+00
1.443999590513287856e+00
4.592362864037471404e+00
8.809752547780735910e-01
1.149773272989099038e+00
4.352336903493914111e-01
3.401918029129630483e+00
3.439705926782139933e+00
1.799743622877713056e+00
4.546965211108801697e+00
1.886582517199372200e+00
2.560967604798609631e+00
2.185631642249950435e+00
1.868020894959358635e+00
1.047617848463419765e+00
3.387271153548208069e+00
2.370206590775139066e+00
4.815540754421071767e+00
5.809642079416355021e-01
2.366789221827536149e+00
6.783346297605741260e-02
4.103141175743222568e+00
2.898888153276474533e+00
2.681939881968888439e+00
3.537913345560359968e+00
4.050983994158031898e+00
4.258275212684246469e+00
1.018633597392728518e+00
3.289432839729568236e+00
3.529306450616893631e+00
2.362345595403789300e+00
2.154331751663398631e+00
1.758741636470417813e+00
2.279807967254954271e-01
1.931878463322407313e+00
1.413713091918379350e+00
1.182768433484748805e-03
3.278506062721289638e+00
1.170715820654742334e+00
1.651021347470198464e+00
2.971854427320934189e+00
4.032320473865419252e+00
1.436922427310863837e+00
4.796346680852677125e+00
2.208372853032559924e+00
3.345278494389025692e-01
3.823144862236783403e+00
2.165204952177553821e+00
1.865971888170707249e+00
4.166270412256695144e-01
4.182157759367118643e+00
3.742466269452642713e+00
6.730339396884410519e-01
1.879046204747883975e+00
2.834393595798009979e+00
1.199272930740920007e+00
1.552725975625023347e+00
3.789094687134387129e+00
1.065749876857142731e+00
1.509880239507901400e+00
3.514539322755105832e+00
3.216202528676548322e-02
4.102421190772554738e+00
2.032691536957491607e+00
4.512817443172366438e+00
4.563675631847743830e+00
4.206502503291821071e+00
3.689413333484496071e+00
2.452088750480052592e-01
3.278270778570873567e+00
2.663729195826221030e+00
3.248547408608493559e+00
4.467048803630524478e-02
3.419545504647358847e-01
3.920604896121710592e+00
4.419228843701594300e+00
3.584179272614153700e+00
3.183587173855093599e+00
2.108419052120922288e+00
2.157174890988189375e+00
3.958276874578017690e+00
3.024789571682630740e+00
4.798347589061719098e+00
1.074651644879513590e+00
4.136741798096310596e+00
1.023993834035111128e+00
3.308535210600445531e+00
4.403951736977101739e+00
4.845369858870644642e+00
3.715965254212078017e-01
3.443455144095061371e+00
2.892733293799754968e+00
3.565128329622279768e+00
2.110919533097912471e+00
2.860160657667043527e+00
4.865731908333625455e+00
4.024262092876098151e+00
3.751839063986006639e+00
4.485060216133351929e-01
1.469056626134746413e+00
4.434832977012175270e+00
2.885098178452440987e+00
4.082795169236527855e+00
6.522305919060167323e-01
1.332862358241128087e+00
2.649008002360409453e+00
8.557565177816922608e-01
2.190298126649443677e+00
7.576581238029722609e-01
4.684354972694449337e+00
4.740213043986038599e+00
3.654236009366547133e+00
3.641927567002982702e+00
2.562763724384102826e+00
1.769059643295412432e+00
1.707046597809376731e+00
3.805338939107073770e+00
1.098019257233691093e+00
1.503395485505843343e+00
4.029315057906421416e+00
4.656428279993924946e+00
4.832522945879866860e+00
