1.699093263341903803e+00
2.058206780370523958e+00
2.298307132525360785e+00
3.471636646623941669e+00
4.260827709194884960e+00
3.235117203640273775e+00
3.424230617185947123e-01
1.017561392287204658e+00
4.808999875896957654e+00
1.905583515141469064e+00
2.770881429294689280e+00
4.315990782030812767e+00
2.807139977906101702e+00
4.831032728789177888e+00
3.669568061133379189e+00
3.528090271706544989e+00
4.956227566680614594e+00
2.745842059656614431e+00
4.817613831515607181e+00
2.966015651185603730e+00
4.534081729174860520e+00
1.141540372523565106e+00
2.066736474619927488e+00
2.264222153959019934e+00
5.995008818765040770e-01
4.568350379252381188e+00
2.556780139337345048e+00
3.898092421538999375e+00
2.189760540729192684e+00
5.260100621344154792e-01
3.629262829895559150e+00
2.094726772646695601e+00
1.060061210133776965e+00
2.563736093490204926e+00
1.095739709570725529e+00
6.393685247701935692e-01
3.057497540918303169e+00
2.528447571683820616e+00
2.404848990995507751e+00
1.000407254048210071e+00
4.346730152611811171e+00
1.327489447233698439e-01
4.457729584608609130e+00
2.373050743855918299e+00
3.807884912092938112e+00
4.238458177294989859e+00
4.348013257120958208e+00
4.516672178747251465e+00
2.492304376121821097e+00
4.895934084530154884e+00
1.835186963370016855e-01
2.186338536859040449e+00
2.918165644422243687e-01
2.085208805661170395e+00
4.314468504502937840e+00
1.777418582935129665e+00
4.620687644903994418e+00
2.852157695084082789e+00
3.994401094208639869e+00
2.927059325325992445e-01
6.039584950568888111e-02
3.481904792429438178e+00
1.390235102292770586e+00
8.872620684322235496e-01
4.641616048525803784e+00
8.924022563696548671e-01
3.756131074505387080e+00
8.577757510661210283e-01
3.497228339521829543e-01
4.766217845362380245e+00
1.468034427439769418e+00
4.997255518417840214e+00
4.681043463005584826e+00
2.863304054321262893e+00
1.122890907746698641e+00
3.952811574927853400e+00
3.884186593392532139e+00
3.214821203724320231e+00
4.376279069799650756e+00
8.203910299120609206e-01
4.986758344679066646e+00
2.568713895150934512e+00
3.804779092887239367e-01
2.135892635854274246e+00
9.982869120677850816e-01
4.132535354004794215e+00
4.351730132927816186e+00
3.594011594603129467e+00
2.559803817819183980e+00
1.648943709943373914e+00
2.902697349628791557e+00
1.751415877170864333e+00
2.435657694041692967e-02
4.216381123615985160e+00
7.832421135860512251e-01
5.252876881408657939e-01
4.820236702179284016e+00
2.609155466032091031e+00
2.652251925726278881e+00
3.690732370085005876e+00
1.455175663021129884e+00
2.312967248617066041e+00
8.874543765281422969e-01
1.693480575231646856e+00
2.067262863466473588e-01
1.070853536636495296e+00
9.718590642754187936e-01
7.204745566604586759e-01
2.940639841147135725e-01
3.408427367952524545e+00
1.003399336265383024e+00
4.072835873997010525e-01
8.235310572344611835e-02
1.597292616356461581e+00
2.523436677121776661e+00
3.577647717959498763e+00
1.564857656819225173e+00
1.441751531058942382e+00
3.761319212714887783e+00
3.537080901818323575e+00
3.811117372743225928e+00
1.231983004899839695e+00
1.855998266172831368e-02
7.160522055448981238e-02
1.168935485389730911e+00
2.711649917402720877e+00
4.098915272557343670e+00
1.531623283170713279e+00
4.182479278990141935e+00
1.034440804869777297e+00
1.724586646826826719e+00
2.105780753880728273e+00
4.477669676133298360e+00
3.427138500816446331e+00
8.025876940646731184e-01
6.558791411695463758e-03
3.062331910517553268e+00
3.655878868625348055e+00
1.934745133648198667e+00
1.229930134643059114e-01
4.768381869930246708e+00
4.135287274827414095e+00
2.550892585340192031e-02
1.219053968248648978e+00
5.911176016803393329e-01
4.379678089002780883e-01
1.273276244966473625e+00
5.750971548668515343e-01
2.027453355493777032e+00
2.213803195524179479e+00
2.446649483132929515e+00
3.555163212658890570e-01
1.754556040501951131e+00
1.675821574448160822e+00
4.448865632352339894e+00
7.063139852500810445e-01
2.374205817426028098e+00
1.526567120044616921e+00
1.331532752110048401e+00
2.735685747806931856e-01
1.025067413629312973e+00
1.811090011920927889e+00
3.070012813762756032e+00
2.508665305578927640e+00
1.056113297439820631e+00
3.093831659270628087e+00
3.613126333669915535e+00
1.495028207929316455e-01
2.720784899171330151e-01
7.111125802716194988e-01
2.448638495919062574e+00
2.045860455280561485e+00
1.822075840145087167e+00
3.785017132844479271e+00
4.638254151918641099e+00
1.686365128310812755e-01
2.912790140837817621e-01
3.100561076032769314e+00
2.080642250996548093e+00
3.789648617158628774e+00
1.310243862475868326e+00
1.120348493057223394e+00
2.584535660607079066e+00
4.828709780232143700e+00
4.422899841337174287e+00
2.710380718315728021e+00
1.812000206954478276e-01
2.810666751334361280e+00
1.583187963561561995e+00
3.496074143323625094e+00
3.215338734929604314e+00
4.598447455025173047e-01
4.737744282871709345e+00
2.766288549715703038e+00
7.495462664901075822e-01
7.592496802343284834e-01
3.668967487419473983e+00
1.096974826418124938e+00
4.558472094134218722e+00
1.200015426879068148e+00
3.789962266745373398e+00
6.877853543927114899e-01
2.508496402327649477e+00
8.029905396460668143e-01
4.759142923263680380e+00
1.760941525183652434e+00
2.230714162739620754e+00
1.114563962258299679e+00
7.524758193866565303e-01
2.642797423177143834e+00
2.203771936119590436e+00
1.151336211348263472e+00
3.757507928254621987e+00
3.751881742713294443e+00
2.616995974903031819e+00
3.687458430578996360e+00
9.057902421499935963e-01
2.711327894709121278e+00
1.093690041316706552e+00
1.803608259287571292e+00
1.974085686616956492e+00
8.081248072355035061e-01
4.219139136714369798e+00
3.569443194708332268e+00
2.262953377524064003e+00
8.552367430598345477e-01
1.448889463233572483e+00
3.154712200551737400e+00
2.628134503089016860e+00
4.538860635746055472e+00
4.605529941587123588e+00
6.943578858981030999e-01
4.055470991513669965e+00
4.168857961640746623e+00
2.734982320269823131e+00
3.951270468295933203e+00
9.983962037471122430e-01
2.800311378730798051e+00
7.040796656793590902e-01
2.568210683013589790e+00
3.829921390405971238e+00
4.448649957727544013e+00
2.227399277255423637e+00
1.337985447538998063e+00
3.665799317259710310e-01
3.466510123403243604e-01
4.945313874190122583e+00
3.716425772971312380e+00
4.388024757263677245e+00
2.980981242965341504e+00
1.287222472124544659e+00
4.008437260655184353e+00
3.190079948477218430e+00
2.020356705690997234e+00
1.740267618938492467e+00
4.540388131061018129e+00
9.836460045839529043e-01
1.233813933895339110e-01
4.710892019815979381e+00
4.967475895356490589e+00
3.401751895543261739e+00
4.277444524679529181e+00
3.644824081156409434e+00
2.989984126767356365e+00
4.925016188302721254e+00
4.839166479846433333e+00
3.947080747001865841e+00
5.356450505779247750e-01
4.005551696214927127e+00
4.767709034209617336e+00
2.456252092916795249e+00
1.396076183513206281e+00
1.934871820553839550e+00
2.484962377411744860e+00
3.447281362864412113e+00
2.219352178260471042e+00
3.668174170219811181e+00
2.359975972498676633e+00
4.185897825816550899e+00
1.503851795207274300e+00
4.689216199859121303e+00
3.283388994181335896e+00
1.158869770548915934e+00
1.090294889228059505e+00
2.313552493747806693e+00
2.845386477808316439e+00
4.506973913000184240e+00
2.345914608908015619e+00
3.824658913839329433e-01
4.926441101479661633e-02
1.763207266690518082e+00
3.860908515490200976e+00
3.131438477649994834e-01
4.685297047539306980e+00
4.374762841767018351e+00
4.989099241217730629e+00
1.808594382139042667e+00
2.125392499728266937e+00
4.974838047350878867e+00
2.377548557606055102e+00
1.624745210119268979e+00
1.659303801433944514e+00
3.420436855068698545e+00
2.068758171288387349e+00
7.034178079303521347e-01
2.523570550299548465e+00
3.044266631447370308e+00
5.260989929327308801e-01
4.314986063113776638e+00
4.255838251073040368e+00
3.025826150857473085e+00
2.904160053186770618e+00
3.819354753608300790e+00
3.098327662563623797e+00
2.437164031628750394e+00
9.941725938903628323e-01
1.344338709133022780e+00
3.903320473714586569e+00
4.792968522150784949e+00
4.045655055467064720e+00
1.887113627254140447e+00
2.006359889194240687e+00
3.057332808929195345e+00
1.932470838867158536e+00
1.031628845205769807e+00
1.636536268022584784e+00
5.045600152729801113e-01
4.288933557917196104e-01
2.383127404469002730e+00
2.849315195470902840e-01
9.007929625767724380e-01
2.627224522003656304e+00
5.678189132152117180e-01
1.853823099427238219e+00
2.209176514542440017e+00
3.228550304817115801e+00
1.037726412718222413e+00
1.187821677468159365e+00
4.437611389988415311e+00
3.046760237532080140e+00
2.766660052660545599e+00
3.106617917712073851e+00
4.681906606603550181e+00
4.080780238445887775e+00
2.854225371104714526e+00
4.107758728002292026e-01
1.919698387321668864e+00
6.819645896873000046e-01
9.217488776554094709e-02
6.113567486365173442e-01
3.926128046780310132e+00
1.695439934691922446e-01
3.036905547159478136e+00
1.341613811254070310e+00
2.232165698612611493e+00
2.666283700419974423e+00
3.208506257754073054e+00
2.844938360156103574e+00
3.737138109749785997e+00
2.510859964044951820e+00
3.590281342058525560e+00
1.739988225873379424e+00
1.640797556674066238e+00
5.422077321352902768e-01
8.652848006401159253e-01
4.467146807767091943e+00
4.256122525290391145e+00
3.326039017622021809e+00
3.907701253916878947e+00
4.680367936851262733e+00
1.184929372411725357e+00
1.852539794928889094e+00
1.548669055948238560e+00
4.106412424907898817e+00
6.830463508393991301e-01
4.859997191156137930e+00
8.333599140502462310e-01
3.729056785101671601e+00
1.229939765686516306e-01
3.600627812848333775e+00
2.611690882514996481e+00
9.273340610646652049e-01
8.220836645217499683e-02
3.617805484818238604e+00
4.767655560864614284e-02
6.380268905178515526e-01
2.840091104568380320e+00
2.454631245671112350e+00
8.569656351904764158e-01
1.918028605440853074e+00
3.427712136261982234e+00
8.225987222310826574e-02
1.944112316356593206e+00
4.614191503870307187e+00
4.164124454454453783e+00
2.855295209933761402e+00
3.509047661123191553e+00
4.882206144648794321e+00
4.823320234188462230e+00
3.361289625355983635e+00
1.495625079087053999e+00
1.458570369435048697e+00
2.530918888596348282e+00
1.869550701091684086e+00
2.810026909333386058e+00
2.643483424255438363e-01
4.728205419035497181e-01
6.462861754100174272e-01
3.352930795938284803e+00
5.306872794733658028e-01
3.148195840964953085e+00
1.036383070681921037e+00
2.084110970318902467e+00
3.704298721119426041e+00
4.737131014667580686e+00
3.764423244973863270e+00
1.625840498030104886e+00
4.260836315882762904e+00
1.457008371995506923e+00
3.669323406439648050e+00
4.393297111625052764e+00
4.586493063480838295e+00
4.343443199286141976e+00
3.342116633562175476e-01
2.794194554661789009e+00
1.002930757220839464e+00
2.971511721344758605e+00
4.409318805238031658e+00
3.273369634371698034e+00
4.790604156838537797e+00
2.001187854928858201e+00
4.350154176351964885e+00
3.806147701082110757e+00
4.186487551858484757e+00
2.714990669010014734e+00
3.964574728003258830e+00
1.200650262056902617e+00
1.723129303668287093e+00
4.856938723791381918e-01
9.558835065275317344e-01
7.878628955556693514e-01
2.393201880694503902e+00
3.391536535169921152e+00
2.265220681522620794e+00
4.058466698882823298e-01
4.134034965682030105e+00
4.355661101259301837e+00
3.654156080153298625e+00
3.499745207029841820e-01
1.414343493065430835e+00
1.629261089956534070e+00
1.919823766747428273e+00
1.043605046649472179e+00
2.160020805451585257e+00
2.047762332517548245e+00
2.592320122995690479e+00
4.510427574180255306e+00
5.706319220897998479e-01
4.976540226877434137e+00
7.764218337903050493e-01
2.513021880669805252e+00
3.139044879736559324e+00
2.873910346738306920e+00
2.874908706599872410e+00
3.549844191956055717e+00
4.741352828932678065e+00
2.129171469365174207e+00
2.068423504530898516e+00
3.705261276364128165e+00
4.143423448514048424e+00
3.323720364757165147e+00
3.723352619028044597e+00
3.708524691921579741e+00
1.275112376714017781e+00
1.671000450147160254e+00
4.188696166686270317e+00
4.679479363593971541e+00
1.142040424216889782e+00
3.045923705523502889e+00
3.001366782510771714e+00
7.510199236984427262e-02
4.357153998807649309e+00
1.392366159831848194e-02
2.761148353235349795e+00
7.843481642378580254e-01
2.641871654904702105e+00
4.769755684709674703e+00
2.244080922918283871e+00
3.445654173076308613e+00
1.841054873418140891e-01
4.740405524508740420e+00
4.517968141467468612e+00
7.008181139063945908e-01
2.505662882199777286e-01
1.179210817390212274e+00
1.146299585578718361e+00
1.515448507402316736e+00
1.676762799550358007e+00
1.425448713217837948e+00
3.690092169956395551e+00
