4.306708604734893475e-01
2.995131047927280132e+00
5.447090862287140567e-01
3.495816911356175449e-01
1.284795492437672548e+00
2.480077896511973634e+00
2.268537267406428803e+00
4.506417855172212272e-01
2.776864191275092431e+00
3.366944033677110593e+00
9.980139656413489213e-01
1.069731491492548203e-01
2.681190327494166858e+00
4.062510329279594989e-01
1.876400499173647152e-02
4.345872277373092452e+00
2.306383045737019799e+00
4.556541330066532502e-01
4.652966256658632282e+00
4.585482349417990822e-01
1.134759389186418277e-01
2.600255613600415128e+00
3.581818431880723352e-01
4.966842680278879207e+00
7.485991484191723000e-01
4.468710586936402995e-01
8.970210273550577318e-01
2.803428474890584665e-01
1.267318093731312878e+00
2.889040186238034380e-04
2.396280199028671731e+00
9.315126608649909601e-01
4.456922671882287190e+00
3.994812156845928275e-01
1.419168520268805800e+00
4.360837367598727532e+00
2.447605889954857616e+00
4.513670509725599800e+00
4.093635084792523138e+00
4.662107761636178793e+00
4.918989261746315123e+00
3.187085086324084493e+00
3.009997115316680460e+00
9.330450533985790162e-02
4.378164635396059046e-01
4.001295697966470222e+00
3.016318381913313473e+00
3.315491594550159515e+00
2.660388998285986517e+00
1.552340658822505270e+00
2.917117708882353000e+00
4.134026410194910461e+00
2.167799460747835028e+00
4.593382466276994869e+00
1.825075429450723874e+00
3.800103927875761123e+00
3.352826274951918872e+00
2.531271741267629327e+00
2.267244585461552386e+00
4.697785752600373677e+00
1.743242400412660764e+00
1.845102178472481480e+00
3.357612139558921349e+00
1.376492467814233178e+00
2.012350718791074300e+00
4.437380614651953437e+00
4.007225746157636159e+00
2.430873505216395447e+00
7.862350413082574985e-01
2.726664051736517713e+00
1.598957214264582927e+00
1.222508145190182471e+00
4.475675705411163996e+00
3.015812901883258235e+00
3.852138970244880056e+00
1.478320167212894720e+00
1.246826312945385595e+00
1.355230893166722961e+00
2.926771685633346554e+00
2.702579818992154603e+00
4.834237086276999662e+00
4.914645189245536727e-01
1.014300482600615894e+00
2.056961071471264724e+00
2.114606675994699092e+00
4.677965155346274884e+00
3.423256338794003817e+00
1.319107308060241124e+00
3.127526592870168987e+00
2.403739151024907095e+00
4.966973692186035017e+00
2.601294080744116055e+00
1.133918218872593364e+00
1.791978187129377176e+00
2.135518222225798901e+00
4.161650337962832680e+00
2.302805469987203590e+00
7.622101653963081480e-01
2.572851207901317050e+00
4.855898553077045321e+00
9.240138632374994554e-02
2.493514226929538502e-01
3.870749582786923160e+00
2.732561020126676343e+00
4.995230451374654379e+00
4.568126766991346344e+00
2.596405134637252976e-01
2.286546646274603134e+00
5.715792132440233875e-01
1.137171219446835302e+00
4.173487145005816856e+00
2.129854857652030198e+00
4.094783483410425973e+00
2.883877227614010330e+00
1.179316984855218298e+00
2.522275281033006245e+00
3.162826419024056257e-01
1.073358767577076156e+00
2.821324977045269300e+00
1.951006806250882963e+00
3.625469146765105677e+00
4.334972204236553495e-01
1.037547272945982257e-01
1.326542348671752691e+00
3.460912729361682594e+00
1.417311405235796684e+00
3.846348542514059332e+00
4.227061227140196387e+00
3.124566755201786172e+00
1.424761842386301769e-01
4.454485718973481667e+00
1.959956026659692707e+00
5.186369001817281443e-01
1.865028530782659733e+00
2.394421885663817751e+00
1.765636472004936230e+00
4.195926543232197048e+00
2.603169290282875359e+00
4.430778943128188097e+00
3.421418048996214711e+00
1.716671001423577980e+00
4.912736608902712465e-01
2.565106387963368206e+00
1.534420087171038283e+00
3.829434348875114580e+00
3.026544591278157448e-02
4.268627514167591563e+00
2.552153383115619789e+00
4.043569984730575939e+00
3.034433127025800481e+00
4.896099502016136640e+00
2.091455195366248354e+00
4.794332919088249767e+00
2.271618018828369667e+00
3.880721744472534596e+00
3.442032889862387979e+00
2.605768343582994806e+00
4.857052915279799876e+00
4.275933169013360846e+00
4.382568531262034384e+00
3.846485434268319459e+00
6.906906751075525541e-02
1.038238150459914744e+00
1.495990167055616382e+00
1.063404291442906047e+00
3.926413375572094910e+00
3.669527928581090670e+00
2.340317093024616213e+00
2.941827791007284310e-01
4.093240568797285039e-01
8.646508956375964505e-01
1.599437011987355772e+00
9.996984063404823484e-02
3.099710337213553046e+00
4.554560836789695033e-01
4.086744814098832279e+00
2.673382967231480833e+00
2.446870170749981810e-01
2.792957206275120896e+00
2.707354115266006112e+00
2.941338541019586916e+00
4.776498404620438620e+00
2.383459726230732212e+00
3.490090222107622875e+00
2.367797347000151209e+00
8.679802328803165601e-02
3.638854221610117179e+00
2.911169522772463214e+00
2.375060542562206667e+00
3.498403636418824902e+00
2.877448701135796760e+00
3.289364126911251685e+00
3.689543749764784275e-01
2.591482024618820379e+00
7.713541668810836027e-01
2.788279665904705329e+00
1.948939357748658008e-01
8.322913340366400181e-01
4.735963129265114979e+00
2.477006957219906269e+00
1.948780062465022667e+00
4.105468982021850621e+00
2.340319862745384505e+00
3.964537509724161524e+00
1.177868736051665532e+00
1.571448418439309158e+00
3.559893410902414512e+00
4.540438358121444473e+00
2.601548216227652865e+00
1.456750075804676303e+00
4.440952866320774461e+00
4.767192427532231491e+00
1.730599720358595439e+00
1.205333171930589309e-01
4.215716899656061223e+00
2.974679620737324282e+00
1.320859263605887346e+00
3.708631566407693647e+00
4.212032359357221090e+00
1.638548208373307169e+00
4.755638383453321794e+00
1.079019137734094080e+00
1.286433609462525052e+00
4.315875611988873928e+00
2.371241263120644760e+00
4.872209755798391662e+00
1.241591382175477598e+00
8.218045835358422924e-01
1.407921621514475197e+00
2.128176201876583740e+00
3.656989658301363022e+00
6.767068389212449464e-01
2.694756535104587680e+00
2.486684951753819650e+00
2.149001116197409189e+00
2.072138735349438043e-01
1.060582220659067598e+00
1.607779787745439837e+00
2.168027625772368516e+00
4.716861714446073606e+00
4.036285950793065069e+00
4.848782798415194328e+00
1.807073428594074826e+00
1.122085338210477845e+00
5.979785119194497289e-01
2.642498434557197129e+00
1.237257383922194087e+00
3.553387362844822484e+00
4.619504665150809153e+00
4.852213151505425870e+00
1.044210007482583302e+00
1.866781444586214533e+00
4.409489425313936728e+00
2.558508339712946444e+00
1.056433748314524745e+00
5.158523871848536002e-01
1.916977750106002576e+00
3.020755794010721029e-01
3.445994871497085832e+00
1.235990069272180358e-01
4.165397975756336635e+00
2.887827562988206864e+00
3.915857731181182633e+00
3.351685481072777417e+00
4.707434246289815327e+00
3.385803914597579345e-01
8.330758720176689724e-02
3.318585966696456335e+00
1.279592247444159003e+00
4.648769676843861554e+00
6.365374300452730782e-01
4.316579642346757062e+00
3.730302904893024074e+00
4.441228837705185839e+00
3.895713878954398801e+00
1.872895585810875341e+00
3.295409995041653328e+00
4.760239805545785963e+00
5.656498858108882644e-01
2.603566366600174042e-01
1.752103976615522196e+00
3.405001573914781421e+00
4.045613877003157555e+00
3.762852972699315401e+00
1.599318718282676244e+00
4.730977166412444035e+00
4.431217369937563433e+00
8.088150413889244605e-01
3.855851254694903751e+00
2.374925824595144341e+00
3.904648421947762404e+00
3.884379017082900454e+00
1.832258844782034268e+00
1.092450860129439594e+00
2.637794148245620196e+00
1.619249365289002096e+00
7.251322826761152918e-01
3.604743357663247050e+00
5.062668687798776990e-01
6.107233768328507173e-01
2.816118677795398373e-01
3.523863169691134445e+00
1.379484899281322008e+00
1.214483193712606601e-01
2.210126426920223430e+00
2.674764768485771160e+00
4.319170137583405733e-01
1.756891752715756372e+00
4.345841201059041481e+00
2.426642985569518185e+00
3.325241262136009901e+00
1.654174406220682680e+00
4.374003585290004992e+00
3.790969888426718004e+00
5.394231362018564457e-01
1.186781939976078171e-01
2.656094593726788133e+00
1.879373847728309510e+00
4.388663338518404622e+00
2.348025382900114089e+00
4.464278738962537574e+00
1.284119210623213547e+00
2.135635771946192918e+00
3.978919234471902655e+00
9.544002671274515182e-01
2.545810848447445984e+00
5.603552856564347762e-01
1.430009213209386676e+00
2.010078091038515868e+00
1.145359440873444656e+00
1.605993765231050308e+00
3.226642124888590146e-01
4.493395818203273606e+00
3.315910397465871018e+00
4.072553247523647002e-02
3.546413749336554844e+00
4.269645169429844067e+00
4.530738110532413820e+00
3.099895857142305644e+00
2.843711829511286648e+00
1.912210056173173189e+00
2.706081555966029839e+00
3.081491776716194231e-01
1.724060209224660856e+00
1.752554552174310665e+00
1.324330686213428532e+00
3.845540968872506848e+00
4.215123129043673700e+00
2.555979260768520334e+00
5.634977537702767769e-01
4.451459444286562039e+00
4.703263751009991722e+00
1.252796752812622705e+00
1.380115724772327246e+00
3.200261344523713358e+00
2.482629957409411503e+00
4.842769476661688444e+00
3.828749028628072981e+00
1.595820695388402433e+00
3.010622910637049898e+00
9.985232093835949563e-03
2.040969702617947856e+00
4.826915846400004817e+00
4.677752766684490027e+00
1.683020829518667716e+00
2.736090565403665131e+00
1.776759267341201820e+00
1.710274228414585540e+00
4.429421484085611205e+00
1.475559622728652265e+00
1.656011779860788291e+00
6.980634348570935455e-01
3.852901803707403650e-01
2.302049842615738751e-01
1.997768004205136450e+00
1.039194558673274926e+00
2.473959268385816479e+00
6.871457121008106572e-01
1.698640399692284975e+00
4.309758132945517239e+00
4.929137679742320088e+00
4.063860155193980361e+00
1.134758503778905414e+00
4.931032676011698257e+00
2.022509013406676548e+00
3.399444604629608957e-01
6.729050627797433792e-01
2.907658040970577229e+00
7.279924626649891817e-02
1.730325371342512630e+00
3.160605388907444802e-02
3.679989269210417024e+00
4.092777815814114817e+00
1.258420461438054527e+00
4.001657953084745145e+00
3.612362616155866846e+00
1.581932206151824172e+00
1.739354345944194691e+00
9.636055459636594378e-01
9.996224192035940703e-01
3.899251869164234829e+00
5.132843308056872500e-01
3.879296816168539941e+00
4.089493869778367596e+00
8.415266882996480513e-01
6.257071679819115051e-01
4.167246415874620302e-01
3.176767128756984526e+00
2.708841635744461129e+00
4.694076839551974967e-02
1.970524228595342819e+00
2.970777947198280255e+00
2.192157643308178194e+00
1.316478376093161540e+00
2.471379994929471025e+00
2.068219465057699047e+00
1.461940536634003696e+00
8.513870038105936233e-01
7.016086865367754388e-01
2.257163785895841102e+00
5.648218820460182421e-02
3.921629237038017912e+00
1.821589410358830374e+00
3.020092552230519090e+00
2.615972386074881584e+00
2.750966402380854436e+00
8.128072061978502960e-01
4.127150923047923081e-01
2.525775348504199158e+00
4.738990946575844632e+00
4.863606066258859606e+00
3.622328973069321556e+00
4.406741505506499124e+00
2.335065504598814456e+00
2.396511908451178563e+00
1.684498001724399341e+00
2.923251401184280063e+00
4.355703602756371140e+00
2.600344165111652561e+00
4.193586207283709122e+00
2.101679699201485896e+00
4.966042448669677256e+00
4.330291538709888144e+00
3.151372476171310666e+00
1.367355936133979988e+00
3.772133936440067448e+00
3.657453641257623733e+00
2.541195816692420895e+00
1.153564043029936537e+00
3.935992746123082142e+00
4.493216591434237905e+00
4.471602121020152865e+00
1.215388663834757743e+00
1.008470741738836107e+00
4.267611571242549751e+00
1.882457130138487367e-01
4.652546992329829045e+00
4.322421993882948676e+00
7.478411901230563874e-01
4.267319444800465433e+00
9.590643170872276135e-01
2.590083719678093477e+00
3.003918632662899713e-01
4.452013354591466410e+00
1.245025306753231309e+00
1.892982867180558859e+00
3.394217046087754319e+00
3.161802672479625098e+00
1.246108124624278890e+00
5.724159982442200700e-01
5.455796943471913352e-01
1.125229863827058585e+00
2.615547719296469786e+00
1.793987516266039028e+00
4.270026501862361101e+00
1.961470309472497231e+00
3.458512249461404231e+00
3.189170931663066533e+00
1.227950220830339445e+00
2.307997989970303365e+00
2.681971662618420460e+00
4.929407021454236038e+00
1.805214395919558790e+00
1.281794325924130007e+00
8.948771493016977052e-01
3.108574505724949866e+00
3.623966260053804067e+00
1.618992515453417269e+00
7.268360987481492508e-01
2.213034375935968079e+00
3.365609899026185570e+00
1.975929192663829603e+00
3.429581454855439748e+00
2.018996152262709121e+00
3.081410581808661231e+00
4.077816491837506163e+00
4.603501771971341583e+00
2.700793429238574461e+00
2.077353966500819382e+00
2.113795573250634607e+00
