2.618870603867077929e+00
2.648322317427568962e+00
2.731872468109297625e+00
4.837387377115697440e+00
4.175850585515161306e+00
2.963910377553268916e+00
4.734450715032406665e-01
1.435557724027763271e+00
3.043910577179509414e+00
4.760186270718458346e-01
5.000064364601330968e-01
1.622766356192714143e+00
4.539836762602941000e+00
4.643153412922393031e+00
2.657385292245180164e+00
2.430083591783369634e+00
3.060132480488548357e+00
2.682097510440848875e+00
2.557983858519277565e+00
3.836420028076241717e+00
3.797704860919876024e-01
7.637179230938567764e-01
2.695195808547795613e-01
4.097704853916336099e+00
3.336418013679531391e+00
4.964884054362220134e+00
1.873793970785720964e+00
3.980829883695917726e+00
3.246323482852171871e+00
4.319738821914792526e-01
4.788855758274085161e+00
2.161538665351270705e+00
3.946768902463290818e+00
4.552122409746485410e+00
3.561880198889055826e-01
2.041813025494092493e+00
4.967125150242445386e+00
9.168496832343964176e-01
3.187863553281404805e+00
4.886154482090696582e+00
2.529138400857201319e+00
4.292963109134996458e+00
2.380001464367781594e+00
3.863902005622241287e+00
4.382975986976286542e+00
4.370699481948881804e+00
3.195330298091408894e-01
1.723043307584886108e+00
1.879131545217273658e+00
3.030683759909415187e+00
7.539088963914308827e-01
2.937123902556310062e-01
2.711404926994358533e+00
6.492529041497274722e-01
3.559216837149591584e+00
3.945055870846648993e+00
6.479465323677174871e-01
8.139386324143932372e-01
1.996543433715038507e+00
1.162465834597826042e+00
3.672521779849586832e+00
2.215432451997773056e-01
2.018458032044832429e+00
1.578083579035709061e+00
3.747360791872766939e+00
2.506580261960128508e-01
1.451454925538404162e+00
2.932672585396539411e+00
1.203305537097372646e+00
3.794036812980428941e+00
1.017323151128121106e+00
1.094987925423808184e+00
1.644528364937074549e+00
3.976639733879281824e+00
6.859190627957090225e-02
4.287799339303608903e+00
4.975713655470870300e-01
2.875496334157679357e+00
4.817064336903646549e+00
2.371775034029295792e+00
1.411966160617150745e-01
3.585850763927989071e+00
3.908704154356705818e+00
4.342169376846475970e+00
4.178957934462642854e+00
7.570580664622572620e-02
7.288221149134449517e-01
3.083081605666615932e+00
1.364464986154654280e+00
6.829246427694407595e-01
2.950568401929299256e+00
6.676770766024503478e-01
3.249582853773201219e+00
3.451836443801515220e+00
6.618011537703250013e-02
1.606402139705943588e+00
3.990371680303117063e+00
4.303160806955246720e+00
3.812029930337434980e-01
4.167184380163088342e+00
1.700039926707315185e+00
3.037696808453897557e+00
4.754521929494091914e+00
6.482499821065451640e-01
4.346883780352329474e+00
2.844009636232689875e+00
2.806718205123377441e+00
5.786234471890078224e-01
4.927943789935994801e+00
4.672807809572366189e+00
4.700577467640876250e+00
4.918578663125080297e+00
2.362686531849789162e-01
3.801732731274067856e+00
1.431284271095601301e+00
3.899097497307275617e+00
3.922791919319784659e-01
1.218453801622334964e+00
5.100573311032552404e-01
4.964977822434339494e+00
4.299579225559807538e-01
3.319292271167364028e+00
1.583789013197922646e+00
1.471017903429047813e+00
3.266300421909378748e+00
4.542929652855001166e+00
3.726969980059930521e+00
3.195374841443823222e+00
4.986753158898364902e+00
4.601089014139346567e+00
1.659988710213033514e+00
4.290829025508470451e+00
2.374467119414219729e-01
3.097730705713092725e+00
4.225223582396544941e+00
1.580075890966306407e+00
8.497547057333354470e-01
4.927699056738205075e-01
2.839012969988611523e+00
4.881769487710600153e+00
6.259302051884052531e-01
4.567251521622069710e+00
2.698838600767366369e+00
9.084855427488619517e-01
3.441822994093958865e+00
1.994053165776763059e+00
4.631733585894806993e+00
4.203925652015435332e+00
3.583999267649220055e+00
2.196643292805510850e+00
1.393815083922829601e+00
4.462811748180234295e-01
2.002074340855286128e+00
1.451613999790828391e+00
3.126514318936530756e+00
4.040865095529445838e+00
1.410789753626519705e+00
4.583683634496747317e+00
8.364537478862282827e-01
4.547511956847159809e+00
4.157621052159202968e+00
4.567980913468716153e+00
3.202367144689890477e+00
2.340496246765087385e+00
3.308874201438137153e+00
3.105463812501808363e+00
3.221931538908608950e+00
1.630942709246163247e+00
3.798257545007039937e+00
2.411745980554545365e+00
4.334996577872142431e+00
4.035433441598085258e-01
4.941606877990007973e+00
4.090168154148965840e+00
4.132496308390949835e+00
4.298393126677429343e+00
1.503258557070563661e-02
4.192362490165772115e+00
1.894709382841551104e+00
3.689170842560501207e+00
4.535378423941199166e+00
2.329316148546106691e-01
9.929002949896548191e-01
3.665249551534484507e+00
2.605413739925999561e+00
8.463518283265397679e-01
3.902039580502442151e-01
3.158118931958652453e+00
4.323411978902907293e+00
4.608993148650792016e+00
1.258181410985405035e+00
8.931655640311841893e-01
1.290662116110584678e+00
2.353668763767873262e+00
4.548316143420064961e+00
5.624130229067014763e-01
3.085941804518069986e+00
4.091769299960932749e+00
3.720273117112498085e+00
3.495802568295490076e+00
2.360914923315787117e+00
6.999986828412319007e-01
2.530693187921874809e+00
4.929973154703541027e+00
4.691251631308967163e+00
1.788358675576432466e+00
2.719195106038931442e+00
4.079104860715817793e+00
3.350897456215002457e+00
3.550585558989635793e+00
4.483997754998327423e+00
2.246636634466471882e+00
2.953575455622897694e-01
4.884780646265650894e+00
2.801475216140529856e+00
4.252493902383919888e+00
2.528353199738492485e+00
9.512157166073986758e-01
4.030356505415401358e+00
4.156510031714420350e+00
8.536890200659003058e-01
2.734608288494673189e+00
1.704596879626468109e+00
3.147376111834254697e-01
4.656749656771420831e+00
4.829401533156955750e+00
4.878630297932340376e+00
7.455216475383902308e-01
7.819524233531494062e-02
3.815600636430860781e+00
9.649465171758903059e-01
3.942499858271395929e+00
3.140281469881445187e-01
4.833143401976976783e+00
4.590417495899090206e+00
4.034403095290482355e+00
4.258989496178829270e+00
5.723842417707758479e-01
3.674374053381078031e+00
6.448501236204556841e-01
4.528323761312294415e+00
1.353322692442274100e+00
3.544431985830418519e+00
1.536913846649147208e+00
2.263953308209849080e+00
9.509948723846511909e-01
2.959361521652685845e+00
2.107550028734369363e+00
3.403045153978384363e+00
3.489006137768098981e+00
3.965747579598839057e+00
2.636472250764418490e+00
2.436188660021614716e+00
3.149994990763172353e+00
3.839497359600243076e+00
3.039978749240229039e+00
9.754552812607575341e-01
1.271402552876473191e+00
8.479575628223273709e-01
2.109774241573938447e+00
3.910786371011564899e+00
4.912500832410469975e+00
9.330769657685278329e-01
2.093155411308455172e+00
4.237341177825999949e+00
2.778938517930148677e+00
2.696572998899016138e+00
2.288025116565184369e-01
4.410598430444080620e+00
1.476893518546495532e+00
3.292226275793885826e+00
3.139046688763509785e+00
5.536509272367945433e-01
1.330647703219193234e+00
1.817295830126282041e+00
2.711644394655369883e+00
1.613846007714368369e+00
2.420494363173599339e+00
2.875622595654432345e+00
1.910659077809627071e+00
1.522455453156918548e+00
4.499933711730810693e+00
2.253479793394133512e+00
1.321527491056873060e+00
1.454616985268540219e+00
3.528157247537311303e-01
2.075018515316034984e-01
4.503771709615854490e+00
4.350993706836202790e+00
3.229429076120835518e+00
3.598934534589602663e+00
3.349375818518986136e+00
3.171206539355002629e+00
2.192503090916486652e+00
4.381718853004246128e-01
4.080473831360198034e+00
2.032123767214699672e-01
9.718927267693655558e-01
1.876667205670633498e+00
3.133993879907359226e+00
4.471963586693111559e+00
3.307865181553403033e+00
4.781238995969361305e+00
7.112128969288311620e-01
2.204484288912251788e+00
1.556624470395453486e+00
4.586569759951207637e+00
4.451058339837624445e+00
3.209825523263670766e-01
2.071427832631067112e+00
4.471959298786907233e+00
3.384574774416727827e+00
4.049011085339221383e-01
4.858116038644391566e+00
2.033971854307896621e+00
4.344523902110259961e+00
8.424381367478955829e-01
4.892802629198016895e+00
1.047767995530887841e+00
4.219769232610174114e+00
3.911896355638342815e+00
1.654706764992567303e+00
4.922245644381824548e+00
7.868407667939375516e-01
3.183778176261014004e+00
4.654108796185226993e+00
2.553546611312574210e+00
4.931821378837696557e+00
1.226162393290750163e+00
4.801217662689575505e+00
3.235069716232304327e+00
3.613445430553173132e+00
2.197495253663872550e+00
7.042448629368286417e-01
3.526103583259793339e+00
1.978678178794938791e+00
4.213256512667758358e+00
4.799829684731057533e+00
6.874103837269829320e-01
4.830065132546017104e+00
3.460701294767802416e+00
2.649839181764249929e+00
1.009560471110449331e+00
6.609850216603363471e-01
3.883675158893970192e+00
5.926665693018329240e-01
3.371765033309390702e+00
1.561791358372797589e+00
2.272979665940636274e+00
3.325540792154680680e+00
1.380780680007265282e-01
3.104165856187385053e+00
6.735858782168091530e-01
4.367895295052619531e+00
2.501949229444520917e+00
6.352634810685553468e-01
1.267116599432459578e+00
2.631210078784054218e+00
3.343293183726482987e+00
2.901508564613272778e+00
1.837094585158468574e+00
5.573309508530710499e-01
4.395476303899958026e+00
1.736927028048101951e-01
3.544417476405997025e+00
4.667832024234651378e+00
3.302382677267742928e+00
1.540257397869646550e+00
4.663781151335613551e+00
2.136725846292853781e+00
8.780620451756110389e-01
1.910234503152979268e+00
4.166354976057792037e+00
7.973652361275557210e-01
3.072384369085319644e+00
1.701457967181957409e+00
1.143727885642686459e+00
1.579997225512756565e+00
1.215740564396727841e+00
2.561052495665938622e-01
4.890809578853835049e+00
4.378411907646996504e+00
4.650300875291292435e+00
1.312933252287717956e+00
2.676464270662433087e+00
3.792335419334070146e+00
4.205591474739095448e-01
1.448452726996423134e+00
4.966597554697776973e-01
4.615374613522485348e+00
3.859040419107179209e-01
2.170525948631141677e+00
2.425704105308521097e+00
1.912746911632559055e+00
2.604513238736760883e-01
2.204017088214427655e+00
1.941140900930085067e+00
3.346560357994519119e+00
4.963181100686131053e+00
3.418145352456079422e+00
4.565415377284439913e+00
1.330325501604702865e+00
2.217719971195301731e+00
3.068976028387791821e+00
3.167051030701061087e+00
8.328844795251399979e-01
2.974962673902337151e+00
1.484643435726769489e+00
3.614768584073575486e+00
2.255903873012314875e+00
4.531214306722034735e+00
1.902727082567345906e+00
3.626170142408382979e+00
4.385467070811590595e+00
4.595185172954203701e+00
1.949817977736153507e+00
1.054634217075957725e+00
2.802979600420326012e+00
6.987165985085458386e-01
3.007436468983545552e+00
1.937513654159840337e+00
1.088811258743854760e+00
3.955000728842909652e+00
3.147667028534417266e+00
2.522532859432702335e+00
4.585972465250015340e+00
1.798549415339076418e+00
2.240627133175019381e+00
1.907224665651684470e+00
4.675738377487389741e+00
1.776572289651656700e+00
3.520533465589564148e+00
3.341185618805351698e+00
1.061811341986926838e+00
2.271432923632073386e+00
1.222933975015431107e+00
2.471046266054445439e+00
3.475350545566719962e+00
1.021154780514443861e+00
5.293388317804958998e-01
3.736922184941093850e-01
8.901059885310325104e-01
4.981509969782925928e+00
3.348173636770880979e+00
4.445243174270968822e+00
8.467689754945512126e-01
8.325340349702636811e-01
4.449599736096905289e+00
4.097176730119967303e+00
2.599910463397483884e+00
4.123509536968498423e+00
1.818798778102550529e+00
3.857241210584904323e+00
2.777932693152665333e+00
3.673696486016439611e+00
2.220149650221185489e+00
1.338723088735558786e+00
4.400203229478730549e+00
1.746032246432422497e+00
2.992876790003129450e-01
1.642103100724050080e+00
1.240007231999727955e+00
8.165461390773032235e-01
4.879804852270959614e+00
2.797001127256902198e+00
3.221465332834033024e+00
3.121044718751597724e-01
2.913463703045933162e+00
2.512502870914629760e+00
1.378701936415145823e+00
6.630068224812168953e-01
4.956933567865631218e+00
3.835214157395416823e+00
1.324387053787184909e-01
3.100246931683207752e+00
3.626697015129606072e+00
3.527732756636746014e+00
4.871217196259491899e+00
3.307826543532420338e+00
3.918436088237177817e+00
4.530198197858769760e+00
1.363543173568620981e+00
4.333066649822646887e+00
2.892740195793249924e+00
2.474088428082580116e+00
3.561262716650444915e+00
4.466568844437225572e+00
1.711439562459504682e+00
3.855672736477067097e-01
4.957602921703434973e+00
2.650135638466081467e+00
1.988758652992574483e+00
3.053933601075724980e+00
2.343536428053200282e+00
3.954273454796082721e+00
4.313079023257021305e+00
2.227561682871398441e-01
2.283804949807603624e+00
1.202840069938594381e+00
2.274385310160087492e+00
