2.645592543571741562e+00
1.845654519183969722e+00
1.508956666578014527e+00
2.724490201138193957e+00
1.325629788117601127e+00
2.640629680908549659e+00
2.040464130435570844e+00
1.552219378957200746e+00
1.341742955926200631e+00
3.955326248581870985e+00
2.425268177093276023e+00
2.291643771031209864e-01
4.463351970794782630e+00
1.837973423249634308e+00
3.574075641997547681e+00
2.509228487454618239e+00
2.632814255621384270e+00
2.378521546043138590e-01
1.310198977627280437e-01
2.208318347734726572e+00
1.476324857203338947e+00
3.126866427460019082e+00
2.384261186938775978e+00
2.658365397337835390e+00
1.594164696228916878e-01
3.702624401042500235e+00
3.134963243303470648e+00
2.505285018962886578e+00
7.890919730116635611e-01
4.005503896938350294e+00
1.093820740247064105e+00
3.346394033303649707e+00
3.093354300463774464e+00
2.745964685818465423e+00
9.545785563979247712e-01
4.920138343703710504e+00
1.526093081152762876e+00
1.276637181535927867e+00
4.717687275831364602e+00
6.583090866113516793e-01
1.754773430177171800e+00
3.218118567770434701e+00
4.864799965533773474e+00
4.530221827215886954e+00
2.204837750893697823e+00
1.180937597917639970e+00
4.214168934926644461e+00
4.982945458629812308e+00
2.574056111973440863e+00
3.667937702331596217e+00
1.195252490690619673e+00
1.376498900833466710e+00
1.799583822321740856e+00
1.441524219263747408e+00
1.767832769989259756e+00
3.561941039096962580e+00
3.739343834706937209e+00
4.324815286804001291e-01
3.479504821889033650e+00
2.522134960330871145e+00
3.122326734022182304e+00
1.358264037107426159e-02
1.342667200703190344e-01
4.212950282221743059e+00
4.585614610542021463e-01
1.617616460583202631e+00
3.269300191459740823e+00
2.659756671846680742e+00
4.617794304984208509e+00
4.334753962507328140e+00
4.641322398489469592e+00
4.350894956787032974e+00
9.602671571725840405e-01
3.944126753192516155e+00
3.565014899967373196e+00
2.515616375382147218e+00
8.906833427913346535e-01
1.693608083864496239e+00
1.834645934351812890e+00
3.284770681321733221e+00
1.977467499728445155e+00
2.414272240170178385e+00
4.197155758603654974e+00
2.519867996498617480e+00
8.362931451427757512e-01
2.514869805167713857e+00
1.058690197314147596e+00
1.922316229067538851e+00
2.647328214945443126e+00
9.348586238479111854e-01
1.131053666770032162e-01
6.346885710293237448e-01
3.208601845872571801e+00
4.087800317553927698e+00
4.687435888050036858e+00
2.369036553078631258e+00
6.902541139785456359e-01
1.370688320109265224e+00
4.356388931080849680e+00
4.119549926910190507e+00
2.606414825626379272e+00
7.500566958153176422e-01
3.595482471087930065e+00
4.400758270272866923e+00
7.752892548823259178e-01
3.250188652271128298e+00
4.168908076370391846e+00
8.275907110049351978e-01
1.942288764890509611e+00
1.958987286846260556e+00
4.163044223200105698e+00
7.097539021381599200e-01
3.992026590717317802e+00
7.189678717101305461e-01
2.759597486339668837e+00
2.365815447745218680e+00
2.208242681393466800e+00
3.390922631834601297e+00
3.390471985995806126e+00
4.041202566970533816e+00
4.709552458781418594e-01
2.906649203273115489e+00
1.670088159574497633e+00
4.099834784791870135e+00
3.177121977210109804e+00
3.564449694805872149e+00
8.590755491739210381e-02
1.244303694104064162e+00
4.393185983019216145e+00
4.643150204706697259e+00
3.260828741319639068e+00
3.195226833645325115e+00
4.266475127817273894e+00
2.243471734112075566e+00
1.669455169881161716e+00
2.120038738867522365e+00
9.548893823762455435e-01
3.414767339885949049e+00
2.152950540114284550e+00
2.235121405173275733e+00
1.621529623374972084e+00
1.987205641209952134e+00
2.316355796426525337e+00
2.792029432378317466e+00
2.863506461945540149e+00
6.687964949567176687e-01
2.261981346430119277e+00
3.609924045739456133e+00
2.765461160624267389e+00
4.947883745511861164e+00
4.107012614127990346e+00
7.553965341496504671e-01
5.829075862260219010e-01
4.353654955292495465e+00
4.656560611425121010e+00
4.051393830675568353e+00
4.815243913708727730e-01
1.682205294654937067e+00
5.114237139170441093e-01
3.817020871364412926e+00
4.484479546451804133e+00
4.282349351501546497e-01
3.775671139595488501e+00
4.837443003359896743e+00
4.599282633692472366e+00
1.353350642179873109e+00
4.480029499486421152e+00
2.162633200089797425e-01
4.305164691117295384e+00
2.571576983649261461e+00
7.969073952924587978e-01
1.636280708152576535e+00
4.115594485438357708e+00
3.437549016214240805e+00
2.590401543577698806e+00
3.833712003001033430e+00
1.579292024263008631e+00
9.503190988164716968e-01
2.107644779746476349e+00
1.702761195341695011e+00
4.759958710834516493e-01
4.118694496464148092e-01
2.444513579932966252e+00
2.265368291306772086e+00
4.154888631544077171e+00
3.386344058015799963e-01
3.464580060965131381e+00
1.816245686359319045e-01
2.443753545611778932e+00
4.100998312681222835e+00
3.013693071795383815e+00
2.048410135760805773e+00
4.021406633267652353e+00
6.418199405831204185e-01
2.118315830356448437e+00
3.003801532607315306e+00
2.926683298880172313e+00
1.440766072180746260e+00
3.091956354613011548e+00
2.273311902901332893e+00
4.669429850406438653e+00
1.863684184470891125e+00
1.956240975573786400e-02
1.827525426163707500e+00
3.667583955103693061e+00
4.395855353347028149e+00
4.651562908561160725e+00
1.960984004766528344e+00
5.922323304155896473e-01
3.242296080977337791e+00
1.585975637495926183e+00
2.678375620343159680e-01
8.234587332085091527e-01
4.672602037004694786e+00
2.827781306649849391e+00
1.851944154191462300e+00
1.353497424814035899e+00
2.569475803932596669e+00
3.985066316746700643e+00
2.278686567689892861e+00
2.828042101693120536e+00
3.267080898340049000e+00
2.304128241471318894e+00
1.929312363283260279e+00
4.745308126002512061e+00
4.784803347437307508e+00
3.534119189393106097e+00
3.015994794747320906e+00
4.375712391389383171e+00
4.335036244174604647e+00
4.989839340936615741e+00
2.937565619631460123e+00
4.963485120120053828e+00
3.120238021989573340e+00
3.448808800172870725e+00
3.683774908959748906e+00
3.592895556156869397e+00
7.957288510956955774e-01
4.109273238192214350e+00
1.707542164632657178e+00
2.599308068246020120e+00
4.905251202384713238e+00
3.916378537410080796e+00
4.997841293224439596e+00
6.833172331112513653e-01
3.911808503794916847e-01
2.348093431665148056e+00
3.060721878363503734e+00
9.889315850727048440e-01
4.225556416905359214e+00
3.662176381558461813e+00
8.629205428948683032e-01
1.802922565651132736e-01
4.489996954064473300e+00
2.014282459152337168e+00
2.049128792224791384e-01
3.706795942393685372e+00
3.888215045736122644e+00
1.714593979689887915e-01
3.856522526856087651e-01
4.349525278148581364e+00
2.212239057475413606e+00
2.005765095666539599e-01
3.385973904812506596e+00
9.055787421090782940e-01
3.752030014846321926e+00
8.827080656259628233e-01
4.858768624136684977e+00
4.415472893636912533e-01
1.090366196485003103e+00
3.356073485213473706e+00
3.375798704793187444e+00
2.437803450403241978e+00
7.463703306967994777e-01
1.174651656295413016e+00
2.550707996817703993e+00
4.534623748411120481e+00
2.107944618497939349e+00
3.508050335517416851e+00
1.741873309473271902e+00
2.407216089064145859e+00
2.705712534506938383e+00
3.638943869865740588e-01
8.063289352754138273e-01
2.515830328399796922e+00
3.523672577770520231e-01
4.468211988064696438e-01
1.284771066706220655e+00
2.908826065241884251e+00
1.891276761610898749e+00
2.391664782090050068e+00
1.562583303222803144e-01
1.139024834612450299e+00
2.892180519469416566e+00
4.537949740267882781e+00
3.778952083089012870e+00
3.324974218183395891e+00
2.336895753458554825e+00
2.959397282113556571e+00
3.479420606594552101e-01
1.804670998962500938e+00
4.789443337204558837e+00
4.274492122597394861e+00
3.276023855271355423e+00
2.680485810364228616e+00
3.565592130715702357e+00
2.324604331093966358e+00
3.199726362336936081e+00
4.448571628294494040e+00
4.383929704668444671e+00
4.536748330679468699e-01
2.110958457000590371e+00
1.890189910231947934e+00
3.886065807518719772e+00
4.211182408685457901e+00
1.601558423333599990e+00
5.999972808187348239e-01
1.047782250939771620e+00
4.123789216451534401e+00
2.236658195352210665e+00
1.676758979626993273e+00
4.460059994122762106e+00
4.724059531882075724e+00
6.835179758804993400e-01
3.694614723450648341e+00
3.509236253856931498e+00
8.972580692735016017e-01
3.127097821965938884e+00
7.571144471046076241e-01
2.497193164902657081e+00
7.202373071225220968e-01
6.021973742651121064e-01
1.226551072582548585e+00
4.817122590900269063e-01
2.421062732536433781e+00
1.222252205832138339e+00
1.863493765039067718e+00
4.303033445542797653e-01
4.411285983987538906e+00
4.320499681327682140e+00
4.337179078099875795e+00
2.062826306969497203e+00
5.100905050265669427e-01
2.760004476639343451e+00
5.068647971234174765e-01
4.946275194228416661e-01
4.072274091342975577e-02
4.301342494056283883e+00
4.066459714199477382e+00
2.957637963331576803e+00
2.471795394079852493e+00
3.165312075164957939e+00
3.295117179322318179e+00
3.447398780605261948e+00
4.045954573175459146e+00
2.679426244617518105e+00
4.168220631683037247e+00
1.562576144724984850e+00
4.833972994600299611e-01
1.536831700115532939e+00
1.743189113117038946e+00
1.452073244146148578e+00
2.140968344455728811e+00
4.522467493183608411e+00
3.640499779025602178e-01
4.701666699192259991e+00
2.267635606590120645e+00
5.673390511609444076e-01
2.379182909062063533e+00
1.841373942211778081e+00
3.843352586213955924e+00
2.055634726848220240e+00
2.130146355448402140e+00
3.069517049195067848e+00
2.802316336502908456e+00
3.680510431110220360e+00
2.521104166265460300e+00
9.839819802852417530e-01
1.865873686175920643e+00
2.503575701746443283e+00
6.080031552184894661e-01
4.156388760865286969e+00
1.354156375743397867e+00
4.901941438867385425e-01
4.843690324181475049e+00
1.109081258715351570e+00
2.750010959909876540e-01
2.438481860583423089e+00
3.354564497253849531e+00
4.179306178746066358e+00
4.644347637243425808e+00
3.727029223394899837e+00
3.868703999339454747e+00
4.714476705511520649e+00
1.339588758037288940e+00
1.934317429251632969e+00
2.328109016404029674e+00
3.988362032006238067e+00
1.547912426564963528e+00
1.240588415292899871e+00
2.526503428319819555e+00
5.131498495715969277e-01
9.073151155903214082e-01
1.458750258966686753e+00
4.886970742216619534e+00
3.113287650192250844e+00
1.831881799308041181e+00
2.560524425219009359e+00
3.254245634064943271e+00
6.773988708049238916e-02
2.084204191082072555e+00
8.805972548956525481e-01
9.878323795644039507e-01
3.323904131624475955e+00
3.143594875347230921e+00
4.854512185932907897e+00
3.809204823085650560e+00
2.302413011309146107e+00
1.966976114562957179e-01
2.089845841664846215e+00
1.929165128445638366e+00
8.001270440577229470e-01
7.004752100390854164e-01
6.873313832432531578e-01
6.766138697639345612e-01
7.296666693037973106e-01
2.354457074025913421e+00
1.152831599374618543e+00
2.241079046289403021e+00
3.594959477575187634e+00
2.290599453066995750e+00
4.148408771829188879e+00
4.051617720714951965e+00
3.215549750808191387e+00
2.925345930282056806e+00
4.135227780921738372e+00
4.841475942494220419e+00
3.236210317102789169e+00
1.148641908888679009e+00
6.645292382222889316e-02
3.189168119658756684e+00
2.142989271369292847e+00
2.153303235628387657e+00
1.732236711320908729e+00
1.374916477374998891e+00
4.374527253016984751e+00
2.483051527551147331e+00
2.997474458014612431e+00
3.926296960653839818e+00
1.820792608138582791e-01
4.413519249236083297e+00
4.517290386097298160e+00
3.371789641779527447e+00
1.827629059855256255e+00
2.250502139389358280e+00
1.143339315297137171e-01
2.648329781168107244e-01
4.246994680294708502e+00
2.503704460114266617e+00
2.429459449689523876e+00
2.697554531446019865e+00
6.965738403965249237e-01
9.512268191989409205e-01
1.534288638788196657e+00
1.553147246254732439e+00
2.485250178841886370e+00
1.820744447019015499e+00
1.453140977114459886e+00
4.168907249854234109e+00
1.338894207803095870e+00
4.652312951605697133e-01
2.082558903530341787e+00
4.572649965263254401e+00
5.622162405351033287e-01
3.828642770587746824e+00
6.633318470413318568e-02
1.915203578189790257e+00
1.131763050703232132e+00
4.791682548633047212e-02
3.392205327358385869e+00
3.279588830920419085e+00
2.956285057814351358e+00
3.837961046617826444e+00
4.822485200557368401e+00
3.676777315050791195e+00
2.433518012318924395e+00
4.010401048386629697e+00
3.968356769214321567e+00
3.084757434753155003e+00
4.608347290608909574e+00
7.420826309415662347e-01
1.520118731037499726e+00
3.165005833737696506e+00
4.998082538634792904e+00
3.032051903110305702e+00
2.417560778464365345e+00
4.411553251300375678e+00
4.411371661058833382e+00
9.472563483351614799e-01
4.823685932670105814e+00
