4.624948513872815248e+00
7.907136861781022263e-01
3.864730561087091232e+00
3.661433601767420942e+00
6.762596205305382302e-01
3.246274989405684153e+00
2.051431942188303159e-01
4.838936816029005605e+00
1.088047901557740005e+00
2.235857400563569186e+00
7.796260634774782039e-01
2.531525921165966420e+00
7.585521430509400975e-01
2.903195004151527314e+00
4.746725250931610240e+00
3.087407312483331889e+00
7.973642409774317485e-01
3.377702243330663379e+00
9.912941966105009994e-01
2.257543292420571834e+00
3.805306974854191004e+00
4.244941632572662993e-02
4.041915768957499155e-01
1.974803010527228064e+00
2.660392449569732864e+00
1.827154386066259129e+00
2.967694980624042245e+00
4.930135973285183937e+00
5.679757666644585923e-01
3.666098095639979348e+00
3.931842359252043728e+00
3.556203412791498764e+00
2.949085008787862172e+00
1.226421101342839437e+00
4.724292433364407628e+00
3.775232431348578555e+00
9.849888281818791613e-01
4.637698229670070837e+00
3.416898005073542244e+00
2.202030602625123734e+00
1.175016567121254241e+00
1.836242245612599300e+00
3.253356783757267223e+00
4.262702481144616584e+00
4.888184392547800794e-01
4.152668498327127811e-01
8.868115065615528314e-01
3.611470293327023739e+00
4.383467333401446453e+00
2.204189105867536469e+00
3.084409550928725707e+00
4.390041230610165712e+00
1.308816573304546482e+00
8.299005058478797769e-01
2.993820217775629011e+00
4.370553816228523125e+00
3.427594812694479298e+00
3.795681700919456558e-01
6.445690980109325396e-01
3.743539304872519402e+00
2.081569470465553628e+00
1.886694094338534633e+00
3.470127786007253246e+00
2.166415849669929727e+00
1.503653488520645398e+00
2.492722902360910542e+00
9.749407571354279378e-01
2.557096886928090118e+00
1.966019137799656091e+00
1.942612462437502963e+00
3.324059207103856828e+00
8.882249152327359454e-01
5.666494051949627631e-01
3.174567069783844619e+00
1.690367341839116300e-01
4.984151493105049013e-02
3.350898605681287723e+00
3.946831621007279800e+00
3.776743843541862766e+00
3.032642066475389697e+00
1.729465922218349494e+00
5.589811817220347034e-02
1.408678789144175436e+00
2.386231639144673622e+00
8.580819505632553135e-02
4.519581571664029518e+00
8.418531642312415686e-01
3.986642984596489026e-01
3.485581284900302057e-01
5.228163638514948808e-01
3.311986780740525216e+00
2.810847572311925724e+00
3.318680754333592553e+00
2.008278884641889306e+00
1.331193049231955250e+00
2.192791916488967097e+00
1.246249747181309431e+00
9.622826762638547748e-01
1.577211037209444555e+00
1.051704401914448361e+00
3.138678852021292709e+00
3.475786700857514955e+00
3.624983157937986533e+00
5.994849580218636342e-01
3.739597321419474873e+00
3.038161000694598712e+00
9.918226876612667997e-01
9.337482444486278066e-01
2.589099703608846781e+00
4.253261328448811440e+00
3.564233807899587880e+00
4.237847333092473079e+00
3.640356689057427264e+00
2.080958522445712777e+00
1.614024282575828195e+00
1.342319126553054298e+00
2.053816707828877153e+00
4.873569340243617987e+00
1.905996583464405481e+00
2.273354854513323087e+00
3.215084948090369377e+00
1.654088089037822895e+00
3.633908772724042668e-01
4.023258322347190941e+00
3.887190206101194256e+00
2.204161877184203533e+00
8.865575089690419519e-01
2.036127976579473753e+00
1.695262355326214720e+00
4.711607814326973731e+00
2.395431311860096724e+00
3.451892114654694588e+00
1.868976682273242762e+00
3.818755899658067943e+00
1.863646529852134748e+00
4.785199673775196949e+00
2.490649634795656375e+00
9.006360539373009511e-01
1.502996290494413856e+00
1.624699980262357402e+00
1.457611315588969170e-01
3.728914176566349159e+00
2.684988995071401874e+00
2.158578730654420852e+00
4.920271450643564748e+00
4.448847801784490130e+00
1.803560191501769605e+00
1.476537346428496988e-02
4.716738140750564412e+00
2.173308623497709480e+00
1.442542389445782725e+00
3.104524139749325506e+00
2.892789153823580151e+00
2.160072777638172958e+00
3.201030990384544417e+00
4.682801772443498045e+00
4.063771136023341946e+00
2.587940862492156935e+00
1.310133023921022932e-01
4.042089939054608116e+00
2.321831283099199617e+00
2.427623306548654547e+00
1.021745932875844920e+00
3.810213599804131768e+00
3.057535696205124776e+00
2.443897762082868574e+00
1.285789434993588332e+00
3.968952434420114361e-01
4.170284336594422214e+00
4.867775586552107292e+00
1.828558224842869340e+00
3.013400473879385366e+00
4.985698711594653609e+00
2.674291762220920354e+00
1.995517609878951326e+00
2.622894121479053098e+00
4.030144757005804657e-01
1.450407421899748250e+00
5.296322392084240605e-01
1.506047761105242522e+00
2.701233979478445679e+00
3.083176526952608576e+00
2.108105491069492743e+00
9.274782282562404889e-01
4.931542560408039400e+00
2.801604480188064628e+00
2.514611091530071896e+00
1.767713451163028360e+00
4.277808968073522067e+00
9.896136466889926542e-01
3.319903695307070635e+00
1.983398178892390007e+00
1.143984720005754019e+00
9.519582250484331931e-01
2.689684474750775767e+00
4.075327063709226039e+00
4.579365349546261399e+00
4.808455452144485776e+00
4.038506182908733422e+00
3.958753996688694876e+00
4.577746974190512574e+00
4.061411625027267824e+00
1.791465108180793075e+00
4.253903345303299943e+00
2.122352425832738199e+00
3.402344959284930859e-01
4.357648694684709056e+00
3.645360660724583646e-01
4.108908824590046471e+00
1.169334345139272369e-02
1.248322026479596891e+00
3.792309167391841207e+00
3.805526772128492219e+00
1.271777218311721525e+00
7.026439166823561511e-01
2.839072294290878595e-01
4.164244240320670087e+00
2.541931805373880859e+00
2.102344569814369013e+00
4.791020340461691340e+00
3.588304878701876532e+00
3.658967046521210964e-01
4.911261295636662361e+00
2.786898515723909675e+00
1.131427210836773334e+00
1.925759438224561304e+00
2.666927868684563219e+00
2.334925611755596542e+00
4.876472220632077637e-01
3.357685486261770436e+00
1.744314094962991391e+00
1.244301800770557520e+00
2.703853216505796020e+00
1.894085309141000373e+00
3.385872357969037516e+00
1.397963873578295102e+00
3.306615617384206507e-01
7.315007930780592638e-01
7.750837608051730498e-01
3.003557510298143995e+00
3.261146120134307935e+00
3.786384830340067786e+00
1.622679457097897959e+00
2.953400156291151823e+00
2.707631534721733235e+00
1.504532655020576648e+00
1.423607441382875871e+00
2.094427899301882778e+00
2.473807421824185226e+00
1.996534019412927297e+00
2.233151670832461688e-01
4.275464510914356531e+00
4.637791684460484953e-01
3.333785288134366587e-01
3.563833549781676435e+00
2.853499473663811958e+00
1.431105010727764082e+00
1.139119258863209971e+00
1.012734242397176354e+00
2.772202638858396018e+00
3.743401689896824536e+00
5.462671752993381036e-01
2.815630797068099156e+00
4.547036997803727276e-01
8.577188709192790084e-01
3.238724732449002719e+00
1.579705971169383938e+00
1.667106155921200816e+00
2.724535359221710529e+00
1.339471518110239012e+00
1.323684655272719946e+00
3.216854195119853710e+00
2.629510146876903320e+00
1.292105142621802205e+00
4.474280224002869844e+00
1.931349364739458174e+00
1.508485689194948298e+00
2.107524340092595594e+00
3.088438702226496524e+00
3.708505160816035318e+00
2.880890601225833514e+00
3.253913754567548278e+00
4.945099713277021358e+00
2.322666765955298640e+00
2.403034349162957550e+00
2.972357879951704973e+00
1.991449606062342115e+00
3.652199509743494055e+00
2.930896259250075353e+00
4.701599710796137366e+00
8.082101074905645444e-02
1.351135946923052167e+00
1.150683062264176826e+00
4.049020297151923131e+00
4.647068728021946704e+00
1.160371348790332213e+00
4.728612996798250201e+00
1.057120694001917327e-01
2.557119185955500917e+00
1.730398891070894507e-01
4.841761299969639332e+00
4.042315291109510156e+00
1.318201146867493678e+00
3.457927011366726422e+00
1.359922683176230773e+00
2.481830453189004526e+00
2.116048487365942865e+00
2.129254167806714726e+00
2.305182896053544539e+00
4.941552972297739821e+00
5.425156006110332108e-01
9.645554249697285698e-01
3.641951909991021363e+00
4.531105582293908363e+00
4.378129939633964796e+00
4.025618271193827979e+00
2.989663784432465832e+00
4.412500117095786933e+00
1.559160776216548250e+00
2.566006287237669881e+00
2.828711209351154388e+00
2.698781620485690702e+00
2.779776653167351341e+00
1.653971215098150704e+00
4.668211963134479170e+00
1.579238431383022112e+00
2.950355461957943071e-01
1.102192853587806720e+00
3.683023390794759155e+00
9.895765831535491275e-01
2.168290664248182953e+00
1.059372394935821360e+00
4.469313253229068028e-01
1.650596225291858676e+00
1.144330266355597647e-01
1.403868651004462453e+00
4.096373140771738974e+00
4.035606687957533190e+00
2.615929984451832002e+00
3.920354522036736178e+00
2.442631584863796057e+00
4.801385132517853371e+00
4.976131316064325016e-01
4.646472170549701630e+00
3.175449396876861563e+00
2.751079157010965837e+00
4.190721236279774331e+00
2.465073255169016431e+00
1.250519047436343012e+00
4.332097026604571965e+00
1.484991980105528908e+00
2.286278876627685364e+00
2.337487546344427791e+00
4.703648987154846139e+00
3.810411793830847937e-02
1.661349852713720487e+00
2.834991736770530402e+00
1.895265778266384427e+00
2.486128711772920941e+00
6.402372583907067760e-01
2.728186402827986745e-01
3.331156913507435480e+00
1.549162036966992284e+00
1.831318879565755786e+00
3.848255705744194621e+00
4.936501765233645145e+00
3.172869656623094059e+00
6.856001645559572921e-01
1.211346303914273115e+00
2.884404904171887107e+00
2.037431614194375573e+00
7.286920742769015247e-01
1.254903479865923099e+00
2.929098457604792038e+00
4.569898440721979149e+00
3.453408924558709181e+00
4.373929028058062052e+00
1.728844630403683080e+00
6.411879804496756208e-02
3.567637073214858567e+00
3.922690707500222640e+00
2.985384781336631210e+00
2.245414521187889090e+00
4.109921527505505656e-01
4.489231185395002655e+00
1.134144733660611415e+00
2.935307828056065382e+00
4.238679410147171644e+00
3.141452076622438305e+00
9.144350109226073720e-01
2.650630742427051434e-02
4.040815866662167188e+00
2.079010179788637558e+00
3.576287164378166405e+00
7.390559947298130927e-01
1.903341092964018877e+00
4.988294046840351825e+00
6.813585074832556598e-01
4.308518069650091320e-01
4.227559015591270120e-01
2.949630947144134652e+00
6.803207241067654731e-01
7.912084430613924857e-01
3.172750552299046234e+00
4.557525795593739382e+00
1.477840267523745643e+00
3.062745355059199426e+00
3.009150511067495426e+00
9.442133444579114965e-01
4.847622703679022038e-01
2.122483083762598977e+00
2.022286321883485893e+00
1.114544739460692657e+00
1.637356464621447127e+00
4.670420250768851034e+00
2.939353520604623071e+00
4.235204976996222115e+00
4.647009225557114931e+00
4.063301289191173282e+00
4.664582434611458162e+00
1.371519412164506901e-01
3.204750951128242598e+00
9.557077213181108810e-02
1.611325328658192557e+00
4.389275771631716339e+00
4.984219260498556903e-01
9.306956945994726560e-01
1.792211044384924845e+00
3.741869171743315903e+00
2.344896826085523855e+00
3.103400407389379723e+00
8.900823720370165670e-01
1.304859891570498975e+00
2.236459698525872231e+00
1.770773686624240728e+00
3.915743262449395523e+00
3.243421861551658569e+00
3.703155377913231128e+00
5.784954313402346227e-01
3.295761510766253011e+00
3.248542503754083377e+00
6.836746081974204303e-01
1.405076037210878370e+00
1.517645795636087813e+00
4.841479421440803677e+00
1.745099625604815241e+00
1.309425263549454765e+00
4.676502233081857973e+00
3.804860704788453951e+00
4.598929335150354625e+00
2.887349744027500886e+00
4.404166556561169621e+00
3.612519354198512334e-01
4.689500577564866823e+00
3.178792944095954809e+00
3.092486528125115708e-01
9.549425724708643370e-01
2.109108387135294471e-02
2.123226519919827027e+00
1.146465881153094113e+00
3.138848303056976263e+00
4.033992930376251174e-01
3.572796535328412126e+00
4.000436171216469106e+00
2.424941696043573902e+00
4.191150560462337360e+00
4.852518758827216061e+00
1.011695201850825176e+00
4.601901467299642334e+00
1.949986297616680408e+00
2.849488655414949445e+00
2.724554598710748898e-01
2.491939818199467860e-01
1.185655133822176133e+00
4.144333294060047024e+00
8.753743101511912705e-01
1.457557892273222411e+00
3.280053215950252898e+00
2.109111850780067243e+00
2.425095793009131917e+00
1.286529440110926181e+00
2.796312848930211370e+00
1.323610185052524368e+00
2.122750182211776249e+00
3.775530266087202769e+00
2.522842848902810076e+00
2.205872231791428106e+00
4.610450271750249129e+00
1.957316461676172459e+00
3.352954719372364112e-01
3.965815394505012303e-01
2.810274508141091587e+00
3.322031811200317541e+00
2.536441901758681450e+00
4.289609733684299542e+00
3.450443674962040408e+00
1.938258327463809882e-01
3.827745570423195964e+00
2.041471537670835890e+00
1.641931348779583466e+00
