2.330004645978816846e+00
1.624362249760695320e+00
4.421182723192274899e+00
7.717189011626768291e-01
3.370911791695488269e+00
1.800274755306448426e+00
2.695156562686817914e+00
6.656947037399540967e-01
2.189061379142399844e+00
3.344660472926296535e+00
3.541313455422339551e+00
3.969664130517958522e+00
3.820698003130770903e+00
8.597360778517953994e-01
1.444305374371555040e+00
4.233141305673481902e+00
2.992291958595847401e+00
3.193527182396580955e+00
4.016909597417701150e+00
4.435349701869884420e+00
1.412412976126569131e+00
4.794202489501765641e+00
3.405217460740301405e+00
1.350238760120132664e+00
3.702378282425816680e-01
1.009955021315712687e+00
3.027753007566862387e+00
7.395254466548045746e-01
2.226898989466545853e+00
1.211387960070376968e+00
2.242720144899922552e+00
6.018762535481203546e-01
1.518559511324850675e+00
4.322714323266546366e+00
1.944025096805374053e+00
2.181618267132690470e+00
2.755917630230617643e+00
2.792590847644961016e+00
5.912474718161603304e-01
3.646650425909350623e+00
1.306168674995479950e+00
4.167634359211571216e+00
4.860709574606342898e+00
4.491024706951900036e+00
2.313527125785066030e+00
4.518342872125048260e+00
2.102668103376497122e+00
4.615242152995256752e+00
1.832988593607001171e+00
3.855148085935049984e+00
3.589845819619058576e-01
2.517462318122881015e+00
3.686810009531975130e+00
4.341742636442998737e+00
4.084357822019461182e+00
8.640389541597287559e-01
4.871240967128571242e+00
1.225484584239069807e+00
9.828030995819003746e-01
3.010119340450970959e+00
1.619849648818110222e+00
4.157317297039089254e+00
4.129214513166975742e+00
4.706841161514477179e+00
4.778744523371962316e+00
1.347877444964466598e+00
2.374508802564946564e+00
2.702047959387966714e+00
8.556922803530986332e-01
3.136609501429703073e+00
1.668720071234513380e+00
3.371911571397924856e+00
2.314798481106137285e+00
2.450796127020109960e+00
3.133337180667810085e+00
3.274360764028644288e-01
9.448150837878255270e-02
2.332504929222596779e+00
2.230492727136269338e+00
2.000887094880829498e+00
2.751927231515710615e-01
1.998401426112845769e+00
2.013889663507808070e+00
1.888513005947420886e+00
1.136984288815164224e+00
2.933337026020208071e+00
4.594315628332440227e+00
3.153936167761823395e+00
1.281881634884090015e+00
2.224679011178540389e+00
7.606718967229275652e-01
1.306795710121781529e+00
3.036677235543852937e+00
3.088593142298057259e-01
2.209414532893470007e+00
1.830116942037293137e+00
3.534647997533692632e+00
2.166920076304642784e+00
9.669981932862237173e-01
1.350164914466173149e+00
1.689160840628778359e-01
4.002531351291537476e+00
4.570240078331130107e+00
3.781969516688536981e+00
1.417614217994737746e+00
1.073377882992598842e+00
1.066777249505855840e+00
5.494939266958281943e-01
4.148027361934886192e-01
4.927446428545278145e+00
4.661653568948577409e+00
1.084957738598133936e+00
1.481601895342540276e+00
1.218213835494539765e+00
5.993985522732281357e-02
3.830683330738949621e+00
5.119134217137188969e-01
3.633079416083191404e+00
3.105528539252955245e+00
1.483911120157431096e+00
3.647889642349877004e+00
1.073362969775945697e+00
4.838789297094098885e+00
4.057063811042230128e+00
3.674722682788531980e+00
4.449015498048308537e+00
2.662730383763896924e+00
4.699060630527106319e+00
4.969079654093433440e-02
2.753199620163261585e+00
2.119318680832000812e+00
1.361895467289369055e+00
4.996527692309832291e-01
8.391188971051627421e-01
2.430754726329269033e+00
2.623864077876139067e+00
1.828121344205766441e+00
2.038561193920620962e+00
2.769562839379540176e+00
3.603595035755110310e+00
7.998250410736584826e-01
3.016761820444482378e+00
1.419685075115845185e+00
3.405247862446119100e+00
4.345970753114211327e+00
4.304404085085860032e+00
2.999000326902554470e+00
3.764813528096940587e+00
4.844976258047343443e+00
2.516214413930733418e+00
3.005622673373715692e+00
1.559208754367238825e+00
4.525590028367920681e+00
4.566617761631569294e+00
2.562979601165343846e-01
7.175670789608218358e-01
3.047618191110068597e+00
8.196146904824436197e-01
2.508623986328654798e+00
8.076154003409591331e-01
1.052510099448518588e+00
4.160708418333915581e+00
2.540484738099466178e+00
2.755726096090620469e+00
4.002812033739257203e+00
1.971015839189926400e+00
3.786075491353286360e+00
2.746485260490784341e+00
2.268315587836765346e+00
1.581593826340593090e+00
4.841699530432697962e+00
2.442273136419205848e+00
1.478577247763706026e+00
2.443559231886582861e+00
2.972852266062175897e+00
4.063494233912166465e+00
3.982700538836442261e-01
6.970160836905586743e-01
2.991968428869661967e+00
1.616511211997470721e+00
9.021872655029916643e-01
2.606296665863485629e+00
1.050070340025508475e+00
1.186772191476015870e+00
2.622200395906318260e+00
2.240840013598559111e+00
3.198915820432030044e-01
7.289157513504490593e-01
1.658099451866338336e+00
4.584259654405807183e+00
9.849528645343880173e-01
4.342784909393181181e+00
1.412566519388469555e+00
1.609428545561053525e-01
4.807221927998214461e+00
6.196182439472924797e-01
1.763597636303237515e+00
1.263859005441617001e+00
7.446520892298541527e-01
1.467535396161889327e+00
4.341370191981955173e+00
2.151412860393767001e+00
4.444274925829400091e-01
1.706407199898213323e+00
4.339439185293418433e+00
1.874127509795515678e+00
2.252550947059963171e+00
4.494074684388569274e+00
4.113491724211002953e+00
3.974671513585409377e-01
3.461178224302781992e+00
3.335349943751091395e+00
3.199646157870090324e+00
2.518617058319983393e+00
4.277356852954607547e+00
4.019240369742426822e+00
2.542681531923485228e+00
4.507520778459145561e+00
1.549228437673565439e+00
4.202852849650023925e-01
2.062037596381005589e-01
1.490634576455334148e+00
8.308166409608902514e-01
4.152898360833392033e+00
3.786598555105085140e+00
3.300908094670126580e+00
2.429056816722940937e+00
1.090233806514373516e+00
1.393690521669948446e+00
1.983305386972405993e+00
4.293851915671374364e+00
2.240417408556122369e-01
2.203406952663716778e-01
1.280673417192066399e+00
1.418262148729700467e+00
2.069247866199751762e+00
3.483466493888853321e+00
1.716062105081169742e+00
9.407567121011495281e-01
4.200904264226255513e+00
3.290434313061259441e+00
3.605857884757666554e+00
3.594462130584516579e+00
4.553305418771211421e+00
4.131128397774802785e+00
4.105232189261059261e+00
2.651695242788842499e+00
4.639775082420783292e+00
3.917618652267046642e+00
2.197902518688467310e+00
4.676476711319807578e+00
4.216319884173846955e-01
2.414817255569951637e+00
4.782164245435427397e-01
3.035598975814624012e+00
4.065906891389642119e+00
3.728769952049820757e-01
4.465111659219989981e+00
1.544986184795826389e+00
2.275415458115882750e+00
3.727069347621190243e+00
2.382846823355669663e+00
4.708179976380646892e+00
2.098029339307800445e+00
3.663084636823985107e+00
3.843265179421684774e+00
6.139568775965964509e-01
2.581535871104365665e+00
4.564605339154547359e+00
8.751633554938342829e-01
3.462162536931930212e+00
4.653029755327350969e+00
1.531296674855825435e+00
2.772056521509802085e+00
2.409938512272875144e+00
1.980060837745045266e+00
3.111092611084348425e-01
3.455983154027632231e+00
3.797799310077407675e+00
4.139950818514044784e+00
1.647911328614941606e+00
1.806505832402908185e+00
1.489510251474083891e+00
4.149033291460100692e+00
4.344986592537258829e+00
1.116262088691939436e+00
4.424757332592265335e+00
3.405805341679058351e+00
3.871401201307571593e+00
4.233500593947742141e-01
1.292364150154299285e+00
4.333178005399916266e+00
4.179163685562908626e+00
5.212515723193139605e-01
1.395688538192112915e+00
1.297861027008976320e+00
1.126361737635023896e+00
1.969641833402061559e+00
3.701072412618757745e+00
6.656120376679852679e-01
1.572425193388248932e+00
2.868198355963483159e+00
1.048909432835560374e+00
1.239509853172188869e+00
6.363991365487736696e-01
2.377120300854371315e+00
4.986201376225379178e+00
1.351435723893207985e+00
4.550050775953025095e+00
8.415186246223188560e-01
3.281843761229874978e+00
1.573602714871458197e-01
1.032064112078234785e-01
2.006848687158849565e+00
2.655408237945412253e+00
4.095768732890570085e+00
4.101723761933472545e+00
4.925780489878611057e+00
3.023978285635769980e-01
4.728206694317704795e-01
2.505413235369438052e+00
1.952524751700063232e+00
1.638560556977995297e+00
3.678838017801578264e+00
6.123785633504463810e-01
3.409552020236096936e+00
1.100753451212754364e+00
3.059086628323956170e+00
3.955211123065235590e+00
4.282452095594464048e+00
5.228789711099351978e-01
4.776902362203810704e+00
1.884665205631760987e+00
1.589845245545473240e+00
2.169994628840799855e+00
4.190431117625651680e+00
2.118655501311916822e-01
3.815532944131839077e+00
4.070954985264726211e+00
3.389751862035510488e+00
9.214735715181210374e-01
4.497237416791560527e+00
1.260229792183503061e+00
3.175072381291790258e+00
2.543706254104860953e+00
3.429441477225502410e+00
2.561820264319984553e+00
4.884227454181501393e+00
3.783858017021433096e+00
1.939269134340743772e+00
4.335179747746854773e+00
1.957201203665433376e+00
1.619213325421072769e+00
1.328648802626515302e+00
3.443056229348590236e+00
3.502007822515206925e+00
5.960603386483187549e-02
1.012448451898630530e+00
3.281002944096884200e+00
2.957096523927479126e+00
2.238954119367300599e+00
1.322522204656320088e+00
3.456247577887355815e-01
3.695343091542979685e-01
9.914678221905659505e-01
4.463529172540286361e+00
5.506704631053815913e-01
3.023327642121791392e+00
2.056374979997009245e+00
2.260286021019061842e+00
3.859946223583988534e+00
1.205241047098727369e+00
5.116907987198870966e-01
1.130033808503361215e-01
4.161559380864232605e-01
2.022224526131707556e+00
1.710345139053599084e+00
1.482696554926353105e+00
8.102284303239204455e-01
3.578699070055462617e+00
2.031423875945263635e+00
4.282505196590713492e-01
4.524683382958827327e-01
1.422671419749877320e+00
4.454110871746770783e+00
2.128453094429340275e+00
5.061106058407749408e-01
2.397089694719797492e+00
4.882154969476648176e+00
2.431534177452630452e+00
1.839770824087613166e+00
4.478450455933518981e+00
3.062670280295318292e+00
3.653953584171337754e-01
2.386970582178123301e+00
3.468661138958240020e+00
2.303914164699066625e+00
2.516229128873251675e+00
3.239883538742899249e-01
2.693597247693106933e+00
4.508565530235796537e+00
1.528699945954442585e+00
4.864585937579495756e+00
4.088802827656104810e+00
5.731517302341321285e-01
1.887833012493359552e+00
4.515873528690581118e+00
4.216534490074477226e+00
2.401249198370883242e+00
3.253566532651717580e+00
3.206928541090486640e+00
4.519526938627566715e+00
1.319367827409773763e+00
2.017375205327518017e+00
1.847612068183794420e+00
9.530364740047642114e-01
2.303375510292501538e+00
5.595397345307179249e-01
4.150855073871898782e+00
4.844279824523373357e+00
3.257893656807799410e+00
4.014961387245425506e+00
4.381595835382524839e+00
3.843594056195698272e+00
6.472225876911369413e-01
3.747625760527728556e-01
3.480542484855763785e+00
1.945736985427277244e+00
2.011147040128776098e+00
2.857852939899857558e-01
3.419818774382582527e-01
3.946349009207406500e+00
3.107381956761892106e+00
4.803677545411985328e+00
3.277306478263150691e+00
3.774169640337425857e+00
3.772826514973700363e+00
1.174307941756708829e+00
1.060578358576479419e+00
2.171645934556868163e+00
2.145015054117282993e-01
4.064001474620597243e+00
4.189026961076438127e+00
3.057747486508253676e+00
3.270038775210295512e+00
4.843014940246048283e+00
2.708431299863118369e+00
1.506154676194269459e+00
6.299629594059513726e-01
2.264586652419156465e+00
2.010599359800492536e+00
4.399837259736033346e+00
1.973254294520945251e+00
1.412653714288126139e+00
4.483090194072675949e+00
5.455941859329821453e-01
2.257543469645043821e+00
4.953170419098169575e+00
3.566163858097933126e+00
1.237150583266745763e+00
2.725941606140072082e+00
4.279213891040081208e+00
2.703053770116270460e-01
3.231804816994928942e+00
1.022672809026105689e+00
3.134621690648931924e+00
3.044756197364970163e+00
1.832932687443112885e+00
4.262897261498913792e+00
2.972522416815450264e+00
2.860174651868350182e+00
4.988766344825190657e+00
2.686771133533298439e+00
9.019967502052950170e-01
3.701908281524206146e+00
6.014611772670763745e-01
2.813212815813870282e+00
3.977536903560907611e+00
2.327753479505772383e+00
2.700238202769125628e+00
3.935177138506401606e-01
3.183347906763837720e+00
2.928270852939335978e+00
4.666150263419144295e-01
1.423375220976605959e+00
2.001990800085983402e+00
3.524915655810118675e+00
7.779051732441089051e-02
2.908200297376344334e+00
3.517383829288895924e+00
3.156451472674260295e+00
2.740640333374853910e+00
4.721468356441216763e+00
3.821815010690031045e+00
3.681128956916508876e+00
1.974470689321560890e+00
3.317554881067567685e+00
3.880841531481174833e+00
2.814903691072416336e+00
4.537491996445838893e+00
