3.052769774978922879e+00
4.911550720475709397e+00
2.908202484984952818e+00
4.872893751783077931e+00
4.880598421011304922e+00
3.545288699795237530e+00
1.321162299669260243e+00
9.245143521493831562e-01
1.086367364248672196e+00
4.739817030585047775e+00
4.537987298589700735e+00
1.341219042646488280e+00
1.155432796743010027e+00
4.583200089296116886e+00
4.329315945175887803e-01
4.117155602299112260e+00
8.190463563733135777e-01
4.684707586859945039e+00
3.730083136757451179e+00
1.659497751046054681e+00
4.318177094512861025e+00
2.777565813056174449e+00
3.666328125840538465e+00
4.013287520725964619e+00
3.188510462912084620e+00
4.470278994186579702e+00
6.581454205827608206e-01
4.911940291423590566e+00
8.947160771935097623e-01
1.840226422774343007e+00
4.646705583624116898e+00
3.703580651400217860e+00
3.495026439141084129e+00
3.410294647015434499e+00
4.052130598538915329e+00
2.858479241382660518e+00
5.140028796017487300e-01
2.843551559659422967e+00
7.523042125262147106e-01
4.686391550537575057e+00
3.109398240365218724e-01
4.556608361476197189e+00
3.483330452557123369e+00
1.020432333562161897e+00
1.690167602566887695e+00
2.054182077698600395e+00
2.653898636636278230e+00
1.541841966494058580e+00
1.940370949163472858e+00
3.296192316925843357e+00
4.387865556183408344e+00
2.797264064332018130e+00
3.146507047609123919e+00
2.496623918271394071e+00
5.035570462107391565e-01
2.638201900625232632e+00
2.140739379372042617e+00
4.264148949176835401e+00
2.078170724909339517e-01
1.292327985252995637e+00
3.435059201005405072e+00
9.427809638376805079e-02
7.373635154457386376e-01
9.001303452612291478e-01
8.697491507109944564e-01
1.838025356753538730e+00
3.755776062126287229e+00
4.442380631468738628e+00
2.376072609266715485e+00
8.532869872038734149e-01
4.032706099232358232e-01
2.548558767452111518e+00
3.655182856588270024e+00
1.488382944143382680e+00
1.326036478332914381e+00
2.428694359525725766e+00
1.802765949212104424e+00
1.507079957932933034e-01
1.545247582323041158e+00
4.728983561587707385e+00
1.299023055195149379e+00
1.711188716895390538e+00
3.799184785553937349e+00
4.715525169118460980e+00
1.246099534030025158e+00
1.776229422425295468e+00
4.013123217599948056e+00
1.356740413811596824e+00
1.238716190490631419e+00
3.992299764831941822e+00
1.807001677188367239e+00
8.338244187659460405e-01
3.461834136433822318e-01
7.939853826393061809e-02
2.396619805671887260e+00
2.099925762793063200e+00
4.376846901175651894e+00
3.870666567806534175e+00
3.515680552527800096e+00
2.074567255167811819e+00
3.735936768183952150e+00
2.830227242005611377e+00
6.214184790350657517e-01
5.355832038094388015e-01
1.963484640305096507e+00
2.497453838590657060e+00
8.357564468911227173e-01
4.969296189751293724e+00
4.893808747288939109e+00
1.703038839985157704e+00
1.579917234097303336e+00
4.990982575045191716e+00
3.611352312368404149e+00
4.102790574932041467e-01
3.909356327421731780e+00
3.074813767152634991e+00
4.483356901027968355e-01
3.386656209655695804e+00
4.952963007418542674e+00
4.246551873246279030e+00
1.129868996056429431e+00
4.232758780123757170e+00
4.021230192170193618e+00
2.599097938557734633e+00
3.832091945366868480e+00
4.258423454932401597e+00
1.705555835165943446e+00
1.286872022847185271e-01
1.257601990591912244e+00
1.020234384588947663e+00
4.444475089822616631e+00
3.122139874075528621e+00
1.898626075147302306e+00
3.689135234183095857e+00
2.020702666175962392e+00
3.832485706196045783e+00
6.848964836413107271e-01
4.425244135891488462e+00
1.775299562693599675e-01
2.940360645857312161e+00
3.626672231575274630e+00
3.493369565061232418e+00
1.966543385691587043e+00
2.313476419304998366e+00
2.933562446097298881e+00
3.845974527549750333e-01
3.938895490814160016e+00
3.486046003569758245e+00
3.878575745106864314e+00
1.374451550920466891e+00
3.881507967308551521e+00
2.720123147799807128e+00
3.649848136587550140e+00
4.053461341666023010e+00
1.682024407105776609e+00
9.842924124749791170e-01
1.829567468317528922e+00
3.872137086784079418e+00
7.170351219402359977e-01
3.210220921137585393e+00
1.255188587295088531e+00
7.877002644447356206e-01
3.206934082571677003e+00
3.293691030408491649e+00
4.446511983603936180e+00
3.928664394994803466e+00
6.526911851208566651e-01
3.868099696322577330e+00
8.850032528196954962e-01
3.003135976172128796e+00
3.885807632024262936e-01
4.911263645543995970e+00
2.334805877598624235e+00
6.545747768965159974e-01
2.860263674115897548e+00
3.855623709121592135e+00
2.468602262955099214e+00
6.048403945584091002e-01
3.131001603400713318e+00
4.526365861986658690e-01
3.716343592474970592e+00
3.464827357835752686e+00
4.402954204521693171e+00
1.239045859322355891e+00
6.253873826053424345e-01
3.369677075973264380e+00
3.204734802410953431e+00
2.335139292774320197e+00
3.405626266558443582e+00
2.879278382441885498e-01
2.620143534980658551e+00
2.909730041610135043e+00
1.177241341273027153e+00
3.544900051150621678e+00
4.431449463550628742e+00
1.063784147863018781e+00
3.183555525434034639e+00
1.523927304228769319e+00
9.088411933771178841e-01
4.155757560186749799e+00
8.227831700191146069e-02
4.568855475525166021e+00
2.423655916656408671e-01
3.232555264891073810e-01
1.514182543242098555e+00
8.294335111100936686e-01
3.188596056646296972e+00
2.011642442193205760e+00
3.781907134377549440e+00
1.229193433020187021e+00
4.566325970541329937e+00
2.019543283410389911e+00
8.561283588436879866e-01
4.930621036907435695e+00
2.094514656136517772e+00
3.931188497595696330e+00
4.088267321094550155e+00
3.413288855597084837e+00
4.853746651418696878e+00
2.992700690291668408e+00
3.082626758943949330e+00
1.189263616445244143e+00
2.521153846688275912e+00
9.741060466301421084e-01
5.309377469132303684e-01
9.418349497316280683e-01
1.036660811497078338e+00
2.049978972917909648e-01
4.271456660458687438e+00
2.573548668951104457e+00
1.204425115943382751e+00
9.334871311022013840e-01
4.658829196115636506e+00
3.763241108537646040e-01
1.871005452482916276e+00
2.101542395889964165e+00
4.138347788503788038e+00
3.741680000700266628e+00
1.017247413542854861e+00
1.473226070215997829e+00
2.767416804696313903e+00
1.372688623943201236e+00
2.482534487254425937e+00
4.322526471509558377e+00
2.287551512652449048e+00
3.203328629096022784e+00
3.925080408994666037e+00
5.136057695237039589e-01
2.520327287122427151e+00
1.865861167783688934e+00
1.534868327581900171e+00
2.481947308979219446e+00
1.973101474882295037e+00
3.545084634432820625e+00
6.678082124939183073e-01
3.069338766796382956e+00
3.096429720998595148e+00
2.817198608719562625e+00
3.724707851319311036e+00
1.103787691296111984e+00
8.465487284448630634e-01
6.329661262828140122e-01
1.149284595742415149e+00
2.330929549865798922e+00
2.891597788789299628e+00
1.602641379489567086e+00
1.499904502703284237e+00
4.684805091913987418e+00
1.612378343625768817e+00
1.564918211751375576e+00
4.831490959297683574e+00
1.198378046708517441e+00
2.963163333587037762e-01
4.913202218255320552e+00
8.272900500875091101e-01
4.951217034288993624e+00
9.941878253161912093e-01
2.061546031842548921e+00
3.763615986128445723e+00
3.220843362242734820e+00
4.764744621743988162e-01
7.009556126138372090e-01
2.815119793785186841e-01
3.185064529243723630e+00
2.335956793125290254e+00
3.989682346547541947e+00
4.371391583009110349e+00
3.123989236514761458e+00
8.406287843208082311e-01
2.906788322575455830e+00
3.267758929376772148e+00
3.164246622755733540e+00
1.440586873274941615e+00
2.347930852107328992e+00
3.210963017133903197e+00
1.527036641826285956e+00
4.078281672034509420e+00
2.361928724126634016e+00
3.111865596495307251e+00
8.098604731757497177e-01
1.580543215143490610e+00
4.465462621078505556e+00
3.068704718469133397e+00
1.669701400802167779e+00
2.403694030799912174e+00
7.107040408120418595e-01
1.650757693300392681e+00
2.788237494986288034e+00
5.093802037942024574e-01
2.006309490010671936e+00
1.731099284290105178e-01
5.349107269352482152e-01
1.613292128192537866e+00
2.024439018465984397e+00
3.379905561387114288e-01
1.631596717534646412e+00
2.155577190217785155e+00
2.152906207051219489e-02
3.948982215167841758e+00
1.366782674418137056e+00
1.128444144088141421e+00
2.182010166967534026e+00
2.180873787887657844e+00
3.242344034031332978e+00
8.811882555603867129e-01
4.445472826412225409e+00
3.864418314202435756e+00
3.045693913983388512e+00
4.335342795726018217e+00
3.245806935553165573e+00
1.939058180723518543e-01
5.787978976827479194e-02
1.622531722891534800e-01
4.897528217169173637e+00
2.287189381530224663e-01
2.197009890898585116e+00
3.595193001502098973e+00
2.768102319179545745e+00
4.506335601093318211e+00
2.265230930977675694e+00
1.465610695238546146e+00
1.493374066985275750e+00
4.101154117579040914e+00
4.635150153892156233e+00
3.714220560686359862e-01
4.066775028045598539e+00
2.430294378282859213e+00
1.167874067951178985e+00
3.874782098729731672e+00
3.034599137225091336e-01
2.342101963389388253e+00
3.553450750957749538e+00
3.210368869621325949e+00
2.827139514390194286e+00
4.632819930729432656e+00
3.789191511239447419e+00
4.877342695504681025e+00
1.617015586818098427e+00
2.993795053780603510e+00
4.771421024124283816e-01
2.264911206661495591e+00
4.019667887848527243e+00
9.149721108893416055e-01
1.722989592976469808e+00
1.206975856114492762e+00
2.076053828152268910e+00
2.293657634376650822e+00
3.065786601505057885e+00
4.225069322929226878e+00
4.134317082248496256e+00
3.020661260072238230e-01
3.552241336020661056e+00
4.698869963271991246e+00
2.741434546520861826e+00
1.946523438831948116e+00
4.762269490690773655e-01
2.767078325609083400e+00
1.876711294800479823e+00
4.451296798271723532e+00
1.450339262928741491e+00
3.535328212022265104e-01
1.870779459320000448e+00
2.624370269455369886e+00
1.637004698871036279e-01
4.603652467809753013e+00
3.291258572325730825e+00
4.032377631461938172e+00
1.673101286728899240e+00
8.019581375926382316e-01
9.457747061148996659e-01
1.211759868548036856e+00
4.382148491116372169e-01
1.276033111471834847e+00
3.540929023449954194e+00
2.734004873110381872e+00
2.921281294928150363e+00
3.045980620550953200e-01
2.200008655609887676e+00
4.844717223922510918e+00
1.852934251394152687e+00
5.553617957748657741e-01
4.151863493023555840e+00
3.936957032477001128e+00
5.481049189600867289e-01
2.352034604325015099e+00
8.666089945314542353e-01
2.622675321532254689e+00
6.518721710678965220e-02
9.679378354160078635e-01
1.233468638626970648e+00
4.357014685899962103e+00
1.349722469390041146e+00
5.569742229187507609e-01
3.371325692920994044e+00
4.023531093227571631e+00
1.694984529518835936e+00
1.079223402882029781e+00
3.047058213393196269e+00
4.915587969740947472e+00
1.827552632235133201e+00
4.040283500250092530e+00
1.388829542459941724e+00
8.825778837567338497e-01
4.245868155438133229e+00
4.686057520096225559e+00
1.022074685194116039e+00
4.219267226746547195e+00
1.386818830783715928e+00
4.855853743312188442e-01
2.438151106770439114e+00
2.858291768826913160e+00
2.290283462079532040e+00
9.929817977472987778e-01
4.979436561557667673e+00
1.445815391442404341e+00
5.585804038981456721e-02
1.104212144916372207e+00
1.192999514239132086e+00
3.898112962224172584e+00
1.040818794659084112e+00
4.507408554395698985e+00
2.134574225577884121e+00
3.847738529454488798e+00
4.851058042619432520e+00
1.426048366483653185e+00
4.717620867213879521e+00
1.645156983875541989e+00
1.878347046664412545e+00
2.192390876439636482e+00
4.597483341580416161e-01
8.414790774470021217e-01
1.817758104948254516e+00
8.080553796722023119e-01
3.681590308200718198e+00
3.488623803433354986e-01
1.614895976660080557e+00
1.223621433612387399e-01
2.258353339330543275e-01
2.136605521247552097e+00
3.315544451080870703e-01
3.817169603225671892e+00
2.606178507610730222e+00
3.182751557978385826e+00
2.987616547749261109e+00
1.002487408061859542e+00
2.453087330484720052e+00
1.066783926066262600e+00
2.194409226531108814e+00
6.581657131650892056e-01
2.192823763584172525e+00
1.434623626883982928e+00
4.975490268588178111e+00
3.061421636228452314e+00
3.216631534938703574e+00
4.225621985538766445e+00
2.790490149117209384e+00
1.231810875696822682e+00
7.375729116401741337e-01
4.427843002406591566e+00
2.608634885714789409e+00
7.406533894588396283e-01
4.182387526225486596e+00
2.686814882302978713e+00
2.091159949174412169e+00
1.465394605570556896e+00
3.523288536425258854e+00
6.717747935902362855e-01
4.814958565295838433e+00
4.772920596073544353e+00
4.728266957825008276e+00
7.752440669023613617e-01
1.214762433469747105e+00
9.583701603522931656e-01
3.971700220771406276e+00
2.252820740915870257e+00
8.824117879959486599e-01
3.586500164805291213e+00
2.038384028283281690e+00
2.957168508035826981e+00
3.524326073552949801e+00
