9.347722814811021408e-01
1.117707194598601683e+00
3.801408646828206450e+00
1.127245257288987279e+00
2.924881890814486241e+00
4.997352756216014491e+00
2.666964571011596785e+00
3.174754452245696079e+00
8.222214381064241184e-02
1.379757246102846668e+00
2.228664365973295869e+00
1.620305433180125876e+00
4.640168717973017998e+00
2.482330441755653538e+00
3.218398160634828198e+00
4.178927900322204181e+00
4.902890054720628221e+00
3.014228641170184186e+00
1.834615856749836738e+00
3.989229144934508753e+00
1.253595990846716024e+00
2.497968955485631248e+00
1.585493689629476899e+00
1.392518938329623701e+00
2.816384786051362443e-01
5.725089622294216030e-01
1.031870580092368428e+00
1.255600796022712906e+00
4.975711779913175370e+00
3.980899864374689567e+00
2.081494360818036959e-01
3.837619738092485910e+00
2.285177212363718624e+00
8.463082756603262924e-01
2.252945841133120464e+00
2.792507317049532478e+00
6.197066875185575086e-01
1.378834999140989392e+00
1.036203905941318615e+00
2.712026757159007762e+00
3.482755226608232668e+00
1.087729594944089051e+00
3.029788213616681603e+00
1.599344985909547656e+00
1.770660466070005379e+00
1.739363352345888902e+00
3.047291611881864704e+00
4.946986853026827724e+00
4.319231688757501963e+00
1.229485963249256741e+00
1.528459642085504111e+00
3.809022104441761147e+00
4.678802796821780241e+00
4.868064741123415473e+00
1.262179451923838291e+00
4.127611625000415785e+00
3.040227932675571010e-01
3.408334569319224183e+00
4.137165651138252631e-01
3.506069834930149565e+00
1.995364425324959612e+00
2.025228848291805939e+00
8.070340824655086731e-01
1.490418429997493188e+00
3.063419452405619303e+00
2.108935192793460978e+00
2.208857497316401464e+00
4.515597545511601751e+00
3.096565865242162374e+00
2.519970222288028250e+00
4.126547561497556416e+00
2.241547921279849032e+00
8.417505740844405393e-01
2.920905055012845253e+00
3.029561066113935830e+00
1.265685752071135539e+00
4.026999795589329523e+00
1.808340275693866683e+00
6.534730741590016878e-01
2.242814341040211712e+00
4.215863627554689685e+00
3.684112876016397919e+00
8.444810736868524348e-01
2.639093941211810623e+00
5.546501396411213092e-01
2.496627804546581064e+00
1.214034449756560274e+00
1.308466655503970788e+00
1.362787504122546345e+00
4.303516769788025442e+00
3.861510818395125222e-01
5.613500635044060827e-01
3.451581147495527802e+00
4.494371441058186534e+00
1.058477675617613301e+00
3.922289871708101838e+00
4.235832168256939312e+00
1.919777643968867409e-01
2.262050261745160995e+00
2.413340456554377234e+00
4.152974987526908413e-01
2.608717206970222691e+00
6.479793296309144246e-01
3.831232074446153657e+00
3.512305638889971604e+00
2.525369764208061252e+00
1.568233335484453539e+00
3.611488823715905738e+00
3.930080310748713668e+00
4.868244016481796166e+00
1.077436088441659390e+00
1.733684853529012804e+00
2.399891727273213871e+00
3.847650748408768528e+00
2.137988263335441452e+00
2.113965839179512862e+00
1.153548148397582906e+00
1.925325604557317050e+00
3.955462680593051061e+00
2.258711370388695627e+00
1.666970847028786951e+00
2.296080079931454687e+00
2.238068387423553407e+00
5.032133953207923449e-01
4.783477445237308778e+00
2.155271584640706006e+00
1.853808079891592797e+00
2.488381507283568439e+00
3.673621873575454888e+00
1.265828906922723984e+00
6.144424462447656277e-01
4.857084752094720237e+00
1.751415492588072054e+00
3.737689441767673149e+00
4.443839089086223382e+00
2.495521499597391779e-01
1.801370227648085853e+00
4.840430169432718976e+00
4.147675543515560115e+00
3.206376757562322766e+00
4.482179970133842950e+00
2.342019369161925546e+00
3.119274847955848529e+00
2.897558416699085981e+00
3.654672640019951846e+00
2.529560743658328281e+00
4.735016070721050241e+00
2.569359977756580538e+00
4.976649122746940046e-01
3.958687178506572479e+00
4.350166340478168969e+00
5.890970585868421372e-01
3.037695233061773692e+00
2.234172400944034909e+00
3.026809174896736288e+00
3.264616785938922128e+00
2.619142877511047018e+00
2.154289475984838553e-01
2.980334922791478380e+00
4.343195017114491741e+00
4.832636434170206607e-01
1.294851805024742619e+00
7.143011788184211452e-01
1.964948453594446143e+00
3.334165745720278462e+00
1.544847745342798451e+00
1.441032818934826931e+00
1.718236885479492049e+00
4.631507868104018044e+00
1.650423452704503635e+00
1.088413880101104958e+00
1.896835064778279456e+00
4.973958005947143324e-01
1.586660125637533891e+00
2.577031985053277019e+00
3.740198938551056784e+00
2.658963437150551723e+00
3.248785301980770868e+00
3.359558579832818026e+00
2.293405212580699182e+00
1.241715763459998456e+00
4.013384639569248513e+00
2.392448922260876465e+00
2.050615076270201342e+00
1.519331094306848318e+00
3.969822431206044833e+00
3.607894265323134064e+00
4.708154840857385892e+00
2.902775595722345559e-01
3.485181639059396375e+00
3.233269276676542958e+00
1.633924625303845302e-01
4.287890674453308293e+00
2.772300628805514755e+00
3.743744072858551597e+00
8.271434947602507304e-01
2.776223375244621483e+00
3.906412467654321041e+00
1.520607581272445774e+00
3.058469266153069022e+00
4.809833330063312040e+00
3.491502326834948100e+00
4.846953272452850570e+00
2.516874124357995512e+00
1.491794700652644856e+00
4.677105979765226351e+00
3.921291463793457499e+00
7.717049270075537759e-01
5.629418656691931311e-01
3.898807135378710598e+00
3.536649620784493298e-01
6.428908332954952343e-03
2.957668766091527068e+00
2.315729775468680085e+00
2.753020194975088764e+00
1.860310856756230979e+00
2.049135202852880866e-01
4.159189797781275288e+00
3.829663115024613873e+00
2.131372739459459709e+00
2.426365770404499411e+00
2.250446032588012013e+00
8.736960188005032935e-01
6.688545971223169850e-01
4.453023885499327150e+00
4.184942734263307429e+00
1.035855957267838967e+00
4.280866633312975011e+00
1.717529421791242239e+00
3.367878997472995017e+00
4.475372437103041001e+00
4.977659904384706735e+00
1.418702435022001218e+00
3.289932366329048286e+00
1.986189819438634707e+00
1.028819880551923305e-03
2.137806203234691171e+00
4.400611718997754274e+00
1.044644886268208950e+00
4.558099557998340767e-01
1.528532541104191678e+00
2.835658775002308785e-01
1.102283774363170821e+00
6.294060757175490295e-01
4.952459340608104554e+00
4.246990989905210512e+00
4.913815230265955236e+00
4.417060537443153301e+00
2.122477173404129225e+00
4.671707164177934857e+00
4.937728225075009192e+00
3.985480451617188002e+00
4.342911725213742358e+00
4.047157540255823527e+00
4.787710349298118118e+00
2.783895773907873572e+00
4.706313820104924162e+00
1.959662803818357224e-01
1.641006459286724173e+00
1.743911963818471467e+00
3.092980170413571983e+00
2.580599081602941158e-01
5.410729642545109019e-01
3.917799470403590334e+00
2.213129847725538113e+00
3.070735880417863051e+00
4.553076123506841988e+00
2.884259582891130158e+00
2.817167339561904349e+00
7.947956426496100013e-01
4.579595863124659161e+00
4.219320397309092918e+00
3.827240615408511015e+00
4.344642972124436398e+00
5.578149574874657901e-01
3.003758759160085612e-01
2.839080033090801702e+00
1.285353401487170366e+00
1.686131291829073842e-01
2.967210084199706888e+00
4.122818544562350418e+00
3.186331619833465689e-01
1.845355491625799704e-01
8.528039406096304953e-01
4.463781221368787300e+00
1.062726271158880742e+00
4.231780151235827958e+00
3.002158088452989482e+00
3.535293612207722092e+00
3.530998275477460702e+00
2.022024630907111042e+00
3.589257611880063426e+00
3.744684996666580723e-01
3.929110314649341795e+00
9.316762171729908726e-01
1.641787949150915082e+00
8.385512988058957395e-01
9.533212784097699899e-01
2.161095580671160477e+00
1.677967682489558410e+00
3.410913156356542686e+00
3.211281995056545213e+00
3.591603194341415506e+00
1.258980022192586201e+00
1.627071749113656596e-01
1.212715655459872366e+00
3.638283430753335601e+00
4.925216344795821932e+00
3.716175088418633532e+00
2.706389400218856878e+00
3.676408809583248782e+00
8.881410373590770124e-01
4.080674440173041262e+00
4.873387645589722261e+00
2.469378823849469384e+00
4.805118451760403975e-01
3.397511584639440585e+00
2.248297673210636338e-01
2.054929419064728702e+00
2.943955749660838173e+00
5.619952635989816647e-01
3.988055748405222589e-01
3.411937309611097646e+00
4.700070747147114147e+00
2.163067943231926638e+00
2.628144325105584045e+00
1.786695897015202483e+00
2.109863309790590336e+00
2.315351431257532511e+00
4.813256655421762176e+00
2.023751516493029534e+00
8.382342779108697961e-01
2.272909720748887974e+00
3.231598549601485182e+00
4.929971099830700254e+00
5.951085938546585297e-01
3.384877680789966536e+00
2.424986090878116674e+00
6.333805562792838018e-01
3.877700272958155114e+00
1.654252911051069530e+00
4.015370659575064671e+00
2.440716985231290881e+00
1.691388555502252977e+00
8.804415343750937595e-01
2.718788019363010733e+00
1.272763593721603748e+00
3.591491998823078902e+00
4.403540071610658302e+00
3.171330281089461245e+00
1.899001911143389343e+00
3.977677562379906995e+00
4.580213849855791608e+00
4.849580437099684893e+00
1.803981715529583862e+00
3.322442268422356015e+00
4.601174487258397505e+00
3.242482376395371624e+00
4.976477099969914164e+00
8.585840977608472091e-01
3.688385492879141303e+00
2.706091284189447332e+00
7.824846062683948889e-01
2.809778912048714883e+00
1.999257744649969748e+00
9.394105014866083181e-01
4.246472550461061424e+00
2.537275144927555459e+00
3.806920687028390038e+00
4.380885275800924461e+00
1.062469814322129391e+00
1.792939626817629417e+00
6.684126006631463390e-01
4.980045299603381714e+00
1.520538837146847122e+00
1.263426905760334229e+00
1.806081041732832126e+00
3.013991521997097411e+00
1.929928852703322040e-02
6.088213092685856864e-01
1.355246720919293768e+00
2.323247906830435028e+00
3.601857531077906849e+00
4.817213639674956305e+00
4.915851920734316316e+00
4.668585698982391285e+00
4.930293287344711395e-01
3.456986283320651054e+00
5.720908118001655218e-01
3.205406361270417115e+00
4.018121975902255727e+00
1.519032713699486337e+00
4.918734326237269805e+00
2.900097715052618597e-01
2.810144063605520159e+00
2.601078564545836080e+00
1.942149873924274406e+00
2.303630494662901818e+00
4.331848716117736586e+00
2.445833642275053954e+00
8.657464779481210959e-01
4.395482004884165406e+00
2.024043858057310352e+00
7.277841501028159410e-01
1.047338622060982161e+00
4.177650315696624261e+00
7.112067715612624408e-02
8.768685436704670710e-01
2.013835689934895257e+00
7.597487120669660365e-01
2.265310157069709174e+00
2.576663154694216917e+00
3.303711251654846581e+00
6.995412236583065102e-01
2.132016138152325269e+00
2.978387868159991125e+00
2.479414839114477243e+00
2.617364395667545196e+00
3.254838773773579774e+00
2.429214386002499282e+00
5.109241828310107092e-01
3.945237132768805832e+00
3.835553982623561176e+00
4.480915829201133072e+00
2.055968117103458948e+00
2.269890099891598734e+00
2.486553520478629320e+00
2.913450841331970409e+00
3.336868355057775126e+00
3.260174257301051703e-01
3.933621280616639293e-01
4.035875812440469446e+00
3.539682906006260676e+00
4.649806225438601004e+00
4.818233156124515304e+00
6.639105521806543120e-01
4.913757438799054578e-01
4.873580145730334934e+00
2.391733982673160064e+00
4.316508675901876479e+00
9.478651131349735692e-01
2.281266134970923343e+00
2.044247879830936476e+00
2.411762901656387292e+00
2.452050349773299276e-01
4.384469736659712069e+00
6.103443279676346034e-01
4.311680775952751787e+00
1.474428956458224693e+00
1.635515668431614111e+00
2.637494361200391602e+00
3.474520695259446956e+00
3.842558147209262920e+00
3.167421501910252069e+00
2.683613842083153678e+00
2.044262019325485902e+00
4.022915955398273624e+00
9.738616189574722526e-02
2.828898045961111052e+00
1.579518309795854281e+00
3.572157291668844437e+00
4.335949502805770628e+00
2.882544259888440319e+00
1.721285601712485569e+00
3.860474316247802795e-01
1.891950461708568065e+00
9.598061373944977159e-02
2.282114809040189929e+00
4.575800730145987316e+00
4.675119422948034398e+00
2.224734106071100115e+00
1.653527634760514786e+00
1.424665326229090923e+00
2.851922519517114285e+00
2.859128924010065465e+00
1.311923410788893740e+00
2.746830423231863438e+00
1.169037723537125206e-01
2.248782108844238348e+00
2.654639426231393706e+00
4.873310917159228595e+00
9.144124289328509070e-01
6.640719959772800607e-01
1.191248272526064245e+00
2.308998053488506841e+00
3.230292852533450665e-01
3.371776373834576734e+00
1.049107419867089108e+00
4.874346245675012845e+00
3.705618334077183107e+00
3.494570349261366005e+00
1.781608989967990553e+00
6.574118129091099938e-01
8.694936746170139896e-01
1.331717252900610493e+00
1.239712590728773156e+00
1.342980854069008689e+00
3.964307485899451144e+00
7.910399219742680899e-02
2.351010173223531119e+00
