4.823238408535776678e+00
4.616703672821905968e+00
1.308248576825339793e+00
3.676695548431067717e+00
3.578149239438825902e+00
3.438506098931610744e+00
4.952861432153070176e+00
3.372475159197057426e+00
2.353004625415612949e+00
9.523511578156296231e-01
3.144943219179708205e+00
2.290630619045880279e-01
1.123985348360298619e+00
2.457350857447333059e+00
2.289850655860918849e+00
2.732558309922750617e+00
1.188630323043200487e+00
4.278340961626259542e+00
4.104932812284956434e+00
1.505965478720898254e+00
5.172912301633525445e-02
1.874270095341779463e+00
2.944617216715215591e+00
4.859772995238510696e+00
3.119524261575132851e+00
4.771618418878035506e+00
1.356436282668299631e+00
4.533849274356153813e+00
2.704327933334078615e+00
4.965359253883309343e+00
4.226639680804710864e+00
3.856739971400790612e+00
1.423844826386672757e+00
2.808037947800107403e+00
3.143637832243817432e+00
3.867412841402095847e+00
1.790020497900774554e+00
1.354398357541680697e+00
1.413667793086603730e-01
2.581020747465585963e+00
3.512728027244113704e+00
4.236886478538563594e+00
1.315516970169076094e+00
6.619642225502092581e-01
9.953977597866142668e-01
1.313671339739103106e+00
2.203805513512934411e+00
5.983590956557427454e-01
3.930491327403018431e+00
3.597797239664755065e+00
2.312050299554007537e+00
2.710899287614634279e+00
5.064227048900149519e-01
4.254876932859851024e+00
3.806887242975931063e+00
4.709621747949348958e+00
1.162139059807621333e+00
9.695820494328039052e-01
4.182262152762339369e-01
1.835747100229485618e+00
8.568511483645968596e-01
2.619095753408239524e+00
3.812804476172760193e+00
2.242159142173569375e+00
1.805410942529217522e+00
1.767763110628222112e+00
3.029580952000663796e+00
9.825359584420850778e-01
9.854890313536729396e-01
1.950391628050693882e+00
3.768782147843949826e+00
2.203448268293985546e+00
1.934197320859083913e+00
7.672445188608872924e-01
2.250122878119467540e+00
4.417462868057095093e+00
3.043937904383936299e+00
4.621608419875673945e+00
2.323620784850003673e+00
3.236909242278113163e-01
4.275759582722815644e-01
1.405561763347651372e+00
4.288346864542391668e-01
3.341769594744701255e+00
3.361921504661213866e+00
2.969651277109547571e+00
1.876393267560516609e-01
2.622665790912795281e+00
3.220477433717598981e+00
2.215595054945923792e+00
4.650943559153485118e+00
1.643997716563687650e+00
6.661177370885851268e-01
1.509422072910862500e+00
3.012504187375597997e+00
2.619117038205530434e+00
2.542890445949974598e-01
6.701242018942443757e-01
1.145801425390277739e+00
1.298117264392879999e+00
3.941542416234302237e+00
5.375681243183549896e-02
4.507717584963544244e-02
3.430521613893326105e+00
7.781404310539197233e-02
2.537605074932968829e+00
7.760777805174756683e-01
1.592279416453906693e-01
1.113597763506795513e+00
4.203980465450821491e+00
4.574350280138828051e-01
2.609655690120662452e+00
4.914672302629597311e+00
3.370518359194347280e+00
4.135095887939778336e+00
4.795532325949111829e+00
2.993842894609818117e+00
8.178219505395650790e-01
2.423497381681977814e+00
1.077484628680187129e+00
3.910085395173597433e+00
2.221458056040406692e+00
3.026385859441815818e-01
3.100549795643932960e+00
2.383656848708971765e+00
4.767989279349523102e+00
5.104268222526781029e-01
1.244636455818337595e-01
1.510276437607972477e+00
3.694229710959305635e+00
2.512755523732352003e+00
4.508269037210038688e-01
4.568361235806682075e+00
2.386953513025752649e+00
1.358991010971195124e+00
1.135649842695068967e-01
3.723821692836311925e+00
3.879412148943872651e-01
3.593207076049234505e+00
8.265474882144235869e-01
3.221698469054766090e+00
4.302225939634484853e+00
3.680226631777336888e+00
3.977256881593611126e+00
4.187517118770623270e+00
4.855282985090531023e-01
3.663704884808089979e+00
4.181467115996102990e+00
1.971611745802884785e+00
1.368537386187457239e+00
2.604052928309017467e+00
3.194758708482392517e+00
1.946320527802371636e+00
3.449256728594561672e+00
2.228057556365638625e+00
2.567273662378757759e+00
4.621042195937095975e+00
1.020644537873080626e+00
4.910750457324997154e-01
3.608112311037634967e+00
3.534173100090247210e+00
2.172371634158961839e+00
4.173810925862859733e+00
7.323037534594617481e-01
9.172926307923634504e-01
2.328654908478728913e+00
3.711312737839067566e-01
7.214444014241483405e-02
2.672229419046064258e+00
4.939648267658919290e-01
2.248702092033044719e-01
2.372904570937254931e+00
2.377485760724597164e+00
4.166219418946575104e+00
2.787886170608266490e+00
2.309927909610219210e+00
4.860605600658733039e+00
1.376816935600628344e+00
2.742404978147943151e+00
3.274125540525961497e+00
3.243170907197931552e+00
8.495668152447172217e-01
1.971311921004955670e+00
3.465177847788774912e+00
3.015814209389260370e+00
1.241956337580325087e+00
3.069454232396031212e+00
3.471319352313584350e+00
1.991681802928404021e+00
1.303769696335125294e+00
1.390691096165259655e+00
4.757062244672535023e+00
6.120647312234250847e-01
1.222170860515015001e-02
2.076804121600907660e+00
4.257048169543077520e+00
4.924595536288318698e+00
4.938701018170460699e+00
1.797187111197103837e+00
1.172508927868285866e+00
2.302434288095071668e+00
3.411757354390428265e+00
3.803265928880240843e+00
3.427371247677098332e+00
1.696420014458220216e+00
1.482180317881881537e+00
3.027845431585077129e+00
4.743691385990801201e+00
1.595684834521798878e-01
1.855904626348382491e+00
4.180521850254637073e+00
1.173082786707499992e+00
9.927280371246111068e-01
1.652905531477099732e+00
2.777420726259503425e+00
2.348494523352550267e+00
2.231863761331237539e-01
4.111160023462850255e+00
1.834061613234291954e+00
2.154069268579686280e+00
4.756823703188416630e+00
4.143680029685748778e+00
4.463485830019442435e-01
9.182670523886876657e-01
1.948945754582352974e+00
1.597605618705094654e-01
1.478748687010069673e+00
6.836534205976646517e-01
2.926851085754985426e+00
1.110824524963259785e+00
2.691871863166006129e+00
2.025537448088399195e+00
1.284216180212465197e+00
8.304099480421717194e-01
3.387185273113764161e+00
2.887429029949863502e+00
2.044918077907686982e-01
2.587005843412637507e+00
3.221099155548154513e+00
2.554122253554745203e+00
7.027274542917832933e-01
3.216735820021725978e+00
2.814342125882065559e+00
2.441034228044680177e+00
3.057694884749933006e+00
4.128465947669326397e+00
1.348232110507113779e+00
1.219919700710980326e+00
1.391975688431587699e+00
4.260039215536056467e+00
4.294615845022873302e+00
9.567017264057880999e-01
2.969687527804149241e+00
1.075195067800769344e+00
1.343794182262836756e+00
5.656606808851077917e-01
2.641806605845251177e+00
7.203345387287840573e-02
1.475276393582740653e+00
4.241478358482408062e+00
5.250290912455102266e-01
4.383766451499717220e+00
2.980016710524156398e+00
1.435135301228158244e+00
6.509900519061273538e-01
3.194181291979685255e+00
2.769339240958108572e+00
1.061442555968572510e-01
3.797553276222731533e-01
1.484030921950831861e+00
9.542562882492194865e-01
1.433399724851859292e+00
4.139313044976546507e+00
2.750048925453224768e+00
2.777353267716992313e+00
2.281786553909175286e+00
4.564532848739856874e+00
2.817798949513687479e+00
6.117844120677473629e-01
2.274320415069404078e+00
2.022471123779147284e+00
6.728192469518978758e-01
1.040784037451274457e+00
1.419485562929434508e-01
3.331041496083517295e+00
3.496659708599875183e-01
2.173538405465968992e+00
1.448425639001469811e+00
1.291588754803025374e+00
2.681079897634519593e-01
1.228238852107567780e+00
3.648155813745326270e+00
3.717531970353867621e+00
2.644390599403027231e+00
1.247992717740807223e+00
2.451375385346488578e+00
4.516871667655211198e+00
2.404772513644123144e+00
4.776923682432076212e+00
1.643224401281905278e+00
5.254882746818184680e-01
1.746138424127017252e+00
2.119769143501493591e+00
1.513343652916832038e-01
1.999582053884957356e+00
4.913204726519424526e+00
3.704950958094929803e+00
2.498145512388001421e+00
1.196658408339181356e+00
3.106663461439764795e+00
1.930128477640884910e+00
2.879934165964459503e-01
3.312393218953515461e+00
4.487814798488637180e+00
2.908089615114710202e+00
2.348410962196960661e+00
3.757388539570460928e-01
3.650828733960151062e+00
4.506835663365619915e+00
7.859451495036839930e-01
2.615541814224089379e+00
3.019072859049853896e+00
4.560507591194229438e-01
4.789779632043404511e+00
4.417524022250476357e+00
3.076782817276005666e+00
2.049818704935018499e+00
2.435407849883496567e+00
1.652439330476676460e+00
1.772623679846520028e+00
4.955278074513985942e+00
8.126677923193553754e-01
4.248781051884134463e+00
3.310545744324951301e+00
3.760042962604803751e+00
2.063617591403048568e+00
3.817369071802036551e+00
3.055510078636856530e+00
1.433913214205678743e+00
1.306414470387644133e+00
1.916684316341050742e+00
2.814205853899805376e+00
2.074271419408401762e+00
4.564294146041671496e+00
3.813984962097799247e+00
4.359979448379664113e+00
3.852122605403399014e+00
1.874664214595669787e+00
1.400442374253715316e+00
1.110485631348550495e+00
4.664194868885118694e+00
2.074622756904752841e+00
2.876139860516171431e+00
3.099055375617215002e+00
1.815180121814170988e+00
1.608614055166228685e+00
9.145185389911103524e-01
4.566289772132090974e+00
4.734660572917767318e+00
3.903032993240732829e+00
3.012862917622540770e+00
2.833605289157165252e+00
6.426742550570380130e-01
4.693781871684135076e+00
3.007105535039483080e+00
9.721778993877516761e-01
4.257007913424487588e-01
4.107960904053298279e-01
3.657390573513461973e+00
1.747327579842448575e+00
4.943023064836982172e+00
8.671820021370324483e-01
1.557308212507710454e+00
1.028685914344649177e+00
1.295491850266510259e+00
3.692800174123084922e+00
1.471601919471145603e+00
1.481420464116269375e+00
3.639705577174065176e+00
1.591211795940303819e+00
1.945008997968423747e+00
2.191879203027433665e+00
4.871560952549124579e+00
5.187485595592156162e-01
3.150906917130071427e+00
1.285842132571736851e+00
2.672871735055082354e-01
3.575115449157073577e+00
2.415147575987504069e+00
6.967772240863001620e-01
3.316164993603274880e+00
4.502415986834339634e+00
3.332132844437849073e+00
2.336661460374822141e+00
4.559481249178569229e+00
1.639201967660824932e+00
4.627030633992203157e+00
3.139262018419643585e+00
2.843378366871635032e-01
4.593415550599061481e-01
4.398324152175179691e+00
2.355656633123350385e+00
1.182126893692480030e+00
2.503354126147713465e+00
3.822588080142473643e+00
2.550218705546400066e+00
4.264451539134209490e+00
1.529580125852167960e+00
1.708273625982057009e+00
4.519215070262612599e+00
3.835964106862460588e-01
7.854594837238559890e-01
2.476746117017673221e+00
1.442676892820899948e+00
2.001396705161845979e+00
2.926609401445128267e+00
3.720284617231335744e+00
4.352623991859251085e+00
1.155076127621994075e+00
3.086024880708077234e+00
1.338265823596640480e-03
2.603337522364334689e+00
2.155931704265432902e+00
2.314354946385539957e+00
1.304932239996487997e+00
2.453119223143676919e+00
4.504770387374054330e+00
4.488130180546795245e+00
2.797156949349322019e-01
2.433477366296481925e+00
1.965091572264354269e+00
5.653677806460477573e-01
4.703955885525451519e-01
2.398134533570108751e+00
3.237126869698863096e+00
2.507721273820751939e+00
3.012952623001404540e+00
1.579108567572435895e+00
2.266516471535811483e+00
3.655684145222990900e+00
2.356580718343362690e+00
3.194990870438413566e+00
3.712434607173675793e+00
1.488835212676477004e+00
4.192506859407576947e+00
3.214416437464797216e+00
2.800623990448682488e+00
4.225530606797320843e+00
4.020485120438092252e+00
4.253520763221363410e-01
2.408156837308569109e+00
3.881848193747483577e+00
3.009234442870258430e+00
4.613313648521895516e+00
4.982915701277383036e+00
4.964818700598392809e+00
9.792629246720246927e-01
3.659756746557913942e+00
3.833301293058433590e+00
1.522826718218461384e+00
2.930204483957043138e+00
3.015654024578757308e+00
2.124773562821391959e+00
3.715345042789640395e+00
4.265003126230896058e+00
1.693163302048161789e-02
4.054397146500048343e+00
3.481998268068076108e+00
2.223870681438662178e+00
4.675304187000294043e+00
2.366194761202655705e-01
1.613899728037371251e+00
3.226216605397588921e+00
1.937335859035482777e-01
3.441856249243844701e+00
3.149458171390544514e+00
2.761997754239208902e+00
4.934101899231199795e+00
1.097077587317302205e-01
1.727333205254169002e+00
2.784911617688030638e+00
4.812451577477562914e+00
3.806684218493269878e+00
2.002733481386489878e+00
1.800084179152756647e+00
4.920351817599258659e+00
4.325879752029042180e+00
3.315252633054866394e+00
4.928005843228497440e+00
3.371623720985701844e+00
6.346400427019782686e-02
1.934954782991054500e+00
3.239513642689459960e+00
4.423710046172388388e+00
2.253697719421369872e+00
3.322058312965392890e+00
1.622865153256543014e+00
7.643654003170946565e-01
1.985521962296486365e+00
1.916077787183741332e+00
