1.117813837118348363e+00
4.944133836963303885e+00
4.975333445976546365e+00
1.564169269177227983e+00
1.399232739415340321e+00
2.150859105269339988e+00
4.736092549280266795e+00
7.072498836014479151e-01
2.102712066714532035e+00
2.224882984482413839e+00
1.991183567557008871e-02
1.113436263071442278e+00
1.481373034271348255e+00
1.946903270516628481e+00
3.291840315527902572e+00
2.924750271553675507e+00
3.739901672525305809e+00
2.370562727933843483e+00
3.016151461372170495e+00
2.547573052807472038e+00
1.745784469959986041e+00
2.698769606520042164e+00
3.623957688573859137e+00
2.429356829034388987e+00
4.182023538076303559e+00
2.880019231444302275e+00
6.921158900642188083e-01
3.766490403795648589e+00
2.932437650183815414e+00
1.547649920083299380e+00
9.798477044045905693e-02
2.447158468080399274e+00
4.200625426704717391e+00
2.242262514019987663e+00
3.125664340080067660e+00
3.254834012331295767e+00
3.536913287408904871e-02
2.524176973752805697e+00
3.850115443908975976e+00
3.931636409757566675e+00
4.307799116323904443e+00
1.355946181625933278e-03
4.421324184982362127e+00
1.629114747237583760e+00
1.669157397877114146e+00
2.805818733896103812e-01
2.607541224474050345e+00
4.145070959012131517e-01
2.425563406513415288e+00
3.851394805595673709e+00
1.671057088026131066e+00
3.969699862965124559e+00
7.419113780015718085e-01
1.572200468069390178e+00
5.460453160373412995e-01
3.260706422767142065e+00
1.955659003674044438e+00
3.946340926485304657e+00
1.701315151417959193e+00
1.338579021681290948e-01
1.034881588862546220e-01
1.246692807208410469e+00
2.005602768388943247e+00
2.993796177068233089e+00
3.027295356884871502e+00
1.652256974042154436e+00
4.579481963355076068e+00
3.078912479736409136e+00
3.844268924750759986e-02
1.647435997273235531e+00
1.904531781425992110e+00
4.295729550362142213e+00
1.528666899819687952e+00
4.110642208684034848e+00
3.451823774045441606e+00
2.976234498276074447e+00
4.326474157445164836e-01
4.448127869520707378e+00
1.687555215549391807e+00
2.840379436998397011e-01
2.473647605353198387e+00
3.049051781827895713e+00
3.779952716304030957e+00
3.200758656893090137e+00
1.129881955721514064e+00
2.811115032046766604e+00
2.084941942069488796e+00
2.599658404000220635e+00
5.617710687608645781e-01
2.483604972204350059e+00
4.197720918167652249e-01
1.047249737005101489e-01
1.825025864321577762e+00
3.186591776016172606e+00
2.081387306264850245e+00
1.425136278546133006e+00
2.787293259161817360e+00
9.282330108640268751e-01
4.655685216841280116e+00
3.706157134528662134e+00
1.603191346607410583e+00
4.520321695279544194e+00
7.380388380386510017e-01
4.906847377363183327e+00
1.828179374087741227e+00
2.980348248571274006e-01
2.728880859216748611e+00
2.044608119793331014e+00
3.323749265655711493e+00
4.413872001968147885e+00
4.589187503335027785e+00
1.613842827996915252e+00
7.607485383840206783e-01
4.940612055563501137e+00
4.725639450761377702e+00
1.758796998547187851e+00
3.936415852410064531e+00
4.903203166119799228e+00
2.656927787794515883e+00
3.847374385508071537e+00
1.632669398550357531e+00
4.576348552475481668e+00
3.651591248049892435e+00
3.654033492374553216e-01
3.887241413356424147e+00
4.714165553921628060e+00
3.121326426869854842e+00
4.587765614050116625e+00
2.615595989242698760e+00
4.551065046077672704e+00
2.464814444827225781e+00
1.541901940284802208e+00
1.745602623761777217e-01
2.057523721283458062e+00
1.842868174684577642e+00
2.619161840360152205e+00
7.961738129113465900e-01
2.761705349059245806e-01
4.627456176842027702e+00
1.539578491387169068e+00
9.772280612653583276e-01
3.710488991604523612e+00
3.469379177302907014e+00
4.408241079216886682e+00
3.690579778406764433e+00
1.621504748249615435e+00
3.060770965025167101e+00
3.061149873441965097e-01
1.460437865550953118e+00
3.053874543936734742e+00
1.045374396453385701e+00
2.166691640820008757e+00
2.117165087586825756e+00
1.425967151071456218e+00
1.670891981647613544e+00
2.263592673528138199e+00
4.097550666967609168e+00
1.370610444756048985e+00
3.849443617076249602e+00
6.807898999005895790e-01
4.126359215516488987e+00
4.745635751771448696e-01
4.536485900579105390e+00
3.524947522369703545e-01
4.594329617872818794e+00
4.413374370113415601e+00
5.747429744660770279e-01
2.585504999420622951e+00
1.645085935277680322e+00
4.297671419628058764e+00
3.954254406676555256e+00
4.160754691241889347e+00
9.802384399660274417e-01
1.068730903991260694e-01
1.487384501899999822e+00
1.410175399536924168e+00
8.227892705232853210e-01
1.330733188079909368e+00
2.034279082035026498e+00
1.120973931272072344e+00
4.979594051460737525e+00
4.797659477743354550e-02
2.336514597356899703e+00
4.156219926403115217e+00
3.282619922602060036e+00
3.248925185128866300e+00
3.683777357036457367e+00
7.089720289523204766e-02
3.409366722337783706e+00
4.476655030046183370e+00
4.522728713547686574e+00
2.956707408194705788e+00
4.700525308144507086e+00
3.477534450300950875e-01
9.076448805542514098e-01
3.000633396125258479e+00
3.641362230239480802e+00
1.540584387231231478e+00
4.176036022119980373e+00
3.280000244276647159e+00
8.253948316074510849e-02
4.087552460346508987e+00
3.339503327717934233e+00
2.559303672300452082e+00
2.958208512813045310e+00
4.014590395246004029e+00
1.067729295624409991e+00
3.146225428825703219e+00
3.093541210727255297e+00
2.604008757077972191e+00
4.462019381642049254e+00
1.776076182782817536e+00
2.037235380494729853e+00
3.110905286704473971e-01
2.694888591768964226e+00
4.399959357612226896e+00
4.731539821891479924e+00
2.641008613744172173e+00
2.455731828212182055e-01
3.600968602288912468e+00
2.828292806789900915e+00
4.569647748156716816e+00
4.450825225852386602e+00
1.243511661524144829e+00
1.439718727073430182e+00
2.450374280672049654e+00
3.883695176707310903e+00
1.556775179223836680e+00
1.536176498377643806e+00
4.717016254774500261e+00
6.171501920204858216e-01
2.137865443959483525e+00
1.200214247856566940e+00
4.315174886701603540e+00
1.869586175109052117e+00
1.151799638968930006e+00
2.586059547384480961e+00
2.640282506905435866e+00
1.197005719996300677e+00
4.026602567343250172e+00
4.910081505575815797e+00
4.375763245464556306e+00
2.008362980467778947e+00
4.553798479496725449e+00
4.234875105067029466e+00
2.201921338583563426e+00
6.130758630551402799e-02
2.505294797977526855e+00
2.975263476057339318e+00
1.808430380499429502e+00
2.041766792785652207e+00
3.553976094137884623e+00
4.555029190046876231e+00
3.607475594391982288e+00
4.718660577303751325e+00
2.472410311376677772e+00
2.611078991036216657e+00
5.504557648731867037e-02
1.953447323933545476e+00
2.042559274650550538e+00
3.113514357019458778e+00
4.212599710492808569e+00
1.429539542351616621e+00
4.222640095687426154e+00
2.988107199423903459e+00
1.085680755276462461e+00
1.237510130439796185e+00
1.454513829524400226e+00
1.742297588622586657e+00
4.675769202989423334e+00
4.809994893133775484e+00
4.076552832126834502e+00
3.827323570577724432e+00
3.540670811574327281e+00
3.648686540614147322e+00
9.258347882810974427e-01
2.488189041098760601e+00
3.086535545939412817e+00
1.943063023529710831e+00
1.698570922586541521e+00
4.778040890027001275e+00
2.296314838315190343e+00
3.668031548131378550e+00
2.814947846854733982e+00
2.637825086658057705e-01
1.612810476138723637e+00
4.779347510856100989e+00
1.420153132092382808e+00
1.354832473981853358e+00
2.175267723369900263e+00
4.752912169207780479e+00
3.512093361135799618e+00
1.408387926690112257e+00
1.077589612835972988e+00
1.175793191020392925e+00
2.642029714016926434e+00
2.505792291295898533e+00
3.162618533985667169e-01
3.146913112397269785e+00
1.898273926734749928e+00
2.364083618608662896e+00
2.706539370593347371e+00
9.316289355869628031e-01
3.360144786598384670e+00
1.086219229357132665e+00
2.923420471237997198e+00
5.078616611491931776e-01
2.690132642606717805e+00
1.510417955637817222e+00
2.417224194955558403e+00
8.299985025058459476e-01
3.879004763978573855e+00
3.584255143590095560e+00
8.632257547027261113e-01
4.552784059994775312e+00
4.368098016732771427e+00
8.441653743850502378e-01
3.447889506594497444e+00
3.748450683437176245e+00
4.814485264120760277e-02
3.660969885902311205e+00
3.179342222069151624e+00
6.950567448243372137e-01
3.531189760289752844e+00
2.510716449994010890e+00
4.028822192520707723e+00
4.285827488309446487e+00
2.794087717619251787e+00
4.302672503869181542e-01
3.780110377073983674e+00
5.940379343764806697e-01
4.824977928855012088e-01
1.032670989366011316e+00
1.898577210836148055e+00
1.434115563303602903e+00
3.463243479158783611e+00
4.336018293820623093e+00
1.467413647466873083e+00
2.933975341970540107e+00
1.699979666317742444e+00
2.200814295793136477e+00
1.398387001738485402e+00
1.519122274183634103e+00
8.294026052219033440e-01
1.712738859635245081e+00
1.824716364782902334e-01
1.764081411106827035e+00
2.027004065720866555e-01
2.764703820992795880e+00
4.591598250593777131e+00
1.746547169316899240e+00
4.908287668304167628e-01
4.726224405562289732e+00
2.938281541130340901e+00
2.467825135362712530e+00
4.509923707262546877e+00
3.428909421631326282e+00
5.139567029590197400e-01
4.565895030010311828e+00
3.418233703727613815e+00
2.034031835021668400e+00
3.882625767967522012e+00
6.807373150546053298e-01
3.746716511799460747e+00
4.779931365568881318e+00
2.923571082026845236e+00
4.455918405928184889e+00
2.813946576344864781e+00
2.185810134667416804e+00
3.240588550221004116e+00
4.664918964266131951e+00
1.586191582106489140e+00
2.171128037433867064e-01
2.100518502044322222e+00
3.974018823479854134e+00
4.895000622907869747e+00
1.172589408581498738e+00
8.567682090821815422e-02
2.669513756342205113e+00
4.221480154922364392e+00
3.540891631781252435e+00
1.096430500971925515e+00
4.488908137557480416e+00
3.379215172573371451e+00
4.581897184142810886e+00
4.523451519567867063e-01
1.749117956513813743e+00
3.700654400800766020e+00
9.025981560883356014e-02
4.852014574875227026e+00
5.320314195843856009e-01
2.327708468784557727e+00
3.665096919328492131e+00
4.639675822575538788e+00
1.058048801937329753e+00
2.949856507065795608e+00
8.635319024906795704e-01
1.432751558110899603e+00
1.159392958511363814e+00
4.427036786581266981e+00
2.131433202125816440e+00
4.927220610105633725e+00
1.663091116269236336e+00
2.819998382037317342e+00
4.255543112320946619e+00
4.021015865305746395e+00
1.262804008666504885e+00
4.798822867738307352e+00
4.991704503123072456e+00
2.752979720524818319e+00
2.392051073791196636e+00
1.730218194186322611e+00
3.838532978732458023e+00
1.823735181037269726e+00
4.274331226055839039e+00
3.869857675692431442e+00
3.760499795742326956e+00
3.478008627231239824e+00
1.657884198927909170e+00
5.342282943574433451e-01
3.893667060446568851e+00
2.723548154187434456e+00
2.548078226221678344e-01
2.608119355689954233e+00
3.675391846198194479e+00
1.399039026173075628e+00
7.748777922345695401e-01
4.721181060693559139e+00
7.976649075331054828e-01
3.203768834432088042e+00
2.595451632973105660e+00
3.107975252454600046e+00
7.678787766862033015e-01
2.188865021112428089e+00
1.956945439159172295e+00
1.501496792003678582e+00
4.208966596216757061e+00
1.782887271920407635e+00
2.455285116056958206e+00
3.758254427249692053e+00
4.799437467538950841e+00
3.100079053435477849e+00
1.884471766288035033e+00
1.333058437254885931e+00
4.957420084570843599e+00
2.781983632003653284e+00
3.321328381426607024e+00
4.950230417520632642e+00
2.662212290698510841e+00
8.986819622179176292e-01
2.976135209511812540e+00
2.995224065379526568e+00
2.292476488020831482e+00
3.588133413487818224e+00
2.487847317765463195e+00
2.663280441703159251e+00
2.109344253224731958e+00
1.904386035699166424e+00
4.730338409271159783e+00
2.407851950531496144e+00
2.568021001226294953e-01
9.969781962281748511e-01
2.092982119790514517e+00
4.809493357904861988e+00
1.957707923653495996e+00
3.669854557348380730e+00
4.363503292009772494e+00
3.828532004926620047e+00
1.079990306314533299e+00
4.432041613184310336e+00
2.942059570947325176e-01
4.483628402884851205e+00
3.152417447926258998e-01
2.268070072279257499e+00
1.082651832652105739e+00
1.657235480281591400e+00
1.564425345903383668e+00
2.378796207485816439e+00
1.864581099593592972e-01
4.866155982088072207e+00
3.801917097735786122e+00
2.721450917550977344e+00
2.687132330395154867e+00
1.627447227720019152e+00
4.723399582780603012e+00
2.887136635299914378e+00
1.905212876489598806e+00
2.043505786479236086e+00
4.409131426687581623e+00
2.979451902503489791e+00
3.396230511998345580e+00
3.899711258330354369e+00
3.257836154767988823e+00
1.738679483096334355e+00
3.746986037062967068e+00
2.250591866460222024e-01
1.722105386780413694e+00
1.633255329460835403e+00
2.564062622532355284e+00
3.825485609911396523e+00
