3.999551525076558978e+00
2.967606423059923948e+00
1.613020716557323375e+00
1.505036938379567424e+00
3.919078679887935568e+00
2.134339225578336663e+00
3.801333632241399307e+00
5.304059415828199509e-01
2.031463099311404896e+00
1.430831466752968684e+00
4.772814265544079504e+00
4.728186540595274323e+00
4.286739182196130038e+00
2.053323711272548202e+00
1.348102581527408805e+00
3.208523691924742849e+00
4.422014289687914435e-01
1.376908217387651678e+00
4.365131794160264533e+00
3.766084212637636597e+00
1.813061301166611461e+00
1.997250613911882411e+00
2.892346480507606454e+00
4.243147649800509846e+00
6.872845410071826144e-01
3.364558231200485139e+00
3.961488397691442120e+00
2.068192735959362594e+00
1.389797771680345573e+00
4.823096490771813016e+00
3.022900740501142991e+00
1.645811438440454300e+00
4.145315861374299971e+00
1.496291581222665812e+00
1.826590622517136886e+00
1.229838612223145278e+00
4.231308521015325619e-01
3.424268572669764588e+00
2.979178302796469779e+00
8.899832115345251982e-01
4.996250261677694482e+00
1.652418465666855019e-01
2.840834084590002639e+00
4.606901041645580008e+00
2.628921501084498402e+00
4.058281823364024987e+00
4.257566710909143737e+00
3.871972177085197808e-01
6.436582283826203232e-01
3.312283688200744258e+00
3.614451255464313562e+00
2.535119523713229572e+00
9.976182627614516019e-02
2.145320293858689276e+00
1.138604665253692971e+00
4.509428692054808785e+00
2.624320840460894200e+00
4.433019804619768856e+00
2.308817381805974733e+00
4.489267796362658380e+00
2.195514438948445335e+00
9.640425063277907602e-01
1.292921992754409555e+00
2.979690175021087128e+00
3.347608124929490891e+00
3.012260413963408379e+00
1.683387403603824772e+00
2.059469239973610755e+00
3.854430581774227704e+00
3.486579446355706047e+00
7.985264537891639813e-01
1.496125055402248716e+00
3.871237756654765771e+00
4.676761412411016394e+00
3.192983145801531641e+00
3.051314772057106772e+00
4.889861723864643572e+00
3.555534112484639131e+00
4.983402175472421369e+00
2.986609040041889429e+00
1.203676014282579310e+00
2.697676665069797419e+00
1.609809401472844126e+00
4.872611585021689784e+00
6.133606799899538053e-01
1.830902222106248756e+00
4.307547305725353937e+00
1.760498223696765230e+00
1.732210177376685589e+00
8.176045056232722485e-01
3.233642843004859824e+00
2.905735388234245598e+00
3.201722437845874847e+00
4.605211295676911121e+00
3.256564324971185531e+00
2.942099334528463395e+00
4.502776751214324413e+00
3.621043492242316919e+00
8.874876673856046949e-01
2.637694294660294148e+00
4.342633194300779209e+00
1.967847669490425666e+00
3.251325672519134624e+00
3.562178807069521724e+00
4.785168807132478275e-02
1.305740919948583656e+00
4.169437888202011777e+00
2.322358515918498956e+00
4.514290494316322899e+00
3.047040419314703374e+00
3.818262567427521681e-01
3.565172619866008752e+00
2.343803543671689749e+00
4.164775438336937308e-01
4.570868789050829051e+00
1.020427371861076349e+00
4.132469052454680103e+00
8.813033967598482565e-01
2.374619771542766600e+00
1.343739625540967708e+00
3.169383754925883423e+00
4.415625725584925831e+00
3.823041056230304768e+00
6.430390378545813856e-01
1.218639768604012907e+00
1.055000212410544425e+00
4.493247669925267473e+00
4.233837574776913470e+00
3.973763271873127501e+00
4.434098326153007363e+00
3.182684311421444256e+00
3.656744440489370529e+00
2.989509389249192406e+00
2.410501350372694418e+00
4.151809474426212176e+00
1.686923901741535392e+00
2.040029047935882467e+00
4.572035587943002355e+00
2.492454580319544810e+00
3.049901337728258000e+00
4.710641182075070432e-01
1.103675118768294272e+00
9.449295617390440771e-02
2.424306994107759294e+00
2.132931707146125788e+00
1.240120466547593558e+00
1.450752495710075252e+00
2.607239510544640204e+00
4.292078280804611623e+00
2.541769837021313982e+00
2.804905849606890378e+00
3.297138976092519602e+00
2.845683373306623132e+00
3.045974154529122124e+00
3.702941570160509510e+00
3.544376574735051300e+00
2.313931614868605546e+00
4.851124242719571100e+00
4.287627003818254678e+00
1.017381097734814777e+00
1.657514082298824354e+00
4.241578651246371123e+00
1.674036211600771651e+00
2.680678057708685724e+00
2.099764875897011329e+00
4.416356507246513630e+00
3.933221007126279201e+00
1.753486231632466641e+00
1.678413720417377686e+00
4.609220557584196243e+00
4.294490436519494025e+00
3.313514661785227355e-01
2.141761647354942344e+00
4.477865597451102353e+00
3.708771817512007907e+00
3.618073772252381914e+00
2.521249693946643333e+00
1.778312217378261728e+00
4.647769882399263253e+00
2.253510523786895092e+00
4.257402329243765493e+00
1.382304999438479953e+00
3.593275576976572516e+00
3.596532045167548208e+00
3.962273571185720433e-01
2.156121504330299476e+00
3.365279234826173971e-01
3.282104459296604659e+00
5.282736474401633631e-01
2.228187899574168185e+00
4.499283938149979178e+00
4.847165746711342038e+00
5.570285781241934853e-01
2.226692850493964038e+00
1.761467739907681684e+00
3.494761035149431372e+00
2.569885110782052617e+00
3.131471712545137898e+00
1.742640523228016658e+00
2.010174468246166857e+00
7.485566677425992133e-01
8.043651286901881692e-01
9.486794579409124628e-01
2.239694649674724758e+00
6.215274757000871508e-01
9.718766252650584692e-01
4.827437545823817011e+00
4.431951617509550800e+00
3.424334676758261642e-01
8.739833436573890557e-01
3.105631630021532974e+00
1.166213954662905117e+00
1.780548893205369243e-01
1.380400722410570769e+00
6.975501623597374357e-01
1.305283055297408179e+00
2.564964340574023893e+00
3.451734973616204627e+00
2.287149931597553199e+00
2.649307962024137986e+00
2.035243137749520148e+00
2.318347175841938501e+00
3.454323321642798206e+00
1.277920996822170530e+00
3.527428143756128343e-01
3.885980820963225835e+00
2.419651155158630385e+00
2.340142991851136944e+00
3.194921784225308592e+00
4.208155871389505975e+00
2.488545825284268709e+00
1.334854690407080158e+00
1.342541285542945273e+00
1.979972085294394279e+00
3.916146263704798347e+00
3.628602990558813968e+00
2.215398071424506288e+00
2.106096153038429897e+00
4.107765833354156015e+00
7.498834061382980698e-01
2.005418347117599254e+00
3.026035984748838725e+00
2.812982360778532032e-01
3.629876600831984490e+00
4.301286007010868273e-01
2.082378810579824879e+00
1.493126858556948378e+00
2.540248264027056724e+00
3.999240935906914984e+00
6.058312241499469453e-01
3.420924508955826226e+00
2.774888118463467723e+00
3.467512416814273468e+00
4.745984113954467176e+00
2.411771055413923115e+00
1.342756314762952874e+00
1.133718317200413495e+00
2.187262936128449464e+00
4.660753473377570621e+00
1.294044779699547565e+00
3.356425583125802081e+00
2.291412195778738781e+00
2.423481195960735413e+00
2.618694277562373607e+00
1.587507864764747367e+00
2.034120187264948143e+00
1.260482509097529569e+00
3.519410965729347751e+00
1.035262486473049304e+00
4.576364306032719931e+00
2.897998563194482458e+00
4.362369105274420455e+00
3.826205839646495965e-01
4.766524725369314375e-02
3.772233133707587172e+00
3.603665129091684349e+00
3.333845859061085992e+00
1.656971133211436076e+00
4.678445703470807793e+00
4.928994274578916368e+00
4.706002606730907978e-01
4.872801707694503826e+00
2.541167440345942774e-01
3.432391347135064219e+00
4.683757115041270458e-01
2.797127504554662636e+00
1.270545601647892653e+00
2.528257435649893026e+00
5.883905257605864803e-01
1.115578833999159691e+00
3.089285529989246548e+00
3.254247364669444309e+00
3.367157915405345037e+00
2.192498817547212653e+00
2.431440241894180510e+00
1.640695174716393367e+00
7.896085833147203914e-01
2.258852666968213629e+00
1.860361550569589184e+00
2.837700658310352786e+00
4.645854137333367717e+00
4.661312332358123811e+00
3.989412507177717337e+00
1.778891914975536004e+00
1.722695372820036042e+00
3.558207753493027869e+00
9.312429062327060025e-01
1.463175596093182929e+00
2.070915736736077761e+00
1.904531583860992194e+00
1.192206836509953627e+00
4.628397435593911702e+00
1.220550320075444173e+00
3.039531800121734406e+00
5.012980833631253130e-01
3.371099584714880582e+00
4.386492531197686340e+00
2.921437450470807384e+00
2.147923501286306713e+00
1.313006172184612019e+00
3.042953949799238611e+00
2.062726608708496556e+00
1.397584171762416005e+00
1.239570248421855148e+00
2.549518335782887668e+00
2.236297331961086154e+00
3.775445524441536360e+00
1.881611034097081525e+00
4.430737366764639695e+00
2.424112987622550452e+00
2.856158490332353139e+00
2.069811583312848757e+00
3.872679671369743559e+00
3.642849046167191407e+00
1.712187438954446250e+00
3.761383393748211734e+00
2.736781219716318159e+00
2.508529054517294465e+00
4.989982226488265393e-01
1.476817471206679944e+00
1.654449236232104603e+00
3.107905956214740861e+00
2.318176184476816726e-01
3.530745875152419000e+00
4.593565794982108486e+00
2.627532816330436116e+00
1.244383590215620838e+00
3.949636300551591539e+00
2.434615379099813737e-01
3.447615552606486222e+00
3.287701256489792723e+00
2.991905050054709747e+00
1.393556302906829192e+00
4.152055669310014352e+00
2.873480573388121684e+00
2.912490680401613741e-02
3.508650481544787869e+00
3.907007876234640520e+00
2.199180391221729369e+00
4.840951118541030773e+00
1.991398641443268946e+00
2.637043000344083232e+00
2.009879301553872288e+00
3.633099044326755234e+00
1.835731342503082342e+00
1.751296720998510859e+00
6.817022594860161488e-01
5.264919147919372433e-01
1.824765088006802261e+00
3.462784893934606423e+00
2.631993639395248774e+00
1.045260653540554419e+00
3.273680652704808125e+00
1.258663112648686910e+00
2.280674616019394030e+00
1.177400866924688261e-01
2.180156453145780659e+00
4.868308695269231379e+00
2.916545313155116670e+00
2.318941965598732224e+00
4.540635251439445463e-01
5.194573073699959576e-01
2.584210857552935003e+00
2.694817372264023625e+00
1.448600065645482271e+00
4.458344623661123052e+00
2.503864896123638051e+00
1.917617032150850775e+00
1.202447526636698960e+00
2.475800445340644806e+00
2.765089008401951265e+00
4.563970278133787417e+00
4.601635183783544747e+00
1.941907412988417292e+00
3.914993012677836504e-02
3.865536178264631140e+00
3.889151463032626932e+00
2.362094912607660468e+00
9.955880234578412535e-01
1.182732607298051963e+00
1.899983637230981959e+00
3.780022759326981507e+00
2.601779278664693607e+00
4.632014606342276686e+00
4.344523924444107621e+00
1.902347731034720324e-01
2.514697987062412654e+00
3.786570907762460081e+00
2.652834157479146970e+00
3.561499981598880815e+00
3.981752571730407642e+00
8.998230257833184087e-01
3.537274620139729375e+00
1.221054954778910684e-01
2.405556431778309801e+00
2.168980686640190392e+00
1.718859414970268062e+00
2.405415673222348616e+00
3.983002754724984218e+00
4.150420593633707966e+00
2.129281302185747737e+00
4.483823588939063853e+00
3.053008406420173237e+00
4.753998434843277998e+00
1.532861260098815626e+00
4.553811804020988951e+00
4.544393978450656846e+00
2.779608629840874645e+00
3.727268274639646606e+00
1.964329260788069575e+00
6.578489564314365934e-01
4.742154623203751918e+00
2.831407751948343154e+00
2.249999481463171858e-01
4.127137490049076485e-01
2.634247943101684974e+00
4.571644023765497611e-01
3.070121490678158871e+00
1.935517271351794744e+00
4.973304685992808061e+00
2.621697610828933378e+00
9.885054839840506924e-01
3.698064993701797754e+00
2.194081945207210005e+00
1.182639541411137252e+00
7.520951859255664562e-02
4.369664967302870018e+00
3.687160909532376074e+00
2.854895466250526148e+00
4.425570984942595487e+00
2.258310253554125069e+00
1.344170249933903660e+00
1.103987872559911709e+00
3.161038666198839220e+00
2.829129375432287707e-01
1.214937349494758401e+00
4.703452560259930415e+00
2.109520469171089374e+00
3.655728907124716764e-01
1.139858412099568064e+00
2.862339905224295933e+00
1.753818740585075364e+00
4.103357661822619740e+00
3.868469953717463383e+00
1.281299421959914975e+00
4.614408769159831891e+00
4.563604085530588605e+00
9.910645427023762055e-01
4.827331058991886970e+00
3.409629351814454257e+00
3.713289080637816042e+00
1.994269898550984355e+00
8.799632697055004282e-01
3.635110215584715476e+00
1.315963062995990640e+00
4.143436065189412432e+00
3.331660506766329632e+00
4.897520826608655398e+00
3.356281326242841700e+00
1.429599567084044454e-01
4.243801085674803630e+00
5.479893867187879408e-01
1.340044297270635454e+00
3.674103011059741242e+00
3.988454730110615021e+00
1.574675900139205220e-01
1.787046321988183806e+00
1.090454447823526074e+00
2.384888140168238913e+00
3.446061120620125262e-01
3.358696740818817306e-01
3.116480534718307105e+00
1.253070496464304684e+00
2.267965693027275798e+00
2.396940507154295297e+00
4.461214722825731727e+00
3.990982136134427982e+00
1.893527251269509382e+00
5.579668494207251639e-01
2.969784796385214865e+00
