4.796490610061022508e+00
1.864849390507561822e+00
1.119949400395839234e+00
2.294297464555603572e+00
2.385700922157848680e+00
4.520124294022919820e+00
4.563000437959238376e+00
1.111768897488624175e+00
3.602128380527892304e+00
2.098918416344829119e+00
2.482860018614658326e+00
3.915922884120716319e+00
1.143780816872901340e+00
3.501222347128463142e+00
2.397766029938642074e+00
5.032772799067708469e-01
2.565026651205601471e+00
4.831197786353428114e+00
2.960944846256486684e+00
3.352911103952818550e+00
1.921734566691859936e+00
1.672021728432810939e+00
6.722892057030754875e-01
4.037165641203620758e+00
4.303082343132075271e-01
3.545770007731996465e+00
2.434120012745701445e+00
2.390386876606136912e+00
1.274589828026660321e+00
1.804497734709734624e+00
3.033626284345722013e+00
1.001231464932439863e+00
3.320717376809725785e+00
1.608277170142082824e+00
3.584538226931471838e-01
3.177041333254946753e+00
2.047997685936182588e+00
1.003109279563596523e-02
4.368552507874534641e-01
2.707091110503046849e+00
4.752216687834655673e+00
4.171795844668686470e+00
8.025631458434073773e-01
3.877735786920343930e+00
4.935658087462304167e+00
3.025247844794954233e+00
4.103131354366933436e+00
4.639881113326171480e+00
2.456790610246704532e+00
3.436702080725541286e+00
7.232499108955336986e-01
3.770121703654250922e+00
3.377297818619831471e+00
3.359565888039140358e+00
7.188737217126467405e-01
9.832512078368854658e-01
3.709122740332915225e-01
3.036642739393680124e-01
5.310347615247446029e-01
1.766282881426310958e+00
2.513743953618341465e-01
4.904664170253829170e+00
2.968670466372657302e+00
4.844464506735230103e+00
2.143555702220731440e+00
4.595225371358574229e+00
3.385202504436735094e+00
3.225710844943666000e+00
2.373548015469558514e+00
4.381039502083555526e+00
2.315022219426169592e+00
1.238612476223686087e+00
4.000588751282577071e+00
2.771372230322155961e+00
4.272440034589264357e-02
3.651072122726362057e-02
1.565368185685855895e+00
1.516348117476505886e+00
4.223439115065636962e+00
4.888220681655998767e+00
2.863919610336482346e+00
3.067906165280739117e+00
4.577712455369459255e-01
1.783692945855873679e+00
4.342013915716147920e+00
6.166342397965196565e-01
4.869236696282983168e+00
2.774243856864506252e+00
2.506922362612634458e+00
1.889192719031380641e+00
3.353725268866148745e+00
2.686223287503433532e+00
1.633122574040952735e+00
4.573567808194130002e+00
4.684776829831227118e+00
7.699153501569133695e-01
4.520020761179544877e+00
1.797494185731118854e+00
2.070102082125315324e+00
2.631415174612408592e+00
2.866976350755399139e+00
4.638869959548044264e+00
1.075736744413902102e-01
1.786140404189469066e+00
1.818423477496858176e+00
3.342857717936779771e+00
1.543331823698843142e+00
4.685916718729643549e-03
1.927462680466825340e+00
3.791722035653726230e+00
2.501645212513468497e+00
2.337990459907967278e+00
2.045280621283502409e+00
1.862900803894442348e+00
2.283448849272557979e+00
1.105713611823266884e-02
2.624472007282787622e+00
5.686399268210728941e-01
4.881435046348831186e+00
2.213431099883795827e+00
6.942407517239973513e-01
1.734243893681101101e+00
2.643358926200864989e+00
4.462069924776495888e+00
3.070936530009171772e-02
4.569335287860331718e+00
8.783473181672912800e-01
1.042091503055514456e+00
2.643116930095606332e+00
1.167927898007268261e+00
1.955841616446529763e+00
3.057099897407388411e+00
3.359722607099447700e+00
3.127826475243848492e+00
3.049005504827167812e+00
1.640837968409938785e+00
4.886053294300624072e-01
4.184202521568624711e+00
3.593760338297645518e+00
2.254071219541682325e+00
1.107136088100675764e+00
2.019479594796291799e+00
3.238930138693269623e+00
1.194370460883369844e+00
4.738329258826924573e+00
5.211683455974286394e-01
1.175054443671478932e+00
4.746301994088612197e+00
3.126622191039862830e+00
3.832912410401351444e+00
1.472861655277873938e-01
7.015581204879034471e-01
4.016033247634276382e-01
4.232792902657181777e+00
4.569502434103265287e+00
4.906805919336334476e+00
1.897317678349139225e+00
2.060546875163681957e+00
7.481248481583419041e-01
5.527701262549733485e-01
4.386942348480310727e+00
4.544060810679448004e+00
3.019830145864902171e+00
2.429211346158071549e+00
2.611709353664934508e+00
4.216662447572157468e+00
1.462498537251248454e+00
2.380307182287532797e+00
4.012063397111614860e-01
7.514301111533788768e-01
4.950773417832757595e+00
2.417408241298562022e+00
3.675836478705274413e+00
3.470000899229539915e+00
3.069003715107738728e+00
2.585852059518201074e+00
3.672776325841491829e+00
4.768701561911153242e+00
1.894774948355902877e+00
1.882354809306212129e+00
1.294175783327273788e+00
4.812443665934813097e+00
4.210496806873487152e+00
2.338106793361552249e+00
4.158932419272359127e+00
2.385806767174190490e+00
1.494493872697182812e+00
2.107866730395506760e+00
4.010005602214038234e+00
4.899689335908342436e+00
1.783110116377360388e+00
4.773238767037525143e+00
1.107628494681569986e+00
4.921169978693206382e+00
1.988049687076244298e+00
5.574978592089702145e-01
4.515719068101374134e+00
1.766599803786583767e+00
1.504618202951412131e+00
2.942891281118715341e+00
1.583773829305973324e-01
4.329519457446930453e+00
9.739579503045142639e-01
1.706373357183521566e+00
4.633052635007190112e+00
1.904770802890509263e+00
3.232237606011857167e+00
1.825860157206804502e+00
4.998006708630490458e+00
1.375928423527983391e+00
3.341367760374380325e+00
1.497528405509012117e+00
2.050753344589098859e+00
1.789009997134793473e+00
6.698080432886099889e-01
4.073299510295967707e+00
4.379183472544253775e+00
3.662886772779536226e+00
2.563987132071814390e+00
9.268884490227391471e-01
1.618250394376896217e+00
3.858143733404171272e+00
2.641610023572170007e+00
4.885989915557324537e+00
2.550973354194542964e+00
2.521868322339936519e+00
2.324959345465359206e+00
2.202610427576037200e+00
8.954649335308867419e-01
3.256764931582877054e+00
2.794503953704552401e+00
5.676818010808132309e-01
2.258261072845541007e-01
2.677731026300952166e+00
3.263162864438189370e+00
2.898832647683879937e+00
2.696331938011835128e+00
4.824622032306297159e-01
4.472303596686049154e+00
4.720193018261113593e+00
4.868839354881079551e+00
4.156298924829845198e+00
4.799024791612836793e+00
3.590012286650456907e+00
1.984196529498060801e+00
4.948045228783276350e+00
4.578471169943389540e+00
1.612234506715635174e+00
6.115150107653977152e-01
2.918227445602231462e+00
2.162391694990621005e+00
3.712878648406542581e+00
1.654760798890821949e+00
2.873904558917030450e+00
4.441265828471130384e+00
2.761729510348249317e+00
3.933513983681888426e+00
7.268348978231492508e-01
7.435781922581302661e-01
4.838566098916853520e+00
1.926072808462240271e+00
4.081931018831516766e+00
2.230984828972164102e+00
2.313356478575525621e+00
4.436045658816055948e+00
1.974533321048436152e+00
4.481478913342141546e+00
2.457085356015800581e+00
3.553166212459857309e-01
4.204170818208067928e+00
9.385130918530415478e-01
1.898660162238478666e+00
4.880839168607161049e+00
4.012567589381389688e+00
4.304186612643650989e+00
3.697205284095063327e+00
2.273484961984225450e+00
3.506552122803426208e+00
2.551130328345884823e+00
2.055514335145381288e+00
3.156589042282742508e+00
3.524969108410033414e+00
3.398843795973212956e+00
3.223381603650505856e+00
3.463320639314291682e+00
8.330810612857558750e-01
1.309151689411587327e+00
1.350633877298973440e+00
3.197792371581074544e+00
1.229047332487158695e+00
5.487153988292042817e-01
1.175392770348501870e+00
3.576063202151523068e+00
4.327091969589758946e+00
8.029899481978525211e-01
2.381942024230439436e+00
4.823555910613499975e+00
4.407086279162615305e+00
2.080820684574000268e+00
6.982293175068388091e-01
2.658738476187294975e+00
2.190764573739285570e+00
4.831984402191934258e+00
3.107418942867616884e+00
3.522517602322848163e+00
5.078381745683846482e-01
4.001806918061477703e+00
2.596068363052049133e+00
1.315292724292926430e+00
4.870229926330800652e+00
3.278874312256596202e+00
2.267798322683481249e+00
4.021914505973056553e-02
2.120420309554066129e+00
4.792263518957090573e-01
5.646325445124217302e-01
4.549617544266616243e+00
3.550085711797660082e+00
1.040846620075849938e+00
4.373906931680233257e+00
3.594804349928543141e-01
1.992549026639794940e+00
2.350811035120660808e+00
4.873511502913915550e+00
4.057220880258174844e+00
1.573394037115982691e-03
1.052939118504980343e+00
4.547879978568482251e+00
3.034267142584112786e-01
2.547832370943076796e+00
4.036903961004567609e-01
5.986592513923399972e-01
1.063615905614019752e+00
2.095029006556837992e+00
2.890215990259831003e+00
3.470554960626716756e+00
4.522139771938060715e-01
1.971425597380475736e+00
4.587052705766506477e+00
1.958263050756414714e-01
4.093788089436396938e+00
1.577075025296480471e+00
2.016415094677172171e+00
1.965238471606587822e+00
2.757524722424984809e+00
2.950797816194237200e+00
2.873265573425271002e-01
4.867650727608031858e+00
1.414458419278732837e+00
2.598869761366995323e-01
1.413362755122123282e+00
1.572984329088693567e+00
3.462439366444285849e+00
3.505973645306970532e+00
1.280135573137428651e+00
4.417930948622387000e+00
1.042088703234267388e+00
3.600478572235610297e-01
3.442214651226495725e+00
1.556334022412265039e+00
3.584252160475615678e+00
4.904640998437852062e+00
1.311496472818178827e+00
2.449188177458721416e+00
2.044924913505260733e+00
3.656028021644374792e+00
1.190267151774271337e-01
4.975333575396196473e+00
3.223631904589903119e+00
3.514371436089960721e+00
3.203722349781312762e-01
2.216271360662251944e+00
1.177751272626192502e+00
2.274238031121059045e+00
1.327501520996936524e+00
3.862410758242710962e+00
4.201387467310516932e+00
4.129244502297561681e+00
4.309204310357370282e+00
4.848374048731558084e+00
2.305576297980793665e+00
4.990705617012413775e+00
3.652873185276016343e+00
2.951996285275602538e+00
8.180567605387289998e-01
3.329739062098451718e+00
2.563608842300706403e+00
1.231206462062323759e+00
4.373330202028251179e+00
4.947952887729601734e+00
3.499141949661556339e+00
1.839693467440327579e+00
3.376555448766836776e+00
3.934966961937682584e+00
1.939919467548699039e+00
1.369124315963042182e+00
2.463940703001629373e+00
9.294267656007854095e-01
2.084350175591942467e-01
3.542657442948563329e+00
1.000551975891970091e+00
6.385089673547250655e-01
2.432667074024508214e-02
8.982622298259179683e-01
1.055894681411422731e+00
1.844167369664828637e+00
4.544377313447066413e+00
4.109556245212985459e+00
2.001036218756229168e+00
7.898167492343932672e-01
4.064486837609594616e+00
2.469298796898108606e+00
4.128534892762980135e+00
3.671011549741729052e+00
1.153216210445110468e+00
3.102708878518272151e+00
2.361441769041028316e-01
4.022560974918538257e+00
3.987914336586557695e+00
3.541471982684434305e+00
4.938100402847051207e+00
1.826283680600828241e+00
3.093764689309508320e+00
2.988199902390629603e+00
3.119634886092393700e+00
1.387443070331954020e+00
8.674037834610753839e-01
3.209320919625449076e+00
1.351406033967761378e-01
8.932842930810547255e-01
1.377470670173941869e+00
4.831514668918566180e+00
1.766145544991221117e+00
4.115265491208091042e+00
4.739106218354692146e+00
2.748350622905845420e+00
3.852644971002971985e+00
4.774399370450515434e+00
4.656637939572993545e+00
3.503931590158420484e+00
6.541674446881451388e-01
7.307738887116982385e-01
9.400446900309195053e-01
2.224788084065676408e+00
4.993794103909726667e-01
4.165790505970472068e+00
6.041881775023932866e-01
1.685161858390517020e+00
2.384042668156700184e+00
4.512351802001041134e-01
3.686708171326157135e+00
4.745721877516773546e+00
3.426328357146115167e+00
5.316360151773480425e-01
1.494816068458693081e+00
2.367871780259970915e+00
1.031431127697945982e-01
1.786146226859237185e+00
2.247268229033280384e+00
4.674793841077184098e+00
3.247312670823811587e+00
2.107038301678376691e+00
5.369126341644897549e-01
1.651299871612766923e+00
1.617363199347711777e+00
3.746278417821140128e+00
2.041900285300672468e+00
1.441841468880015853e+00
3.429121435317827427e+00
3.043646228097368622e-01
2.278306898864388419e+00
2.722629614498706108e+00
1.148064021494012543e+00
1.040058780699601559e+00
2.372124685365608610e+00
2.341139264863045799e-01
5.308807052355246636e-01
4.433293129228930596e+00
4.421699303550060911e+00
1.237358412981011124e+00
3.312844816633815359e+00
2.550447624653963352e+00
2.794913159806434066e+00
2.589373650500105484e+00
7.190018733957792563e-01
4.454297055805316319e+00
1.226546618550848899e+00
3.574117583567988365e+00
3.777098754016146920e+00
4.849631541531705281e+00
2.102577927314994710e+00
1.373931302692566359e+00
4.704826131359382657e+00
2.996273464697804201e+00
1.617379371976130464e+00
1.939510180704284270e+00
1.422004846152361557e+00
4.794884917978335714e+00
4.951049218790238626e+00
2.046613657483951521e+00
