1.466260503257954984e+00
4.114163881432197911e-01
1.244827905456276085e+00
3.707008699526175288e+00
4.668264341486723090e+00
1.743022113861711908e+00
3.780412209288330772e-01
3.326719932435302507e+00
4.134723818571754528e+00
9.687891307697088505e-01
4.895922772321060101e+00
4.770921453926254330e+00
1.362762131617462069e+00
2.015673320533438062e+00
2.819516863773902093e-01
4.097826941214077756e-02
2.650304975540281216e+00
2.506227852233201325e+00
4.911989225779954005e+00
4.784769737062360306e+00
2.012601218305057227e+00
2.924702495793649604e+00
2.903472064024516630e+00
2.556404966910152510e+00
3.692588791842549290e-01
1.751995769998864194e+00
2.188910459440197798e+00
3.598213443469101769e+00
1.291676269557407331e+00
1.178077765163845214e+00
3.897055124764326806e+00
3.329227527692009581e+00
3.741702857210687405e+00
1.384933245341429808e+00
3.530766649316928962e+00
2.185065546359350463e+00
3.445794583572586056e+00
2.867922980965005753e+00
4.684258806252454832e+00
3.780128133973951421e+00
1.578590414339349213e+00
2.409106072461193015e+00
2.150208590981939061e+00
3.150923034432801639e+00
4.706482412205937216e+00
3.090847665422918888e-01
2.444439832643792165e+00
1.586493526888829830e+00
4.971252048659293266e+00
4.972624352871276798e+00
4.835374899112194313e+00
3.781326947488889978e+00
8.987777853199108158e-01
7.717213390092070302e-01
3.307510595629014283e+00
9.880353489422222246e-01
3.872945642890089246e+00
1.428346946301832343e+00
2.948364719995034022e+00
4.988364444268749587e+00
7.055818712510603108e-01
3.814276193396278991e+00
4.602801126815932342e+00
6.602629040300223018e-01
4.895439898748613849e+00
2.675107465768373327e+00
6.007745280586140879e-01
1.342357805169717144e+00
5.460675879414217393e-01
2.535112746401496864e+00
8.053964989167855526e-01
8.935901301342147329e-01
3.795763609921097181e+00
8.753402519124159342e-01
5.104554987387754927e-01
2.560817127484442235e+00
2.154785533195600955e+00
1.092488580835083045e+00
4.121359932451662544e-01
3.647054977120607333e+00
2.888668008872100401e+00
1.422764182759262974e+00
2.818903677500193439e+00
3.834853072318358702e+00
3.585875770560089659e+00
1.642420464751221942e+00
4.645964746023005354e+00
1.089238295676576707e+00
4.312220752459421824e+00
1.021696683134237116e+00
3.533908704893988340e+00
1.533976730543749500e+00
8.470577196035516954e-01
4.146267163406418987e+00
3.377836636797897363e+00
3.465121708592798555e+00
3.576495739594842682e-02
4.097533611956700739e+00
3.615119046551884541e-01
5.294403229783983811e-01
4.171401820945536132e-01
4.150027100993823659e+00
2.848969149850209881e+00
3.678915132993140880e+00
2.438623668499892982e+00
2.287311625657896030e+00
1.463651967584556068e+00
2.234574819595898987e+00
6.958386573915409379e-01
3.902208791321548631e+00
2.772480620769016468e+00
2.747065202580221577e+00
4.995178994814469142e+00
4.606752529948502151e+00
4.769593283455540345e+00
3.773214793947308632e+00
9.002483219816043158e-01
3.190238522018638889e+00
2.391959764371191177e+00
1.780946303114305795e+00
2.903238754350170758e+00
2.326609316463210675e+00
3.721761121788893512e+00
3.236933126495694646e-01
1.853187657373900343e-01
4.856544938707969550e+00
4.470203748240114905e+00
3.079031672085876803e+00
3.518015339666838770e+00
1.274707732130299087e+00
4.698219824511011389e+00
4.209676061847181572e+00
2.868241252643982442e+00
3.912157485680816560e+00
3.547356361738655650e+00
2.929460541140540553e+00
3.115852309086430960e-01
8.572345852203738792e-01
3.322446522362065835e+00
1.517564144109791346e+00
2.692652282520566764e+00
1.567311513739019890e+00
2.118423958082298331e+00
2.307021769778633491e+00
3.615032591866296219e-01
3.188729666112665839e+00
1.635673504155546354e+00
3.194908718573263418e+00
3.875879000313272371e+00
2.301285112017932288e+00
4.922920308076236040e+00
6.615230496202972876e-01
3.015445288085518705e+00
4.625779869338537686e+00
4.277814888557237794e+00
1.509118073271853433e+00
4.772477666241578653e+00
2.989464078220620991e+00
2.001810680829261280e+00
4.301545290444386715e+00
1.551716501879260690e+00
2.128847085010494578e+00
1.271742267723791064e+00
1.406262895768183974e+00
5.094792433575540125e-01
7.415410772824770902e-01
3.774456769074521212e+00
4.262060748776060670e+00
6.631321291955200037e-01
3.756465363474080110e+00
3.742822362149484494e+00
2.414476081844600941e+00
1.330563124636043426e+00
2.512879965141092242e+00
4.534093315748787489e+00
3.728224405984188028e+00
3.066645750581562080e+00
9.578650357384621561e-01
6.070875008541304352e-01
2.097424637889950816e+00
2.685994317012008192e-01
5.137790898964456066e-01
3.260716268243202265e-02
2.649318313283164805e+00
2.556082129429664729e+00
4.175223105970488069e-01
2.699404611889388850e+00
2.410312590664567711e+00
7.084590760145059729e-02
1.524406493910275717e+00
4.899750399977329529e+00
4.816190278548841519e+00
3.237480708959189490e-01
2.128949205919156817e+00
5.140790844671261350e-01
3.295984375327342342e+00
4.651450842714536016e+00
3.211474448954848349e+00
3.447721853043405282e+00
3.647978305381254227e+00
2.156497556068801558e+00
4.578555706808984382e-03
5.391839319393232355e-01
4.322179110042813299e+00
2.815848572072762845e+00
4.676799917454895983e+00
1.544332699861643121e+00
3.386320872928053838e+00
4.243759516295198431e+00
4.545405111805925991e+00
1.914048818661727713e+00
4.926589219796049690e+00
2.339262689733889289e+00
4.773719146988725903e+00
2.610762624188689873e+00
3.269794539388136023e+00
3.160201416980954914e+00
2.298266871114040377e+00
3.492182252212252092e+00
6.421633404544430102e-01
3.035473338040941549e+00
1.826322652246437528e+00
1.522324309921556651e+00
3.027115685722795213e+00
3.203770509460738936e+00
3.053720742955698508e+00
4.434106733217569207e+00
2.422057981358110013e+00
6.320172797288142741e-01
2.175313939581115186e+00
4.336894799603145501e+00
1.671861655761883281e+00
2.070672435790985144e+00
3.506507880395734134e+00
2.706036789500638307e+00
4.337325577506406793e-01
4.354680769019207531e+00
4.777176779945493834e+00
3.754565475792893015e+00
3.113976929175184427e+00
3.365521188047310819e+00
5.997710073916939777e-01
3.580678575003064079e+00
6.649647427711236070e-02
4.691046634773529789e+00
4.828668518601814341e+00
3.956619584784491828e+00
2.208638392684764362e+00
2.418034365413235243e-01
2.722127091771164853e+00
2.028273028227198349e+00
1.782834667145954954e-01
2.160893231964740036e+00
3.269556718127969219e+00
4.358865610303450211e+00
3.300871071394834821e+00
2.180791653861707813e-01
3.425720805958713644e+00
3.007234739732607132e+00
2.247257082827313290e+00
1.570133041251868811e+00
5.338186153179985682e-01
6.126806967585995967e-01
4.602761817493233210e+00
2.299463869369562374e+00
1.506588990656038796e+00
8.672602373724863645e-01
1.786411415296933924e+00
2.647655382116581357e+00
3.523884987282225989e+00
2.580141731973544683e+00
2.472951863368348491e+00
1.633141052406450466e-01
1.760297079119967467e+00
3.773434324909985982e+00
2.746372608316174357e+00
4.167196368781636906e+00
4.394530217754899937e+00
9.884978814934392011e-01
4.897323757166113012e+00
3.030640631157448528e+00
4.108054188473726498e+00
4.884586382861849430e+00
4.811652998495883793e+00
2.343659952354881781e-01
2.858780980113404535e+00
3.160428303436883191e+00
2.441964816175829611e+00
2.897971664446681750e+00
2.241329303458192257e+00
4.786377326021946210e+00
2.707936751581345280e+00
3.429443464584754686e+00
4.138070811256636894e+00
3.105915566283705243e+00
2.384607964071970176e+00
3.533031379518669635e-01
2.872465514725552005e+00
3.839182634228774482e+00
2.311796391088866809e+00
2.876463952682879910e+00
4.599425201932064944e+00
4.674183036684133263e+00
3.394182813956757805e+00
2.955445849132420921e-01
3.076634919687991854e+00
1.441528204355277509e+00
1.852243124586749445e+00
4.517312553157868393e+00
8.503327848398967159e-01
8.784353756771057231e-02
3.315127679406453698e+00
4.403465191662813361e+00
1.391223284266306370e+00
1.240520516394824080e+00
3.353029928860002951e+00
1.289224261739608135e+00
1.672692757826944598e+00
4.764888348318393696e+00
1.452926868722436149e+00
3.574526565432627034e+00
4.466155066725844947e+00
3.667656470093438870e+00
4.108692426494632954e+00
4.464611000138345887e+00
3.151927964695842466e+00
2.391115001754688496e+00
1.757008705169433860e+00
6.628741539643040470e-01
1.808183327767884485e+00
2.774894413007778837e+00
3.799439812803104388e+00
4.566250501462709721e-01
2.277517104473680831e-01
1.136563897253412669e+00
3.061077612223915168e+00
2.983223483980119717e+00
2.705840806878196947e+00
8.355583842187991328e-01
4.342996498553252316e+00
3.803136287442677954e+00
5.041106811031620394e-01
4.887060797224910935e+00
4.253837556699900269e+00
3.632756600129898761e+00
1.184890929882292276e+00
4.811985614756586482e-01
6.921159752579492119e-01
2.081912834086692143e+00
2.200360474500836716e+00
4.549445776599097435e+00
3.847359458661894216e+00
3.029428656756212757e+00
4.135583032696337646e+00
2.987158635595782430e-01
2.019370699237659217e+00
3.283686631461111283e+00
1.296320451927155393e+00
4.472675037255491759e+00
1.865574968146916923e+00
1.150601298009429341e+00
2.753907030042004322e+00
3.038086068236026005e+00
1.742671686744092785e+00
2.459236085747633194e+00
2.699054875288451782e+00
4.498171601774328288e+00
3.703353976191557262e+00
9.585207671544287988e-01
2.397502047468020425e+00
4.756085528952735952e-01
2.960481072422926907e-01
2.624338246270763175e-01
1.269483731059857679e+00
4.028727237355712809e+00
4.456605886219092483e+00
2.076933593757217089e+00
2.604094068229171555e+00
1.167326135656981290e+00
3.317652319238424408e+00
1.883777645411323087e+00
3.943934273707144555e+00
4.724978081753315351e+00
2.193920878416498077e+00
3.139456231566961630e+00
6.811889697946393873e-01
1.317785622421113079e+00
2.609689648814331075e+00
4.407036501776132376e+00
7.188377141949242599e-01
2.558769744650702727e+00
3.766135834675894412e+00
3.109422740213878544e+00
1.109979477326750175e+00
2.135944322008586749e+00
3.812188666016918859e+00
2.570651850371535652e+00
4.340825879351411842e+00
2.822460311975243830e+00
3.842748586011635048e-02
4.282287127575894914e+00
1.541948429234285545e+00
8.387715768620773726e-01
4.567211841921146487e+00
3.860335210159473451e+00
4.536691541966190400e+00
9.146682556025503841e-01
2.411682540019960408e-01
4.905188655928112595e+00
4.044255703560217796e-01
3.574187346104224616e+00
4.520508608343042134e+00
3.661957823988031269e+00
2.054765669599689204e+00
4.314635555118035981e+00
4.828704978257624347e+00
4.421030493725439214e+00
9.798828481799304324e-01
4.379419805842565516e+00
2.544340072880597159e+00
1.464303606280870529e+00
1.891927805372159987e+00
1.212016056454511936e+00
3.868311220080087320e+00
2.476786351882096060e+00
2.723461143862031530e+00
4.227247789796909849e+00
8.435273232383261321e-01
4.221883239223597428e+00
1.769265150394616626e-01
1.919891291441298442e+00
3.349289664559286894e+00
3.833042403065009651e+00
1.485499004935785905e+00
5.250623528488962410e-01
1.160134010282917183e+00
3.690057825890246779e+00
4.478545417034521137e+00
3.687983624112650682e-01
3.768677898959565953e-01
2.559972159384146906e+00
3.730972359462853660e+00
4.053139654982943263e+00
1.646238449481323585e+00
1.304050475401117737e+00
2.205147867350859769e+00
3.269054181768571432e+00
1.973393586280014045e+00
2.775370493759888202e+00
8.881322909739147731e-01
4.121543949926741668e+00
2.734074015581822170e-01
2.721383317101624399e+00
2.631538135057128081e+00
1.961545172151440974e+00
8.064328229652134583e-01
1.918110230556753226e+00
3.757264931844731315e+00
1.851679356874648130e+00
4.599894338885405887e+00
4.844660284077162427e-01
3.527664787932739188e+00
1.837615895773045516e+00
7.508881943351058963e-01
4.251884575713029690e+00
1.179855672931189758e+00
1.126963622722249703e+00
3.312377824254695291e+00
1.916133744475900791e+00
1.601251151485879598e+00
4.418859655696798505e+00
2.100671287654704011e-01
3.647045288004659547e+00
3.784357558126112853e+00
2.437587763904143667e+00
4.794064304096592011e+00
1.431620005753954095e+00
4.761889533867497137e-01
3.289471429652165213e+00
1.715630927153857233e+00
2.375165049139087881e+00
8.493422532732769481e-01
4.739096628903459063e+00
4.429337666557318975e+00
4.724256160100431812e-01
1.726731026160155391e-01
6.886810096330986397e-01
4.188516842137235408e+00
3.286018370558863033e-01
2.896027235054448923e+00
2.993082172950300546e+00
1.204982056124424439e+00
1.332093039655903421e+00
3.623947646112910537e+00
4.226908156176398812e+00
2.525772888253367654e+00
7.705288730028075905e-01
3.837746080650239477e+00
1.927461915913389889e+00
2.322280042556263524e+00
