4.749760979586977072e+00
5.642333183315384471e-01
3.171925882947303599e+00
1.641073309330325358e+00
4.706658310279790314e+00
4.873606862424267661e+00
8.404069159624172336e-01
3.398086331598199727e+00
4.699765909675654996e+00
2.059360945003541055e-01
7.796673490951233632e-01
4.442642657075465351e+00
1.993559167283251998e+00
2.363008063830233763e+00
4.343204066493221660e+00
7.723552782896453417e-01
1.092982850537633777e+00
1.777355051121753959e+00
3.887498377421467755e+00
1.385573605177434331e+00
1.249441278483909290e+00
3.057644754547558463e+00
1.760519019092332549e-01
2.481115257334437496e-01
4.761731964362531322e+00
4.133140226800632533e+00
4.107724121204122447e+00
1.348420686959786341e+00
3.344519468811698815e+00
1.612721305899765145e+00
1.931358643413205733e-01
4.401568946369324387e+00
1.676693028655092954e+00
3.853337122903278011e+00
2.944096459792441944e+00
3.909716667543401414e+00
1.555399682188891575e+00
3.779210535943437588e+00
4.969421765544583813e+00
3.821391590903755464e+00
3.743713358736057817e+00
2.133330822411838579e-01
2.854521441957440064e+00
1.495936127610235200e+00
3.490293857148732748e+00
3.728915550201358009e+00
1.196368507780104506e+00
3.503906694828025081e+00
1.564005029403845448e+00
2.500569975233787545e+00
4.405229279621431182e+00
3.502009036164313027e+00
1.246583290430944846e+00
4.294154210296707852e-01
3.774130719116777222e+00
2.198142184597713378e+00
4.165371814509787107e+00
3.102451262939516674e+00
4.464314840527908501e+00
4.581243170908402718e+00
1.596657344387437671e+00
2.320023460494169409e+00
1.337919567861629577e+00
1.550966104489917452e+00
4.860679611076585971e+00
3.094709088749604042e+00
2.086949628745404794e-01
3.993799867336139009e+00
1.415590017867262684e+00
3.229763110584114028e+00
1.101779159753923487e+00
1.596845366134873156e+00
3.123715943430559250e+00
3.706275457649020666e+00
3.676821082146884301e+00
4.698694122773472870e+00
4.118575783067657703e+00
3.022317616943844154e+00
1.296255920160733766e+00
3.583444049490852601e-01
2.976270129039021439e-01
9.616522332792798444e-01
4.887945330639289487e+00
1.518630683640306289e+00
2.651794311469766630e+00
4.417921886100106832e+00
2.587161694943042711e+00
2.718171019830003310e+00
2.681007288509423603e+00
3.360914683162997463e+00
4.981309197755000362e+00
2.803531643256429451e+00
3.035489033436709505e+00
7.414081314428688785e-01
3.557167795992066672e+00
6.167913384940548749e-01
1.504996782088234397e+00
1.857364041522937992e+00
2.621269404361414868e-01
3.312396833505149019e-02
2.542143984175887494e-01
4.451748954340933651e+00
2.183407607960802910e+00
2.780679722726534742e+00
2.373068319394656012e+00
4.381245204041518626e+00
3.462729624513480431e+00
4.047522313564472007e+00
2.141291259520912149e+00
1.900237846198696845e+00
2.838939216021882928e+00
2.440658401829625124e+00
4.671604169010832308e+00
2.270930872852124249e+00
2.533338791545513669e+00
3.103665518103977838e+00
3.588698922799914648e+00
1.455125109621130397e-01
5.701860219957088916e-01
1.790812730288652954e+00
2.443075949731239760e+00
4.139665739654505572e+00
4.344973228642619922e+00
3.613885531653577843e+00
3.396855099819706680e-01
2.141233594409012841e+00
2.437982117837325546e+00
6.657093268260394492e-01
2.335044678394626594e-01
3.116470887851661598e+00
4.703545678491882320e+00
4.553699994111416238e+00
4.004392765419694911e+00
8.488243155056307554e-02
2.144781253731020687e-01
4.339797125573795711e+00
2.048700826689980214e+00
3.964689593552457758e+00
1.126864198174759579e+00
4.297710987934530102e+00
3.254490337888234386e+00
2.825744257067253962e+00
1.114063637158531073e+00
2.221015508274488681e+00
1.366301913869662599e+00
1.313577194492403954e+00
2.555703471895933276e+00
4.206960256257460173e+00
2.903761511686622221e+00
2.649568649735894343e+00
3.086105333674480367e+00
2.500028422575149456e+00
1.513387693033575454e+00
3.605931149968358618e+00
3.401633293174405104e+00
8.319204364773402638e-03
3.303373064446274432e-01
4.251635553910317000e+00
2.908323002640007093e+00
1.910582302758887518e+00
2.111098984589284910e+00
4.949827978554798946e+00
4.868935347315893836e+00
1.333323293183364289e+00
8.316010509328891631e-01
1.957204892324313494e+00
3.297423578222286711e+00
4.665481560741219225e-01
2.161037024127934636e+00
9.361545305394081140e-01
2.477196603137059139e+00
1.488032057323657176e+00
2.993117031248710092e+00
3.964447806324639778e+00
3.752301147756414990e-01
1.730164330644454740e+00
7.266939162038188460e-01
1.481085124511370976e+00
3.067422204370680028e+00
1.245203506506410429e+00
2.225216775541571046e+00
4.968216269195815826e+00
6.300413163138346428e-01
3.818042077162928649e+00
1.457088006814211134e-02
4.597303500707272228e+00
4.673717377920445060e+00
4.644485735507277724e+00
1.264642939942485222e+00
2.306328809991610829e+00
3.767676712323926314e+00
9.006180784955442054e-01
2.092957144658708746e+00
3.506281977600682609e+00
3.029906914934691109e+00
4.134621764380954190e+00
2.156990532385429482e+00
1.885669376681955889e+00
4.280231922065112826e+00
1.003441568098181857e+00
1.477090682338300098e-01
8.387946547806029995e-01
1.445524014316978523e+00
4.276189473589052881e+00
2.265157046295757759e+00
3.223370025474411982e+00
6.207012354103325080e-01
2.035024627203560588e+00
5.963795556387374575e-03
7.239804516792791578e-02
4.578383102057753673e-01
3.485674370738689909e+00
2.118690235170408886e+00
1.047618732215911397e+00
4.882986517236734159e+00
2.136976209202934296e+00
2.091007730280387999e+00
3.293066151606956371e+00
1.139823401961228111e+00
7.214428144672407894e-01
2.985620889966024816e+00
4.776526636163985984e+00
3.762241219842795914e+00
1.285673322765955584e+00
4.300672606341035653e+00
6.770276126934254846e-01
4.285683606513455146e+00
1.134145575735876932e+00
8.904443937905409667e-01
1.248101351900427591e+00
4.645919147513805081e-01
8.682619658347973113e-01
1.334542438785982776e+00
2.347774030042844906e+00
2.622176675102921628e+00
1.275673819785878571e+00
1.289720887993210940e+00
3.850621144987424582e+00
2.444733854120974659e+00
4.478416982859489082e+00
3.358569062100134950e+00
3.564923151234915988e+00
6.867482317733930586e-02
4.171166491376037122e+00
9.909219498998089737e-01
6.447921125350170035e-01
1.335586395213256283e-01
2.660253605022811385e+00
2.713459573370401223e+00
1.863232547379649162e+00
2.630119508854326771e+00
3.943978695064320750e+00
2.207984104628751831e-01
1.744963583314889100e+00
4.490352970180580883e+00
6.240331508413637929e-01
1.182891868696067661e-01
3.104206837835355337e+00
4.362626829875901002e+00
4.602542895685567181e+00
4.582318371988408856e+00
3.243836332836592895e+00
9.891910496891370697e-01
4.684015089251857944e+00
3.069137748941082044e+00
5.483687721090313438e-02
4.975760426872656517e+00
4.190175272538899875e+00
1.286566795669687568e+00
3.214514730413930987e+00
3.787228351200810916e+00
1.300088573736357667e-01
2.835474613906351138e+00
1.723330995849663427e+00
3.246433970649422296e+00
4.838312814612527601e-01
3.166541451420987752e+00
4.218458518895205067e+00
8.946988561818886021e-01
2.663967555966360035e+00
2.743272913041191252e+00
9.148880936513192896e-01
3.828355144944464161e+00
3.863930652463041682e+00
9.988079932484550394e-01
2.627815778985573836e+00
4.692507740137501493e+00
2.412581661779382269e+00
1.981552183271117595e+00
3.291258382394801618e+00
1.079349335920671837e+00
6.765464341110888347e-01
3.712899266317948310e-01
2.717122192069893138e+00
1.572652471982449729e-01
1.456593575076051028e+00
2.496600138826355675e+00
4.345463928813818377e+00
1.394319681575109549e+00
2.773728449413696673e+00
3.750273011217661434e+00
1.129459122920306147e+00
3.543248717445689699e+00
4.730938729660505437e-01
8.519911627297238610e-01
1.193511164015604864e+00
1.388054498866141406e+00
4.769528010076343527e+00
8.307867843724636714e-01
3.560216081850442471e-01
3.220185544534555966e+00
3.105976709344092868e+00
3.861289040397686279e+00
2.460933617229621007e+00
4.395803177034967923e+00
4.791516549377849543e+00
4.093706191301901498e+00
1.930400089434692878e+00
4.414571712664614012e+00
4.459881238066004672e-01
4.193843982159133787e+00
2.523306297065514681e+00
4.509372298534799484e+00
4.993609073135573340e+00
8.244579222461922985e-01
1.677389519041521559e+00
1.855904954988280009e+00
1.937805420245420907e+00
3.082027875409086626e+00
1.677281327764832852e+00
4.737508167432100237e+00
2.260643117368411836e+00
2.538617528754057773e+00
2.831206672290757620e+00
3.089209205536618708e+00
7.542816077765090998e-01
2.683342789862879219e+00
4.674054344678528317e+00
3.964348936154958203e+00
2.318032973130564223e+00
2.375227679711444662e-01
3.180433678338800974e-01
4.232912492510092939e+00
3.655104522260717470e+00
4.545170874911653058e+00
2.820378185318257902e+00
1.120112111452260972e+00
3.586598939599589642e+00
1.060075952606165828e+00
2.362326129241176798e+00
4.044826159775222196e-01
2.105470509502769261e+00
1.401272846451849796e+00
2.239687088440424745e+00
4.992966219919986237e+00
4.606505385726455959e-01
4.802643820607316982e+00
1.790820825865981902e+00
2.412331192050541251e+00
1.638096333326020115e+00
3.339744152051053128e+00
9.036518952809546867e-01
1.814394576048261598e+00
1.828186611842794740e+00
1.602347082341747386e+00
1.735506470410164592e+00
6.019932818204826175e-01
3.061859551120684309e+00
9.792223571015518102e-01
3.986625002075008251e+00
2.625839318898434804e+00
2.101924742590711048e+00
3.719948602309080421e+00
2.838635255033985949e+00
1.344435785578802500e+00
3.981175311738238687e+00
5.120170771763615791e-01
1.638303178019353989e+00
1.299958211776294892e+00
3.373070672431044859e+00
3.803341689858488639e+00
2.754764209638885575e+00
3.903053565346603637e+00
3.743461079457545804e+00
2.215928125603476850e+00
1.516514147871827589e+00
8.276763461019265300e-01
2.421673974793300488e+00
1.665178181015545711e+00
4.347349742674166073e+00
3.756732941943979887e-01
2.802138058105958951e+00
4.116307951301887869e+00
3.552727058416788708e+00
4.457205266124780962e+00
3.407406482101534184e+00
4.878818926294041347e+00
5.934479113226642788e-01
2.214428508495559278e+00
4.562972580691170066e+00
2.728796974045900825e+00
3.151483650218323440e+00
2.805248178046408913e+00
9.488421302245864108e-02
4.799181753744431234e+00
6.742949213393317764e-01
5.684216716976586703e-01
6.932584776669509230e-01
3.235323223695243389e+00
4.768073108466629684e+00
4.780412095506939352e+00
3.783670396350474974e+00
3.641836847751860340e+00
4.846306217609963607e-01
1.994158026179757570e+00
1.493956899583677611e+00
4.255734851349907366e+00
2.100548102091371216e+00
1.333815381995816507e+00
2.518865649221726510e+00
2.363254998235410742e+00
2.978703867926433269e+00
2.974977475374771974e+00
3.206450840678449765e+00
4.182911724196686443e+00
9.385388562867036377e-01
3.122106907933792641e+00
3.181463729209950131e+00
3.184677117629499232e+00
1.895911454464719315e+00
1.252623978307161767e+00
1.957453153849623817e+00
7.919919752894316600e-01
4.579548009217520921e+00
1.244647594637617871e+00
4.870306253897327409e-01
1.177686552932859954e+00
2.509784659184538747e+00
1.925089803344487427e+00
6.700154687217579896e-01
3.502199604603219107e+00
3.235537200707096606e+00
1.308206125045836998e+00
4.664113974222432901e+00
3.242329117444844755e+00
2.175562123698572936e+00
4.671018315648284513e+00
2.267259513743671739e+00
3.357319113761556117e+00
4.926295280474271010e+00
4.538232197008563062e+00
6.029332656965352699e-01
1.266305883731450699e+00
3.000317098577495400e+00
1.591559700394593158e+00
3.168447182327520206e+00
1.287975822125384529e+00
2.532624196190360166e+00
2.345281271688961056e+00
3.075751921095509545e+00
1.059283232840868116e+00
2.840244557448318163e-01
4.667281860521812931e+00
2.312937204737270491e+00
3.009926692744571142e+00
2.707181270179825905e+00
3.910071907077564468e+00
2.976132499741201087e+00
2.803896292931673528e-01
2.006911232678785684e+00
4.963768585695669699e+00
3.447308315995629702e+00
2.257935808135328237e+00
3.522856887146483817e+00
4.015548480071651216e-01
4.401750582565878034e+00
8.890792758701210330e-01
1.622573954759274351e+00
2.965179171544103820e+00
2.818958165382014158e+00
6.411758027914860048e-01
4.377010636957804124e+00
4.240160213400592681e+00
1.418122712013967668e+00
3.367697066130221462e+00
1.184311963662921130e+00
1.741294851913461450e+00
4.436290845727141274e+00
8.327300229849365909e-01
1.530287070018956364e+00
4.755659136681509302e+00
2.026906692440277880e-01
3.405220981356223753e+00
2.348265946342671384e+00
1.366898945414307676e+00
2.904643439654243764e+00
1.941667207417705932e+00
4.833662243099888123e+00
2.948167865143416666e+00
2.458969702925056122e+00
