2.044674087122659412e+00
5.165852924095371002e-01
5.724485136515089501e-01
3.255880811450969858e+00
9.428700700001013679e-02
1.182255070661053509e+00
1.447038631588210000e+00
3.033142929920666919e+00
1.868903117721665730e+00
4.728521099233794267e+00
1.091409305477367697e+00
3.100934540443096132e+00
2.328654915685709703e+00
1.601521592381978554e+00
4.280162679351292354e+00
3.721001024072127628e+00
4.296455676165439996e+00
4.519962521565906721e-01
1.437713649331273658e-01
1.754003847428702301e+00
3.541335093105901777e-01
5.538347533925008781e-01
1.365952734837716065e+00
2.434887193390038451e+00
3.496990571285405913e+00
1.317310026219111307e+00
2.110007201335466043e+00
3.595462652709411344e+00
3.701007340871046658e+00
2.554506877113087882e+00
8.192003553329718635e-01
3.773395805300154837e+00
7.160796450950268621e-01
1.594202527881728448e+00
2.703150379135963011e+00
4.849748194880559637e+00
3.115195945165923241e+00
1.331449185487975750e+00
2.225687777440576998e-01
4.977204126081291591e+00
3.976770710173793688e+00
1.248324723036507988e+00
2.962312245045575665e+00
3.904552981920836441e+00
6.127384992036305489e-01
1.131964963797788659e+00
1.905914936090407519e+00
4.855994591549944950e+00
4.348527947859455622e+00
3.830842591499279415e+00
1.560274557057944600e-01
6.819540030459825264e-01
2.533855948883116493e+00
2.056376450851840065e+00
2.909985161733609438e+00
4.256044697707704216e+00
2.917798245521583400e+00
4.621976503378371959e+00
1.724875298963729486e-01
2.372106833325522413e+00
2.112294422753813183e+00
3.926761553576155528e+00
3.250218109015962753e+00
2.745095644868700280e-01
2.798774011404894235e+00
3.213537356558791913e+00
1.457157676415046232e+00
4.704051647055719876e+00
1.841851054799120035e+00
8.031174927078177372e-01
1.909982266892021219e+00
7.449164682584979991e-01
1.919931752735442476e+00
4.491768107329236592e+00
1.157091475846361295e-01
6.128492929232087771e-01
2.104180810492099596e+00
3.494343891278597791e+00
3.197912991424967100e+00
1.771071001619590746e+00
4.976592216826390747e+00
3.807880312233799636e+00
4.202243651705941829e+00
7.469065473508923469e-01
3.320004564662746738e+00
3.939627323442318474e-01
3.050052538248940515e+00
2.626200663157305382e+00
4.825777809239278904e-01
1.815651622003348065e+00
1.742912660617411680e+00
4.398971943979101518e+00
4.644534519233067815e-01
1.515511570741153724e+00
4.213123579708732080e+00
1.560276192804431750e+00
1.046571133921510022e+00
5.353030723885093822e-01
1.254612757284782720e+00
1.502514060521328298e+00
2.988680629423701607e+00
2.355559179451823137e+00
4.795754866349581924e+00
3.404493371714813144e+00
2.430095182218532379e+00
2.775207924271324345e+00
3.157346053742937642e+00
1.933408514379870269e+00
1.687638503047367289e-01
4.446223974206963803e+00
4.822971159071810732e+00
2.824972420705283316e+00
4.664420379401778227e+00
3.806634376669498110e+00
2.953171305412549685e+00
4.842599910183535528e+00
2.256532229202467654e+00
4.320447008391756327e+00
1.405376132593979532e+00
2.581309585363023906e+00
1.216768684252560462e+00
4.267628288672835168e+00
7.110929338888682949e-02
1.317401529687824979e+00
4.901817355076329541e+00
2.931153550073267056e+00
3.235024000939444200e+00
7.481955300162740352e-01
3.993374926026488581e+00
1.664797459937026325e+00
2.657158403699395155e+00
3.806146726993213214e+00
2.779931151909883269e+00
1.538613734702866109e+00
2.389256402640325128e+00
2.420350270871099330e+00
7.054924324768563348e-02
4.483283980958484349e+00
3.572302348515413062e+00
4.902616968684462506e+00
1.001098361740109244e+00
1.189705387467113740e+00
3.238308036268388701e+00
3.543649832249704978e+00
7.034996820475897250e-01
4.780289306320103293e+00
2.166336064949332840e+00
3.572180545842163824e+00
4.180128676863226644e+00
4.254591848937390175e+00
1.208725772466808124e+00
4.479493544701630192e+00
4.594347849814818474e+00
6.117481374010896866e-01
2.173156203052156954e+00
2.191602236709988549e-01
2.544476175860430178e+00
2.881535581589677264e+00
4.245114762294410760e+00
4.539546592032115413e+00
3.710868696621816287e-01
3.475223439922974222e+00
5.317112094829090641e-01
3.846976456651689080e+00
4.351834385427269858e+00
2.769432591921480835e+00
1.348293468825577657e+00
2.942384250780482713e+00
3.867605875243994795e+00
6.548785580475663393e-01
3.430210945547420121e+00
3.018410193962766552e+00
1.040613162801830693e+00
4.065995195539624518e+00
2.968728541827854617e+00
2.417646019233102628e+00
3.573671300155068842e+00
3.912648740542087111e+00
3.032628546421234805e+00
4.667676874402159726e+00
2.185866156073443367e+00
5.789992132623134058e-01
3.254300467954607257e+00
4.924590482442964268e-01
1.192957313084244131e+00
1.050733520141546418e+00
4.596483341417884283e+00
3.487439992334157690e+00
2.442618753565496625e+00
1.568748157443933255e-01
3.369482304223565983e+00
4.780973980200318607e+00
2.497076890280729433e+00
1.851716978991451157e+00
1.425637878384331092e+00
4.995588374103122398e+00
3.058714022116926667e+00
4.129967130232003569e+00
4.641412491806911511e+00
1.427585342730969264e+00
4.959007738656762143e+00
7.169637813065804499e-01
2.652943281470821368e+00
4.334081838317315416e+00
5.412562164870143855e-01
4.794819711576668197e+00
4.772433558788463870e+00
4.913642811976648872e+00
2.315723602985238827e+00
5.722444285548666798e-01
4.110034000212780647e+00
2.805146633400786182e+00
2.508005775528491021e+00
4.256502576671477911e+00
4.630429931794884268e+00
4.035341302627446503e+00
3.750466436709246842e+00
1.109295196065201994e+00
3.628932228739869981e+00
3.338510212922922715e+00
1.104795699509028006e+00
3.708993227141873739e+00
1.205472341848307094e+00
2.716643429414833388e-01
4.458176553234726391e+00
1.582715104423299657e+00
1.078882723176797676e+00
1.981333357161049857e+00
4.849954682532136907e+00
2.782333078908662216e+00
4.900523135221851456e-01
4.260928441136569766e+00
4.932000210332473600e+00
1.537879348139276070e+00
2.065931376266301189e+00
1.894931105872099675e+00
3.597123706598010173e+00
1.052656003173704224e+00
1.398788780226721151e+00
1.271820032413990997e+00
4.997707727007709266e+00
2.811619693408595744e-02
3.074312612956280777e+00
3.298196590889006075e+00
8.263897197541208994e-01
3.790796079563097276e+00
2.157514982410446702e-01
1.300239845523459836e-01
4.734469317979639325e-01
2.198413390299974068e+00
4.527092713578600325e+00
2.311342615211950946e+00
9.704240591645013625e-01
1.898534203893205152e+00
2.777006658084120616e+00
4.430915513465026656e+00
2.180494694309278891e+00
3.311435046467392507e-01
1.291349221866034958e+00
4.044942971557310862e+00
3.986506263738719191e+00
3.128804004305014264e+00
2.657951934154172857e+00
3.057904777269549346e+00
1.503017714777512115e+00
2.307613782352317511e+00
3.770971887647047716e+00
1.301912190956258542e+00
2.045003117034689399e+00
4.669620411556062223e+00
3.176792527112485942e+00
2.762257707367959725e+00
1.592713427109648805e-01
2.628673756629502645e+00
3.687619348923751872e+00
9.200368644494644199e-01
1.563518556322209374e+00
8.797486590300562792e-01
2.258911971673507324e+00
9.786581241217923166e-01
7.759138700130874255e-01
4.247009830720910095e+00
4.962408060668888066e-02
2.895866193656405407e+00
4.923636108011496759e+00
4.611840493035146871e+00
1.276012480077191036e+00
4.801967045465331374e+00
4.214926568984883604e-01
3.036887618867339711e+00
2.634292683300558213e+00
1.606921373784440110e+00
3.259919546595243744e+00
4.340812893269260009e+00
2.245815235576700708e+00
4.182350586937958248e+00
9.132617423708117022e-01
3.789043757321512551e+00
1.130022182748098736e+00
2.263053972207107467e-01
3.017564618035414981e+00
1.910017399677592209e+00
1.322040107702339817e+00
4.149007757151760956e+00
1.905067157800327537e-01
1.370802204855868789e+00
4.003653694932633123e+00
5.088917098317385923e-01
1.913025992872333658e+00
2.934491532290360638e+00
3.223200714123720001e+00
1.349073984018032135e+00
2.098154590941098796e+00
1.716766405270627072e+00
2.993576059539493350e+00
2.281055150297804701e+00
4.709461640662082615e-01
1.222461297333711894e+00
4.190552554981908706e+00
4.079181865516452454e+00
4.171979280833542525e+00
2.391123014273972114e+00
2.399087919123536139e+00
2.191610860108974546e+00
3.649840111785473962e-01
2.630121623923587393e+00
4.706857179410365077e+00
3.235402317635236003e+00
3.685265132091417151e+00
1.115714503523792089e+00
4.767867391120851117e+00
4.853745930550290133e+00
3.779631339748589891e+00
2.921779577648431214e+00
9.274924850926846709e-01
2.133516296848292804e+00
9.874222073063698701e-01
1.463182342827731297e+00
3.965568651471740313e-01
8.323111553282658281e-01
4.776015584073689979e+00
6.207390541993623723e-01
5.336014630337881925e-01
4.738119861661568955e+00
3.690848602213828045e+00
8.062132431696789059e-01
3.510610127053647833e+00
3.661167834910723951e+00
1.833374011070194154e+00
3.881144429895438952e-01
2.296717293655916148e+00
7.855544108526635316e-01
4.465963835841080254e-01
1.099149438836405368e-01
3.539944280660872744e-01
1.488026615439914657e+00
4.759013631101094433e-01
8.763528162839800961e-01
1.251200285929952472e+00
3.966381086116303578e+00
8.861384593052568093e-01
8.671157754349839708e-01
4.829952851769771627e+00
2.047257591403447208e+00
6.985003032604186757e-02
5.020503387779107207e-01
1.631332134368810749e+00
2.145596461613589412e+00
1.964446530674396341e-01
2.944591048454597182e+00
4.335293781310230798e+00
3.607158203945366903e+00
3.125628264095866804e+00
1.748467826816395121e+00
3.043260909399791547e+00
1.843047256082447349e+00
8.829312308865128189e-01
2.822310780382708550e-01
4.573681688161105541e+00
4.458384527104853667e+00
2.070207792725525797e-01
1.141118766928685968e+00
2.927124211476544335e+00
2.348180687716500126e-01
2.947224245852271718e+00
1.520332452075634500e-01
8.182748613441048757e-01
4.635704836947986962e+00
1.798474107199985905e+00
2.022930236973500939e+00
2.652764925088153092e+00
2.292948755717131970e+00
8.453481018279018766e-01
5.526835300479870927e-01
3.903860910862117173e+00
2.236894004369907041e+00
2.090027845521463146e+00
1.210378731576295497e+00
2.661755323739697587e+00
1.623801069270182751e+00
1.827038240335483454e+00
1.132795846842155063e-01
2.617591792985760168e+00
4.349310055518964546e+00
1.950298837578258837e+00
3.075739853612857733e-01
2.419323372788506177e+00
1.148026305926675317e+00
4.896320053514182646e+00
1.093535345849034890e+00
4.703498429706380435e+00
4.226323506009732611e-01
3.309619920317957042e+00
1.695484622396336016e+00
3.604401573883854404e+00
2.827385606328813861e-01
2.668013487552251650e+00
2.706635809866775322e-01
2.653313045932204073e+00
3.603881383104851288e+00
7.011437592878638769e-01
2.007231116245079328e+00
1.538353943348460984e+00
4.297951642948572015e-01
3.183911594170325543e+00
6.378834481970468984e-01
2.457680560581750662e+00
6.966819379398719869e-01
4.892238153557391556e+00
3.041101575951356217e+00
2.341799658146248575e+00
1.867822987298861204e+00
3.545993553344033433e+00
1.979073841862108551e+00
3.552906468173804289e+00
3.467465331771437675e+00
3.682398819515525501e-01
2.348069611971453252e+00
4.834938960555171583e+00
9.372018501794743273e-01
1.883788635247257703e+00
1.627965883131107905e+00
3.380283058160883591e+00
1.870190529017423220e+00
4.315796214665984287e+00
3.636694461467717687e+00
1.365188066325356830e+00
1.935181924792016561e+00
1.517094065391524804e+00
9.001424750828629362e-01
1.162487724991040361e+00
1.191644019359095363e+00
1.866263548747657985e+00
1.051578958069406822e+00
3.015150477666324491e+00
5.626676020088805519e-01
1.836099786735489570e+00
2.471063699697960914e+00
4.619693119558523797e+00
9.024672489242591134e-01
1.866872970844100532e+00
2.741449366041786462e+00
4.087027268114717060e+00
4.505016279173595928e-01
8.463000269574877388e-01
2.020851693478138866e+00
3.318139624982086922e+00
1.044320216094045684e+00
4.884885359064909061e+00
3.611381015225452185e+00
1.758089470892019168e+00
4.464158395424561165e-01
4.402773128981683826e+00
2.452097380172937324e+00
3.467517838569583732e-01
3.872060030856331991e+00
5.565868912361110477e-01
3.387478556845637367e+00
4.561335879234112767e+00
1.282660169537136463e-01
1.172450429233145019e+00
4.862091371777646387e+00
3.495898773580432550e+00
3.792235346187584177e+00
2.651091816147132185e+00
4.796116268669971205e+00
7.110085363180945750e-01
2.170137636123714575e-01
4.144813209267559806e+00
1.302215992218819229e-01
1.285463861584104528e+00
3.777848825701394020e+00
2.818994609936695817e+00
4.374504926577976072e+00
2.188810868761557504e+00
3.521408946572933907e+00
2.900430512326306332e+00
1.961498829661265209e+00
1.450226255983021462e+00
3.561025665738998036e+00
