3.496546032489458167e+00
9.647163681598047713e-01
4.271944973720937178e+00
4.496868430213243784e+00
1.514825189418489870e+00
3.075477780951945128e+00
1.844978337181842232e+00
1.436437171223914344e-01
3.191888961455366935e+00
3.869270606285602376e+00
1.417946033118830940e+00
9.636784812209620021e-01
3.688401597061824688e+00
1.470173737646173873e+00
3.339016012579061332e+00
4.303946558965535907e+00
4.125297199763689804e+00
2.770796063920570873e+00
4.661405247434729837e+00
4.645582679791742109e+00
1.944461005387259078e+00
3.551629264561229071e+00
2.898351581437749402e+00
8.003111011659697072e-01
2.537254608949294887e+00
2.982466802330298705e+00
1.650244697123109283e+00
4.031817360561876562e+00
3.954497549618444907e+00
4.995892795831304412e+00
3.288466481477458903e-01
2.033094235633020608e-01
4.493903560621337334e-01
2.758316500506786006e+00
4.055482263588788605e+00
4.404151328132646093e+00
5.204425897366082854e-02
1.612210048082640679e-01
4.475228204788932018e+00
1.210952689476890720e-01
2.170438682051414769e+00
5.628026413468489864e-01
4.656782029316645755e+00
9.973217972497311345e-01
2.420615745324547596e+00
1.394287186676351764e+00
4.997839172456345125e+00
8.911461104969825575e-01
4.142554350357439574e+00
4.173993066507758698e+00
6.115772061522806169e-02
2.514938946636527284e+00
9.278655546063574455e-01
3.384592431444132909e+00
2.145277189603102652e+00
2.368432223818372151e+00
3.797689125207892591e-01
3.246819114832467434e+00
4.196192675107291770e+00
1.216467582048379903e+00
2.630810143783628430e+00
1.518327580860312054e+00
4.586938696364467383e+00
1.139374593716237616e+00
1.444973303456356550e+00
1.598077623967464778e+00
2.501036025449004274e+00
1.536631478502935577e+00
4.784812417408520702e+00
4.293377177851270821e-01
1.415156824969221461e+00
3.992800129490997385e+00
1.360276705365895955e+00
2.054872459669463858e+00
3.422145059913978660e+00
1.225956734141586679e-01
1.372987656979745452e+00
1.948822714694505187e+00
4.129222052091801487e+00
1.552299447658212372e+00
3.575825324927830007e+00
2.525016235066845915e+00
2.377799692756470851e+00
4.567782921704200305e+00
2.809912159791067010e-01
2.500742109878238306e+00
3.745443828127814179e+00
4.727392782961707063e+00
3.258601490060466510e+00
4.880455952716448387e+00
6.698599125934062704e-01
1.734442527625735808e+00
3.125691305476150372e+00
1.758860488720590531e+00
3.982249898737696192e+00
3.999935343865786308e+00
9.889806133633449736e-01
2.599629434996360011e+00
7.795177603624409146e-01
1.054657235627648459e-01
4.140796720737654368e+00
1.053903016929971237e+00
3.398708663190125989e+00
4.316867351521015195e+00
2.736634846485225481e+00
2.026759119696881495e+00
4.059797351219411432e+00
3.613096332892404394e+00
1.908303818730510582e+00
7.573863303236422206e-01
8.449141775929591702e-01
5.655032996698050596e-01
4.690079361976006389e+00
5.234777189075162651e-01
2.527612640587308945e+00
2.166585066023026585e+00
4.479398738749519993e+00
2.201589255842187676e+00
1.417247193499302949e+00
2.544743775830480281e+00
2.994032106212806355e+00
1.431142379182319235e+00
2.506212327834138609e+00
2.094480261544365618e+00
1.002723015266194784e+00
4.087040523425182315e+00
9.664409362090847777e-01
3.075351349439315207e+00
3.157196104478363630e+00
3.460738403800795560e+00
8.161784732293347888e-01
3.067810300611388818e+00
3.186365183190623895e+00
2.882812094547615445e-01
1.422958875309060511e-01
1.571772600561347932e+00
1.079578825157242461e+00
2.420805264515149879e+00
1.530375146957600574e+00
5.638905091647683498e-01
3.840528925005115557e+00
4.017598338791675161e+00
2.797142492944584724e+00
1.134122636049980759e+00
4.339982917436535637e+00
4.445074781601498159e+00
2.458394602033584508e+00
3.708488595974146484e-01
2.745546249657546234e+00
1.041137338743550744e+00
3.734944572149712094e+00
2.694779903351216532e+00
8.002092172700597805e-01
8.304848508514167671e-01
4.666460658473792655e+00
2.955542058876728273e+00
2.185707334198990104e+00
3.033434654935691643e+00
4.455056048915353450e+00
4.026667861582940766e+00
3.196865685407430213e+00
3.181296555889388422e+00
2.658295383105444998e+00
3.610036841227515225e+00
4.012747514063168985e+00
1.545268949670058900e-01
3.239751977724869558e+00
8.730682218272350914e-01
2.693146931854937698e+00
3.150336405833807696e+00
1.642840866562756297e+00
1.253262726852011344e-01
1.487994949978543868e+00
4.496430153622871018e+00
1.237647687373249372e+00
4.232493531591197122e-01
2.820419195696187042e+00
3.180873244558686697e+00
4.896786237913852702e+00
4.485688515631025552e-01
1.503840092248573956e+00
2.506827169945463396e+00
2.953283755267912980e+00
3.017178937572013719e+00
4.155096124458549589e+00
6.334333465200492341e-01
4.746659775881271415e+00
3.969663046684490659e+00
2.510270613570628306e+00
1.481462976821452227e+00
4.843209629648570491e+00
4.339807321967972698e+00
3.501705243636404896e-01
3.372759584788350473e+00
1.859766469654599685e+00
4.926921385084948035e+00
3.854340368448301302e+00
4.970383899926635429e+00
2.504109785380101538e+00
3.625770426892208853e+00
4.635642553668901655e+00
1.909091668698692512e-01
3.375882944048810952e+00
1.998216497673878100e+00
3.754074653641723103e+00
2.566379559439448954e+00
3.834620167482294395e-01
2.398030694284439157e+00
4.839798795082973726e+00
3.864455940454972094e+00
9.589016268070699178e-01
2.265146526216022416e+00
8.532111358745397833e-01
1.837432189498454660e+00
2.001884975930130040e+00
4.663480808090081364e-01
4.988999598389885826e+00
3.608562544395282901e-01
2.665413921052888213e+00
4.770324404300922083e+00
1.197774115766673253e+00
4.207639078440577052e+00
4.718741579153271637e+00
3.820253208034718462e+00
8.881214107015894532e-01
4.165458947504913079e-01
2.134707901120338480e+00
3.562318002606723155e+00
9.307378632325402634e-01
1.712824109043361576e+00
2.247239102707134339e+00
3.130277452182564257e+00
3.296807297092132938e+00
1.808461879210423451e+00
4.527541815387308155e+00
3.966467866770329476e+00
4.463065022341697663e+00
3.735847030707436289e+00
3.269922834825372160e+00
3.162934336854026807e+00
1.872260597484337596e-01
3.124696448159057116e+00
1.234030215869493130e+00
3.828220686303441145e+00
2.261083261056368698e+00
3.973251778094351483e+00
3.480439101323571816e+00
1.787675419117685127e+00
2.626051167608927983e+00
1.256905378763018444e+00
4.889492458620312121e+00
2.634762789099664992e+00
4.571352724122633937e+00
7.164010305708290449e-02
1.249461197998368966e+00
7.825246432606330904e-01
1.527010040288282466e+00
2.663093517065837634e+00
1.270761401552356062e-01
2.288211873840570121e+00
1.576005118454248510e+00
4.059496894839195846e+00
3.968279349892533503e+00
3.729516401000508186e+00
1.262998544845356896e+00
2.380364572883197916e-01
2.007091656878155383e+00
2.421788508884253233e+00
4.491973079790934520e+00
1.002795635903919624e+00
1.608281376585166011e+00
3.149669932362237912e+00
4.973610941772214744e+00
3.498816725872763378e+00
4.142051123921363320e+00
4.763581784473834624e+00
3.502986766693197751e+00
4.885009575292119877e+00
2.851907605771563770e+00
2.806403086861343876e+00
9.581128806884564586e-01
3.580169601950722313e+00
1.601247249758026125e+00
1.794448664104347113e+00
1.676047509868422436e-01
3.051040136477589204e+00
2.207352850951807000e+00
3.013648346763393437e+00
1.138859009433145220e+00
1.279541926259217810e+00
8.661097149070040579e-02
4.956051140407275568e+00
2.530512615145869004e-01
3.058457221629789835e+00
1.788631045013695964e+00
8.634356630018746870e-01
2.132073186092501516e+00
1.855823187469489266e+00
4.059577666622340431e+00
1.522574108353282885e+00
4.025448849496642723e+00
1.369750364746335602e+00
2.672517740333850700e+00
3.083238811577859284e+00
3.982559754699290799e+00
4.109958466089031148e+00
6.048715072799742964e-01
3.891543216582353359e+00
2.453791592471186167e+00
1.261660558187144288e-01
4.547043710606061495e+00
4.515277953984414339e+00
3.656686066832364190e+00
1.159167074452048141e+00
4.585698265948748187e+00
3.611664245740059398e-01
2.201333748359136422e+00
1.097184231633575591e+00
3.638246374507171588e+00
2.016329512227681420e+00
4.394635167414476129e+00
7.040623418703512160e-01
3.693237332769092607e+00
4.131678150155008389e+00
4.415875188355191661e+00
4.481127259729509760e+00
1.310894424280337311e+00
4.451222609109050765e+00
8.170055272275084102e-01
2.672209972923630161e+00
4.545723626045033328e+00
7.387136182052417288e-01
7.548457960718074622e-01
2.511844016682545089e+00
1.770520788908068743e+00
3.283365069779008216e+00
3.485510281062960569e+00
4.903656849974335152e+00
1.273335947105629806e+00
9.630904303369736130e-01
2.772400762419083620e+00
3.332272194895447459e+00
2.369348514011147877e+00
1.154471507161329402e+00
6.998703127443972605e-01
4.939345505114532742e+00
3.764290258266383304e+00
2.815249979408339875e+00
2.346690393575418199e+00
3.212182401131840503e+00
4.114693898286911455e+00
1.514314718249570202e+00
2.136039490937333696e+00
7.053681633127334427e-01
4.075305109795460901e+00
4.538555443748076845e-01
1.605389028051212197e+00
2.927393728594757771e+00
6.644630404340251539e-01
3.806015275379929008e+00
1.978416147940001979e+00
4.915826793403282657e+00
4.702012550831924820e+00
2.526721837142563487e+00
3.805445885706593145e+00
4.993056716177212806e+00
9.544222559637743908e-01
1.328799256529989314e+00
1.586101164297084587e+00
1.700544037103937534e+00
4.794899966945734171e+00
4.310193100243753239e-01
2.228201796478250341e+00
4.080669599621767674e+00
2.599018355648619938e+00
3.996740689451869777e+00
4.854219506188472977e-03
4.927472584900843167e+00
1.254409069634519369e+00
1.944364236108761634e+00
3.373393426489734725e-02
1.151385729122793133e+00
4.138984643897963833e-01
1.553318440203715234e+00
4.489245373199993061e+00
3.355772401554002027e+00
8.758962212797322122e-01
1.947983599906089047e-01
3.924716644541865751e+00
2.015810250547835913e+00
3.343415216031803805e+00
1.115985656220857436e+00
2.826184410054624507e+00
3.531221237887879560e+00
3.979949270215739077e+00
1.916015522434034057e+00
3.540232335706261058e+00
4.966209871828688449e+00
1.189310405689882444e+00
1.543731476197644614e+00
3.516177920980165794e+00
7.866753513818797172e-01
7.076342263886387096e-01
3.846096316277286542e-01
6.106044362099605216e-01
1.305331021210129450e+00
2.396016348312044464e+00
3.242431960644738709e+00
3.753339489738977131e-01
2.668102580402605284e+00
9.641563444040529562e-01
1.796213420205251543e+00
4.119294627570607048e+00
4.485391829177651779e+00
2.621469798283628805e+00
2.249026970100242551e+00
3.209216359005707009e+00
1.053265747624710924e+00
2.769358925553135453e+00
6.611330614555060992e-01
4.976763972492736166e+00
1.632501666018737474e-01
3.343021601110219621e+00
8.756434579497907045e-01
1.310411850320942762e+00
2.105321125514197922e-01
2.797379089555168008e+00
2.751610919833010094e+00
5.073758090856822500e-01
7.950995519037473702e-01
4.002602499262247981e+00
3.111954412640627776e+00
2.284183635378163491e+00
1.470586312309677401e+00
1.179323957583307436e+00
3.478718397985546940e+00
3.037297793748338748e+00
4.213181148129549136e+00
1.358902192178692570e+00
2.496677671104474694e-01
3.823757195427694544e+00
5.734932096133227297e-01
1.205065423280271997e+00
4.268192692363267149e+00
3.599700503361833448e+00
3.718191247431008595e+00
2.786658687353292585e+00
2.769237601562277717e+00
2.590755962816857050e+00
3.271046785688216385e+00
1.267032816110775340e+00
7.997326502879392729e-01
3.102456137864874286e+00
2.907522391983819343e+00
2.713060963138412163e+00
3.354135515908969634e+00
4.514475212384084557e+00
4.859661299644324473e-01
2.603463346606123441e+00
4.915742658957431566e+00
1.998496504871241086e+00
1.465612972823057802e+00
1.553717268134722662e+00
3.488932392446213004e+00
3.345255105275123597e+00
3.249166093583383930e+00
2.069118595989687392e+00
2.626358962509571349e+00
3.294879235721572819e+00
8.681025102563516560e-01
2.219028210134762702e+00
8.199660623149918059e-01
1.121897129791841863e+00
4.524717429219234255e+00
4.207495528782065008e+00
1.561428585691580384e+00
1.486382560734704317e+00
4.998569569220014053e+00
2.394533615050249420e+00
2.554654066392202161e+00
4.987424821741797132e+00
4.716623640508239568e+00
1.751878815540606205e+00
4.092300329043833784e+00
3.509947457734807319e+00
4.914869231751620049e+00
1.463019702133531830e+00
7.714616768247367640e-01
3.457179700336874717e+00
4.775316950697150453e+00
1.322277687109401079e+00
4.574620769671805531e-01
3.198240059023942816e+00
3.659637427590173075e+00
2.135309400166992333e+00
2.746396922131622009e+00
4.771014870264948193e+00
2.365917199623881029e+00
4.010724190459066918e+00
1.982079365976785468e+00
