1.826574225767129800e+00
3.386830405071775907e+00
2.441906964870402597e+00
6.784061373004796058e-01
3.664271391738537886e+00
4.147944654405734788e+00
1.493759022964161742e+00
3.011946817785376984e-01
6.544243920101805445e-01
7.068149268425505394e-01
7.635217982085823474e-01
4.398803252865269187e+00
1.491934950969053819e-01
3.428940928590089587e+00
3.224818474800029477e+00
1.385686715434427674e+00
4.966034219601406230e-01
4.087927243599168037e+00
1.842900360435022478e+00
3.261479866706870734e+00
3.962007281871824382e+00
3.774253972826824288e-01
2.524818684510896638e+00
2.407340330916318827e-01
4.329423933557309923e+00
1.944896504140217086e+00
7.321097129490017341e-01
3.340920672231754818e+00
3.673163063566586839e+00
4.223770134638826335e+00
8.327181234293462575e-01
1.939961859362220320e+00
2.269847905411165323e-01
3.338526510419620230e+00
2.727667421558335192e+00
3.636881320929909567e+00
1.191036675099641506e+00
3.014049687569342328e-01
5.864934702139695810e-01
1.072419477212316785e+00
1.814675542550279186e+00
4.877961569839230904e+00
2.570420778978635745e+00
4.858840153165445486e+00
1.211732838904436838e+00
4.434451890365394888e+00
4.573348630835002204e+00
2.477237459222031646e+00
1.817773867261046616e-01
2.696440574881204810e+00
3.595792227307375910e+00
1.447619852499432813e+00
2.134139972479709435e+00
2.640754611220494485e+00
1.675103155475263339e+00
2.903101136951191652e-02
3.857519864338224913e+00
2.260582001152260379e+00
4.638364529722985630e+00
9.897361301083873464e-03
1.811697244668609041e+00
3.510391643136311579e+00
4.362728685202221790e-01
3.538061617585555041e+00
2.160755876419733656e+00
3.567604628008533840e+00
2.035133673574094804e+00
4.316456436822920573e+00
3.183837220216615194e+00
2.194011183837840662e+00
4.130420806693290814e+00
1.344295638873577836e+00
6.951461945830733624e-01
1.849063956978831857e+00
4.382657887834153776e+00
2.873555578161805180e+00
5.942879432167080811e-01
4.731974979855486652e+00
4.081032106414545169e+00
3.461556288952811755e+00
4.467562134348583847e+00
4.218783861939954249e+00
3.531260967769268788e+00
3.192259386949921840e+00
2.746330071124953420e+00
2.050241912542421829e+00
2.286760328888916227e+00
3.962395088651315955e+00
4.215658415811733839e+00
3.308114384007247555e+00
2.553501252146005207e+00
3.203897129251416231e+00
6.171924636083631066e-01
4.534911723005552453e+00
2.073540859705942374e+00
3.290948222787667632e+00
4.910274177643156435e+00
8.417340284603558320e-02
3.614382510154839911e-01
3.801030256905518767e-01
8.897397463478684543e-01
2.734574650514089100e+00
2.213497464020072858e+00
4.731805751294722917e+00
7.495602265425904687e-01
1.337814282757462392e+00
2.549805167844321208e+00
6.804423802447601144e-01
4.907001120308438047e+00
2.199011541942750725e+00
4.384826391702319803e+00
2.359106700979942239e+00
2.983581473354464553e+00
4.110424727906730524e+00
2.035544516198533049e+00
2.623691550831697583e+00
2.679532643273403458e+00
2.299679192656330251e+00
3.767577606036460747e+00
3.780166725664742877e+00
4.793849619833867592e-02
6.804377713871412325e-01
2.612023801597634254e+00
4.260207152915949536e+00
1.069502028470770139e+00
1.449813262704441996e+00
2.935879764362467892e+00
3.453436324746784081e+00
3.066680877292822238e+00
4.716448397991552355e+00
1.972554063506004596e+00
4.025596320215797164e+00
1.457093485944577216e+00
2.950158293699383094e+00
1.470492580685693884e+00
3.515418362901446159e+00
2.650037307121356989e+00
4.082992341116938206e+00
2.801290443899851379e+00
1.111639862071627238e+00
6.117171236806845380e-01
4.014642329220462713e+00
4.680379558300992393e+00
2.149769416624589091e+00
4.952501787926957277e+00
4.792891594586123905e-01
2.503465458419696255e+00
3.052675211693395063e+00
7.012087015116602595e-01
4.543512484750272584e+00
4.996799841145596943e+00
4.419603717478467253e+00
2.325090634612813290e+00
3.390144999889851185e+00
5.227307182121615492e-01
3.043776160943346021e+00
3.559834282708804309e+00
9.590439208153384021e-01
2.707580312558452995e+00
1.036861198051268307e+00
1.087990701478206423e+00
4.814376860594241414e+00
4.007384404898063579e+00
2.422284124906463720e+00
1.059506449084261615e+00
8.273390354696746884e-01
1.085043027910752134e+00
5.802202221644481295e-01
1.270327917222778824e+00
9.049450758039756515e-01
4.529027973706406307e+00
3.967026499989778632e-01
3.090555849341520833e+00
3.199463114791256668e+00
4.236532551423856319e+00
4.701925536732678879e+00
1.208223351708844095e+00
4.826248320827208005e+00
4.323779574892389732e+00
4.059595078560144898e+00
1.458569555696686670e+00
4.743353984387973732e+00
8.255022001292805500e-01
1.786254674301641199e+00
1.564152321634415532e-01
1.340404515570836619e+00
3.263986493211686657e+00
1.757941202193324948e+00
1.923068466096127693e+00
3.869926312990909167e+00
4.185966891053946703e+00
8.124710296564613410e-01
3.412276885231891654e+00
7.089098910883656623e-01
4.206078469465603931e+00
7.616897352441992508e-01
2.877998918665733985e+00
8.509218125683859490e-01
1.934312008621616563e+00
1.507818895834834194e+00
4.918740821269143915e+00
2.014131796756027271e+00
3.252305749757316455e+00
1.274776011850433655e+00
3.018601217300392214e+00
4.449560743625819548e+00
3.291204124094189165e+00
1.039531412164762525e-01
3.795993669389618574e+00
4.021530201148616257e+00
3.685416234116265954e+00
2.096742832281708324e+00
4.571273797714123788e+00
2.851517938726611412e+00
8.193942109205176738e-01
4.124353191381396888e-01
3.400810224461570108e+00
9.605115189941348941e-01
3.020973133149924994e+00
1.073606517941788629e+00
1.642522672735258205e+00
3.835946775683224397e-01
3.037219746790860153e+00
3.875573072961588039e+00
4.809473566578307491e+00
3.534359719345025574e+00
4.520578372766177466e+00
4.096227130449767273e+00
4.553747157270960244e+00
1.520816704725637125e+00
7.827837686895239289e-01
1.513182366113634103e+00
2.033946667626924665e+00
2.554606108299175116e+00
2.638564449658027389e+00
1.376855783737828132e+00
4.661689893334087564e+00
4.290844679090399794e+00
2.800023071886561965e+00
6.228577753432384956e-01
3.901041055386655909e-01
2.664246839214828633e+00
5.639926160075497963e-01
5.175206723516506679e-01
1.640454782039386661e+00
4.465725307895996643e+00
4.289129407863634391e+00
3.246205712416381672e+00
3.569877651808191388e+00
7.178182515454684109e-01
4.447623963679260051e+00
5.081324944004389499e-01
1.187367358970046638e+00
3.815962548683566435e+00
4.650557421385222767e+00
3.444345147104535432e+00
3.285056068646727834e+00
1.860279749603717114e+00
1.592710826365613563e+00
3.317011275422419470e+00
7.169201924782764301e-02
2.749042397801201965e+00
2.948584650400853491e+00
2.814010085532108185e+00
2.758625560833546153e+00
2.532098696252027548e+00
3.494977049310772355e+00
3.493337656361107157e+00
5.181335121662566934e-01
3.148210309837531362e+00
2.441431944787730401e+00
4.437390180611944235e-01
1.161723339891634899e-01
2.181340157771138877e+00
3.253706048410554885e+00
3.661902451794425861e+00
1.453079431134888244e+00
4.720506818819658612e-01
1.030368899763836055e+00
2.089610140448474596e+00
4.017370775830054974e+00
4.467455643208710470e+00
4.144948073272962219e+00
3.561602587694810307e+00
4.867107398912549954e+00
3.193408904747164101e+00
7.497726621457867502e-02
2.999156945051789647e-01
3.563432810146662355e+00
3.414732694261187085e+00
2.841874627177035428e+00
4.919143185152663023e+00
8.127524196132662748e-02
9.446510914410233273e-01
2.293181950179928874e-01
9.220639245497991299e-01
4.723992704276963606e-01
4.798014294112091349e+00
2.423618805953350996e+00
1.093132786280394120e+00
1.298712722254486973e+00
4.959823868972682348e+00
4.542097498974912995e+00
1.582061812226170261e+00
3.017100073252358516e+00
1.008061804905664438e+00
2.092915678939322177e-02
2.102546074356379524e+00
1.338010094297987784e+00
3.314924405909778216e+00
4.450429087258393146e+00
4.742231283573051570e+00
2.177173592416296710e+00
1.822906124420902607e+00
4.912823455483793289e+00
1.699477688163975042e+00
3.616523970674878630e-01
3.847927939301491573e+00
3.119259268497525106e+00
1.282235421824545085e+00
1.523229481440298461e+00
2.026422064921433286e+00
1.376665377325764217e+00
1.757051340664990580e+00
2.750874076291533576e+00
2.819356753793416992e+00
9.089599111363766415e-01
1.669892550372945594e+00
1.072924536284050046e+00
3.526242612872634741e+00
9.494120847482134806e-01
4.398046505121520511e+00
2.876409051030962338e+00
2.870640031914582391e+00
4.585584788017879276e+00
4.324216000854724129e+00
3.218020906089961830e+00
1.964429902262082583e+00
1.422509533142481519e+00
1.397586230096962812e+00
4.090420904542066083e+00
4.603447332150762961e+00
4.357178623888138702e+00
7.476831106911829838e-01
1.512966730030590456e-01
2.866620800080782461e-01
4.651838429398958752e+00
3.351732738600902373e+00
3.076180928340916054e+00
3.618082691014676833e+00
1.187734849271617765e+00
3.586491255851855353e+00
2.243698404801637292e+00
4.178129624486779825e+00
2.065506466702144994e+00
2.919505983516111236e+00
2.676535969967447137e+00
4.957309668805333303e+00
1.923697405419379614e+00
2.836359551098027509e+00
2.379521461196731913e-01
1.596749773854369003e+00
3.138775508686603155e-01
4.618878727187288646e+00
2.457773822943158937e+00
1.484511964316575394e+00
4.253678754357891556e+00
3.868686524465480669e+00
3.371497015275737752e+00
2.101884619915772134e+00
1.365238043005204016e+00
1.359854508432483566e+00
7.319303885420885836e-01
2.520571624708674463e+00
1.606470386634319514e+00
3.902475154234142263e+00
3.852715410553654074e+00
2.099408682590897968e+00
3.678196633463097331e+00
4.654266838243267479e+00
1.214478098376176041e+00
1.118326686643787315e+00
1.734256254649701567e+00
3.874278902165598115e+00
7.662275364207310480e-01
2.359029093296316049e+00
4.761334584711983453e+00
4.977672184779952103e-01
3.655864008444259516e-01
6.244462992606875096e-01
8.021739358506080331e-01
1.701160864720117516e+00
4.201559140895804845e+00
2.967107902193360403e+00
3.430529382719473830e+00
2.176300924910159473e+00
3.203469579532948863e+00
4.502267720006470242e+00
3.791434890557576320e+00
3.902755542300299751e+00
2.971702840274772051e+00
3.195660456854139575e+00
3.962342526239069240e+00
1.565409677080448203e-01
2.295308530824569537e+00
1.969701690249095360e+00
2.290659126643683319e+00
3.919358777545618455e+00
4.142735914043810475e+00
3.644624610780122786e+00
2.487062422063305078e+00
3.995023873348475529e+00
4.218755182468191478e+00
3.481635789748529497e+00
1.041430162884224853e+00
1.844747906666963200e+00
3.027554289202942339e+00
5.525521317331372195e-01
2.109095618449840615e+00
3.152258251721268500e+00
3.902816604025818759e+00
3.670674838521833294e+00
4.578264317416374851e+00
2.666773286582304614e+00
2.956437718016630356e+00
3.790168357541501276e-01
2.967599835424481913e+00
4.653716329289903975e+00
4.052162936455183662e-01
3.729428466843798695e+00
4.779529996919281487e+00
3.213401266005530665e+00
1.073496289213261567e+00
4.191103476348077450e+00
4.618083046478633769e+00
5.707972458019466844e-01
1.491523550996797898e+00
2.765454831200473862e+00
1.926339087847148690e+00
1.911484331825384242e+00
4.374331051461657793e+00
3.508270535845355198e+00
4.293434402089679747e-02
4.208825525811850987e+00
4.519703821274788424e+00
4.971418624591203539e+00
2.790229878188027479e-01
1.033890464058008218e+00
3.184124252908163477e+00
3.684251034377579170e+00
1.888698805691948923e+00
3.521323132368348041e-01
8.533091106041285068e-01
2.082421820936959378e+00
3.479300144768975755e+00
3.680240207919455164e-01
8.056368462210311554e-01
2.912106953816312460e-01
2.856990706396707047e+00
9.380478624994559311e-01
4.492031685533877550e+00
3.942184883758131919e-01
7.057895724728202591e-01
1.802534029864464316e+00
1.566230879809616283e+00
1.515472796601232019e+00
3.136930196472496490e+00
4.565261455243377675e+00
2.095424676322238389e-01
9.255834756674907737e-02
3.410028069400779405e+00
3.688770172948805381e+00
3.447513627562176275e+00
3.727109476593559734e-01
4.066770143101190449e+00
1.854104501989758402e+00
5.150423066408466033e-01
2.499642577069601135e+00
3.157424249607338584e+00
2.532612999869841008e+00
3.052210253584364708e+00
2.184165766403862285e+00
4.468655939469982741e+00
1.128343451643686990e+00
3.411629295033993259e+00
3.502528391995867185e+00
1.463652915670074606e+00
1.872157117838430640e+00
7.631834888562155639e-01
4.654346938900318698e+00
2.335857819509081335e+00
1.820922755988873654e+00
4.386394853086303947e+00
3.555931686649245194e+00
4.123152510900201406e+00
3.251002110566743042e+00
1.935884197621711600e+00
3.141236357582949390e-01
3.812307689293598756e+00
3.090476026016871991e+00
