1.736284069660737339e+00
3.993154573394774864e-02
1.237072007084754510e+00
1.198107062990126925e+00
1.552018280784821957e+00
4.096051878142048519e-01
2.539982536940323499e+00
7.691377509390401324e-01
4.031220400171113383e+00
2.296548854726033095e+00
1.824265488426219495e+00
1.144376627976076977e+00
4.499601470152390981e+00
2.783301230807508908e+00
4.867610305440985385e+00
4.957892683510906728e+00
1.129989618783157068e+00
3.433910647362983681e+00
1.676972802987605871e+00
3.509341497612287863e+00
4.274368926398617319e+00
3.519382663164222880e+00
1.265143406254465308e-01
2.163196416380169573e+00
2.954143273046744289e-01
4.437746256081497087e+00
2.611192476609473623e+00
3.638335271160286766e+00
1.771828316909738188e+00
4.760545366728251793e+00
1.750222237490585142e+00
1.128677768789201341e+00
4.239837698154704348e+00
2.560894010899525508e+00
4.304900535227532465e+00
1.667180120050979930e+00
2.842517622604539440e+00
3.246481870747442322e+00
3.191615771748111285e+00
4.373103406126470638e+00
3.062115354136668577e-01
1.853774949191429045e+00
2.235627770974715656e+00
1.781121401547042904e+00
3.143241087460275196e+00
8.894983429751190940e-01
2.559487577697966643e+00
1.442936943986312670e+00
1.675786189756346412e+00
4.204258950568827480e+00
4.475225186882180850e+00
3.141928165964242403e+00
7.256954420677236284e-01
3.101899957374103511e+00
2.132971896846951765e+00
8.832484241274607406e-01
7.959238610725549723e-01
3.733033577067972342e+00
9.213154596312067568e-01
1.627751920002622921e+00
4.223967327103728131e-01
3.044739129104284459e+00
3.920745586597820243e+00
4.907725162321400880e+00
1.974857930890298707e+00
1.511701375063434050e+00
1.234629253556366990e+00
6.704679796031237649e-01
2.621772453382427592e+00
7.942737745696537566e-02
4.893692704596833920e+00
1.616875412349072061e+00
7.695852241013095840e-01
3.056760823879811184e+00
4.272339942336989438e+00
2.182983392174491666e+00
4.071251731180581146e+00
2.810938594919543121e-01
3.453257103349623325e+00
1.171153025499048761e+00
2.403879700170702405e-01
1.483285235142276504e+00
1.053451900308188804e+00
2.055770653140769344e+00
3.191737062954186355e-01
4.454080590032021725e+00
3.312498556305309982e-01
3.565996205295793864e+00
3.739563201610668131e+00
3.995041515229094564e+00
8.882950192203975526e-02
1.379877711604489576e+00
3.638040873539383657e+00
4.291729896916311127e+00
3.152976449294095040e+00
2.302176489402063542e-01
4.047795853158301149e+00
2.504371895773510603e-01
7.543901349737042183e-01
2.743848018322223137e+00
3.559611238323499904e+00
1.590976561288980351e+00
4.838154666606826027e+00
1.948840697956640833e+00
1.647483802079913184e-01
2.702253326179158588e+00
1.318785166229119898e+00
4.884251590081863270e+00
1.164966187728721625e+00
3.478208337464706368e+00
7.651292649202412477e-01
8.332267997863485043e-01
3.463371941963523604e+00
2.080940598210212489e-01
1.833768513724243210e-02
4.374758904006940341e+00
4.350132624610791865e-01
4.486772307195511011e+00
5.871838112132232723e-01
5.600740593760500374e-01
2.251515935403152202e+00
1.821021566888064713e-01
4.686453885212561232e+00
4.451516765278741516e+00
1.262519893958832906e+00
2.759943849077245437e-01
7.494778830041576301e-01
4.613739647354154982e+00
4.027740169859481689e+00
4.786130682075054210e+00
4.447509329916200294e+00
1.093936583427426168e+00
2.026154841424068209e+00
8.371165185998108438e-01
1.561461104185448701e+00
6.877049866944989764e-01
2.706417059443238404e+00
3.263008813803611741e+00
3.346004445337049216e+00
2.905659816140078178e+00
3.195029217752154871e+00
1.385154464582392553e+00
4.955500485185026172e+00
3.495650488985857951e+00
4.866578847842620625e+00
1.344641312833317892e+00
3.630212176869298979e+00
3.069134241575964595e+00
2.629449613025506061e+00
2.013967158031667815e+00
3.755105381645751805e+00
1.794457430638167761e+00
4.045835531891633252e+00
3.623913289805306803e+00
1.182301883796311737e+00
3.981998258186481454e+00
2.235794089621159664e+00
6.248756941943423016e-01
2.677158492557768277e+00
2.447333293542260257e+00
3.083928104828342676e+00
2.390692492588299967e+00
1.521122567193752939e+00
1.618419987594725828e+00
3.654032310873819078e+00
4.989315895197985462e+00
1.898883715816994222e+00
1.214466142194342568e+00
3.566815648628248070e+00
1.563179220997443331e+00
2.995251514555792305e+00
4.203552390331092958e+00
2.270778194986755150e+00
2.185549362683900654e+00
3.254914993737425544e+00
4.455780585492269408e-01
5.147240702704908299e-01
2.725529826093617380e+00
1.937365878088832094e+00
2.956853086001338227e+00
9.774411842665708949e-01
2.404998684816206822e+00
4.110017797801502226e+00
4.405717208578870725e+00
4.753861516867390336e+00
1.502289952897386094e+00
3.450066864845399817e+00
2.164096238040313924e+00
3.358935651874921824e+00
3.193926869856295037e-01
4.796587878778066028e+00
2.040468919871136322e+00
6.290357303333810046e-01
4.680544024775416645e+00
1.988254254246207831e-01
9.679569740126098276e-01
1.974311819443253402e+00
1.416652531910276736e+00
3.530734781545520562e+00
3.961311250695103148e+00
1.031255324056870482e+00
5.799283634217095029e-01
8.570451618491936596e-01
8.078881493182898943e-01
1.415726970190917644e+00
2.721904076256256300e+00
2.323304146800236891e-01
1.886624082522120993e+00
1.781348948051307168e+00
3.087393226195493501e+00
4.479935195714872975e+00
1.757966761836078806e+00
3.534378412643263134e-01
2.307482181647615427e+00
4.292912088591521957e+00
2.790313996018592313e+00
1.438631345303837961e+00
1.890981317555823216e-01
7.743948861759941682e-02
2.086955299415349963e+00
2.671222232330343171e+00
2.374713372762521368e-01
3.024892663556339567e+00
3.046175838183772910e+00
4.613601463155499793e+00
3.362661882859214302e+00
4.401461708533796369e+00
1.319390061631503519e+00
3.381234852050471584e+00
2.429103413010302859e-01
1.906953078425074999e+00
3.069878201341857071e+00
3.621902920547603877e-01
1.049046650549015247e+00
3.504102627219532362e+00
1.337179825728773697e-01
4.350315087421999571e+00
3.143743306538054894e-01
2.428924538088965690e+00
4.922491338199010080e+00
1.625647752716707917e-01
2.301602977392200877e+00
1.632881745262478868e+00
2.197443560307320354e+00
4.260839403376504464e+00
1.456837498884225202e+00
1.024205595120477152e+00
1.497876693344173837e+00
2.618962386987395696e+00
2.469472527250576199e+00
1.014219291259750744e+00
1.566779473707108350e+00
3.787423167063821428e+00
2.301249536096194870e-01
2.655672978398684769e+00
4.359507082761321373e-01
1.584900457514661909e+00
4.565347448605144853e-01
4.880789017704570298e+00
1.263149627102677641e+00
3.857902762994424251e+00
1.957443993851340380e+00
2.319385382723998745e+00
3.542694194336754032e-01
3.416394215234991316e-01
4.973825212959980036e+00
6.967441035667326643e-01
1.847509694174316763e+00
2.716943558119372604e+00
2.312118726808698455e-02
2.181734565988540098e+00
2.963770246516798768e+00
4.446575621445218118e+00
4.093570379922340408e+00
4.078491906005414336e+00
2.663428662558176008e-01
2.870369861545206014e+00
4.630574490792957576e+00
2.478211204293386150e+00
3.800898285967206913e+00
3.469081512599593964e+00
4.586441800443069816e+00
4.236967518924533715e-01
2.549795508086325935e+00
4.908853536338372514e+00
3.237233328645800601e+00
1.156521003108504253e+00
1.894057849699167129e+00
1.003771869122388471e+00
2.354987959976208689e+00
2.088175626416501895e+00
4.624030611164639204e+00
3.509709956543308529e+00
2.180494820450051829e+00
2.806153356097117246e+00
2.756969961877027586e+00
1.993373422198595479e+00
4.493098453989261998e+00
3.091456614395515778e-01
2.451380285243149881e+00
2.842354235978175048e+00
3.148943549366907568e+00
4.846612592800833674e+00
2.862452151423986901e+00
1.098472667727790508e+00
4.712221328091246164e+00
4.167674220560790843e-01
1.786128773000819514e+00
2.913509329110179458e+00
2.762890293408565512e+00
1.202828552929050554e+00
3.159663670224885923e+00
2.336842463982293783e+00
2.572311493556411754e-02
4.089210780975632176e+00
4.262520633544069959e+00
3.186346346235319205e-01
4.912681395625598135e+00
4.857795461955724647e+00
7.024876457842316180e-01
3.673144662256606630e+00
3.065072938058976959e+00
2.499858129618300229e+00
1.994873465166483451e+00
2.720591032252405839e+00
4.645251655933439139e+00
3.342566279099348225e+00
4.904031314930060503e+00
3.706183829987720557e+00
1.942521747037637692e+00
3.953632766304966406e+00
2.795302743019524527e+00
1.480261789641208914e+00
1.468725332084588775e+00
1.405566704138809797e+00
4.181500304849141259e+00
3.231404378393931243e+00
4.075615008140164086e+00
2.971926716010703240e-01
2.169965104335692452e+00
1.319232834035088953e+00
2.723444212060627256e-01
2.380729518653130317e+00
3.553396622317505749e+00
3.299901716930167872e+00
4.212482382993051111e+00
2.017479924654425716e+00
4.572589422421818206e+00
1.360265098500920811e+00
2.302968796890746184e+00
1.339566490523541598e-01
1.601073329731287354e+00
4.821417692732914873e+00
2.776701474030888850e+00
1.531044894856574690e+00
4.611187362828498948e+00
4.556715759160823609e+00
3.440451700722060302e+00
3.684849440642923302e+00
1.791871750766127480e-01
1.346411381255496753e-01
6.358158911833555749e-01
3.557694851763667288e+00
1.653879083782797688e+00
2.125350447270957677e+00
3.391510417586918180e+00
2.626907860219485524e+00
4.073311248140621288e+00
3.464312981311393091e+00
4.529833677086293697e+00
4.437804595518307416e+00
3.468265812209532672e+00
4.434101817737873041e+00
4.818497676023384635e+00
1.336653176157769796e+00
3.269883592055778720e+00
2.823272683064143695e+00
4.917806926011934365e+00
2.641083353056235872e+00
9.660060036434481301e-01
4.621030734358255287e+00
4.335341456601683241e+00
3.863384137361103310e-01
4.323600316416986722e-02
1.539561046388726595e+00
1.554278291531486778e+00
3.403159688221024215e+00
3.336895282271784557e-01
8.026087509644341811e-02
1.257885306573581108e+00
1.153877926892699080e-03
2.465281071839202642e+00
1.837151052781496485e+00
4.441454942215340651e+00
1.714523947553792116e-01
2.800729664548773368e-01
2.818154483529822230e-01
4.976556672378717572e+00
2.674865024818488646e+00
2.913590997603447086e+00
1.859771558840430661e+00
2.952539295060339075e+00
4.951907166321430687e+00
9.204518307734327331e-01
3.784002714401142775e+00
2.531002400193787416e+00
3.108822651676104165e+00
4.834444920965360382e+00
7.334471504989653612e-01
4.444955987205160497e+00
1.092407961367204416e+00
4.816223608925398025e+00
2.609640580667064835e+00
1.926855854064940532e-01
1.741228550974485145e+00
4.760278107926621871e+00
9.484698915318034995e-01
5.353114498752686856e-01
4.327309947582074656e+00
4.759218498844402845e+00
3.482086296610229947e+00
2.055453390279695203e+00
2.625820218746577339e+00
1.123332164899425445e+00
3.933163664875742871e+00
4.037893597856482941e+00
3.600119724566956059e+00
2.098562359625773865e+00
3.731573000380929095e+00
4.869890828704503960e+00
2.637808880855516680e+00
5.554688053336609421e-01
2.493722103416915914e+00
1.037613392227160203e-01
2.086020578387661306e+00
2.736727852293068253e+00
3.033653524978408456e+00
1.252984778469822924e+00
7.192985310527372222e-01
4.201664467189730523e+00
2.544750031169229487e+00
2.724939905691425857e+00
1.310116840430759488e+00
4.315525867096185131e+00
8.874701826986108877e-01
1.875988957119296696e+00
1.430734423762683338e+00
2.477293071936403912e+00
8.444429934577507568e-01
9.537706143421437188e-01
2.176678621812567549e+00
3.099905353731126745e+00
4.217587594223052072e+00
4.209427428024455686e+00
2.418552815354968466e-01
4.769465454785290603e+00
1.008606079988152882e+00
3.670286832653912867e-02
2.920183999911557748e+00
4.170070236203589964e+00
3.805934825530768784e+00
1.692004018494711604e+00
4.552088138560669961e+00
4.499053033761684972e+00
3.755191564108224078e+00
4.738653149447995538e+00
2.114670840954077757e+00
2.108428033200118623e+00
1.416419529994882298e+00
7.917755090740619117e-01
2.554616675786069102e+00
4.312769508992330358e+00
2.495875963189857938e+00
9.136134379600868716e-02
1.877061217444641716e+00
4.299323140909957708e+00
4.855655425018971627e+00
2.529227403289252551e-01
3.872028844249086887e-02
4.090224758359781276e+00
2.627082998508667888e+00
5.150036594096213394e-01
5.560208393138926786e-01
1.687144133052868700e+00
5.349373675426000174e-01
4.842875298648631421e+00
1.368382133603728956e+00
3.894796608669823801e+00
3.042385918620952090e+00
3.119192653931080805e+00
4.085648049791730685e+00
2.046689194851416982e+00
4.425446206767446711e+00
4.382599137297928493e+00
2.062032625302517852e-01
6.821069387877143342e-01
1.418949455837896778e+00
3.985269694453978939e+00
4.553182854842791727e+00
1.865637955685062188e+00
