1.363127707618134288e+00
4.588183915038610117e+00
4.009895606650347943e+00
2.754646355897578669e+00
1.049778700605741300e-01
1.225794861403701308e+00
2.924732159324485714e+00
3.614155815075538847e+00
2.373817539424505352e-02
3.860890971358755586e+00
4.645892420462125472e+00
1.999885522434275975e+00
1.486968776404781867e+00
1.340936918799296995e+00
1.472521302426649248e+00
2.880188916422453893e+00
3.885624305951722146e+00
4.253831114601098307e+00
4.612341295470255176e+00
1.090009666564488278e+00
5.190627277100678949e-01
3.037326522312766119e+00
2.064443234250488590e+00
1.244352057728492777e-01
3.516655070704372221e+00
1.645403714061177247e+00
3.985633076960132248e-01
4.423703617397015897e+00
4.656390396671014287e+00
4.262688381717231856e+00
4.680266250249598414e+00
2.272591457450834351e-01
1.009498019666410062e+00
1.112493385187290240e+00
2.434369255431852785e+00
5.242196813238730879e-02
3.770397894579788911e+00
5.431202695315717754e-01
3.781052887945123953e+00
4.793213464577575245e+00
3.002271694454935691e+00
3.030407403887017015e+00
3.677219783187930968e+00
4.668015297791360041e+00
8.679086040942340929e-01
3.771164194543021875e+00
1.556119209557342398e+00
7.395219968607225081e-01
2.976211587026004857e+00
4.398204894980888291e+00
9.349183220093543190e-01
2.495223345734137510e+00
1.472471760785936112e+00
6.980660063034888063e-01
1.717335358131927947e+00
2.458634489061785722e+00
4.759237445439911340e+00
4.203680024126697390e+00
4.889368517613307263e-01
4.947307644007279848e+00
3.182745063361427817e+00
1.084380353645808981e+00
3.959365844173877491e+00
4.034019455008596822e+00
4.312956540358518609e+00
2.065629127842306012e+00
1.740252853155151991e+00
2.070323180155067888e+00
4.048333516197865301e+00
3.734889979791680137e+00
3.253114204021984035e-01
6.493095116108460463e-02
8.336098336635344719e-01
7.329586686913130977e-01
6.623712275067922262e-01
1.434517552894470249e+00
4.178223207917819870e+00
2.462457610613626890e+00
3.492278513801113426e+00
1.377723025887707120e+00
1.208551352868562079e+00
1.535576360443744459e+00
1.392714226960545254e+00
1.976564933734218377e+00
3.376399224589189174e+00
3.594183808978694383e+00
1.324849109740080078e+00
7.499894858421046751e-01
2.549188351214850989e+00
2.983225054865358494e+00
2.869854341255084318e+00
1.817356215835916444e+00
4.059950436371989602e-01
1.972357994878135123e+00
1.499871188084644924e+00
2.134974032795607268e+00
3.326025725556979395e+00
6.310096550652610770e-01
8.817677455381456308e-01
8.094209533036483828e-01
2.455409927132030212e+00
3.389287756321313516e+00
4.798894057936085034e+00
6.778593862374310275e-01
1.639731940642074726e+00
4.781998322606373364e+00
4.706643880702394256e+00
9.517915858388120709e-01
2.729637983775207166e-01
3.886654401329693975e+00
7.704873585006971615e-01
4.901953608953261821e+00
1.344579093994373586e+00
4.576512636046487614e+00
1.349586889782012467e+00
1.877421071866285818e+00
1.283300916692600158e+00
2.638406866863944433e+00
1.727421244530753963e+00
1.693190057907764112e+00
1.804409640450804764e-01
3.725838866002734839e+00
3.507695686578923500e+00
2.120995938725678265e-01
2.250493193219820665e+00
2.877876117457872418e+00
1.248795369207804207e+00
4.128189529013054582e+00
4.092564489089366653e+00
1.646591309492597244e+00
3.698779790255139588e+00
2.242215153325375798e+00
4.183034077669876893e+00
2.887850458524925390e+00
7.356139704776598620e-01
4.096135130691646253e+00
8.442291559094705633e-02
1.908575444078711048e+00
2.983426969920683902e+00
2.424397930017193836e+00
2.653758801009322710e+00
3.211493226772424325e+00
3.220604258002812692e-01
3.763134243757642494e+00
8.351538903470345776e-01
1.770358345292740054e+00
2.895535393376758027e-01
1.774026748252705010e+00
2.217154718904856381e+00
4.164030041096299151e+00
3.536657993560374802e+00
8.107924297945662273e-01
3.237685348330672230e+00
3.605002371047966392e+00
2.017885808390176283e+00
7.827150637674984424e-01
3.414320211289410434e+00
4.246167735460375958e+00
5.278956167119724929e-01
1.529992130677171325e-02
2.679342395422510403e+00
2.688222774797368153e+00
4.189641925602833439e+00
1.579116069398688316e+00
2.838386272415702738e+00
1.266181169114604543e+00
2.115596384619443882e+00
2.353510876625351411e+00
2.249935300472317934e+00
3.077738195672423682e+00
3.415846995078164472e-01
8.831745900426801743e-01
4.418647751774413379e+00
3.652252003932332070e+00
4.306605006281265524e+00
3.488962877853516442e+00
1.394912055226208425e+00
1.851608667202051528e+00
5.303835366881076707e-01
2.870202910464183965e+00
4.337780954190467497e+00
2.005003979555599614e+00
2.633903552120282932e+00
3.282958132110297633e+00
3.406863891274818812e+00
4.405113123494938776e+00
4.407459773795762814e+00
3.289899882621078575e+00
4.513522456387098813e+00
1.047289424952785319e-01
3.420658755569446541e+00
2.074281930540751606e+00
1.092618057924533037e+00
1.506271349092189293e+00
2.233061007235495055e+00
1.329730812003358409e+00
6.282280840631926377e-02
4.800894483748004760e+00
2.622097056959283634e+00
1.854180191436132663e+00
3.186644949046811170e+00
3.272679378961021790e+00
5.884370517444692528e-01
1.058125415488794907e+00
2.047851177678629675e+00
1.934788549933219581e-01
4.574749807210472419e+00
4.943256390027033653e+00
3.478205205576677450e+00
1.676144835604910899e+00
4.072430871059726343e+00
8.400916548608672318e-01
1.844567799903785721e+00
3.511445435359483724e-01
3.734387723080467403e+00
4.352510736167716665e+00
1.920338253177220622e+00
3.708130381013263310e+00
1.583120044026589568e+00
2.381959341805328645e+00
3.092163196083652643e-01
4.157875963021004928e+00
1.950410296314603720e+00
2.304918843502568482e+00
4.617548839378872394e+00
2.745669560792690866e+00
3.441947737323769463e+00
1.140579995550859982e+00
6.351695714484428823e-01
1.780387897540793407e+00
1.131926856669325687e+00
1.451486147335471877e+00
2.689998719842454200e+00
3.607012508675794926e+00
2.947017243211550230e+00
3.770967265763596643e+00
4.574829363836317775e+00
1.795203272126331129e+00
4.535149130122417382e+00
3.643893608681465501e+00
8.801009235189294344e-01
1.330452145301375122e-01
3.314965674557483588e+00
4.891345231619341760e+00
4.474748782034637884e+00
3.382238957034966464e-01
1.789631331761041277e+00
3.557519121249713701e-01
2.832361477005844286e+00
3.134468542517407030e+00
4.568928830619890746e+00
1.424204150716888995e+00
4.298589175319887268e+00
1.495025038893679881e+00
2.202264300230032390e+00
2.595623870817380219e+00
4.920109366209263868e+00
2.830065874569276829e+00
4.442234392712770763e+00
3.043455945278116026e+00
1.723579718299920849e+00
2.454512562918731433e-02
1.623458192047843696e+00
2.359944360473815284e+00
3.513511686176783222e+00
2.929683677562661792e+00
1.049820290162873926e+00
5.533319235215766740e-01
2.815509837783300551e+00
1.346754236004032990e-01
4.749898252355992945e+00
8.613456822152731895e-01
3.546998636222265411e+00
2.477363070685890456e+00
1.000388614483234573e+00
4.574320391714259415e-01
1.617899982284416893e+00
2.972121623740666685e+00
1.932629418615405381e+00
4.303108758954103941e+00
4.666619819449972617e+00
6.173298471394278453e-01
4.166602098521091868e+00
4.576343905499465237e+00
2.320967563805100387e+00
2.426772075888657731e+00
2.483698044279822881e+00
2.387383752985250407e-02
2.055683387339022783e+00
7.869852498447060807e-01
4.225695488805358835e-01
3.986273122877179276e+00
3.799384693533534030e+00
9.445395079890567258e-01
3.527947876649415004e+00
4.649848973462622936e+00
2.065696027986798189e+00
4.476653560218996297e+00
2.154691648111972224e+00
4.881343550740851356e+00
4.059605311328323696e-01
2.679673310087643534e-01
2.697154982983267058e+00
1.271463006976131904e+00
1.422311565975931114e+00
4.593197360947054442e-01
2.381885354417532241e+00
2.053870427555353206e+00
3.208974793927361180e+00
1.292394021839444740e+00
1.148011846437452244e+00
4.147532228924356801e+00
8.979738966872818917e-01
1.100700211801502348e+00
1.076180110233914133e+00
4.373851484967261616e-01
1.825867075289420605e+00
2.305136003921878896e+00
3.338042698933078256e+00
1.716235068726323476e+00
1.210558535281841541e-01
3.649986498760025011e+00
9.305920943653195332e-01
3.601513443787918600e+00
2.990572089854015569e+00
3.504423072876664769e+00
7.852936590596953925e-01
4.306217647458472797e+00
4.829269205757648287e+00
2.685146647909815165e+00
4.585483869358737863e+00
2.709333695873091585e+00
3.478580318018542616e+00
3.225825253337382126e+00
2.662862586450571722e+00
4.308903649744562969e+00
4.754375586105522800e+00
4.044835242011846965e+00
4.403827465141127995e+00
2.977951804563956362e+00
3.989373230922394598e+00
2.832238716775448584e+00
2.318581172174151828e+00
1.422467655719510393e+00
2.162310965041949640e+00
4.994372325546861724e+00
2.849845273839587634e+00
4.844763163134224726e+00
8.710332419514155156e-01
5.803314425410421862e-01
1.297005354465450289e+00
3.912409572073057173e+00
2.281200320030855266e+00
3.562756787533639002e+00
4.805941750241204069e+00
3.421614585331955283e+00
1.520460483659397788e+00
4.517333865043958063e+00
3.768202067034873259e+00
2.782186726626536988e+00
3.429092252314270173e+00
4.125225592450973089e+00
3.511416337776745333e+00
2.121515924197461267e+00
1.956921939987721348e-01
1.480873519621476175e+00
7.772174503816975388e-01
3.895566320653913728e+00
3.402314643676922490e+00
4.650381794656860635e+00
8.043200693513147259e-01
1.089960535587064072e+00
2.670397259283396441e+00
4.090690129966159994e+00
3.837390599810048375e+00
3.213056353325810299e+00
4.144737112881252905e+00
4.761207065092156299e+00
4.093073579229942638e+00
4.329858236969362117e+00
5.365261261632237044e-01
8.260938807780349169e-01
2.981401721295092067e+00
2.800046295828789944e+00
6.967654560285574394e-01
3.273727081663861949e+00
7.121127105501307009e-01
2.394589700613591443e+00
1.784810532607173927e+00
4.354672082880674644e+00
2.559198295753630337e+00
8.755083522135781449e-01
8.431320135310277353e-01
4.959119761494962475e+00
6.857448674078331363e-01
1.917345205344659353e+00
2.277568521937139323e+00
3.623065394053399668e+00
4.917067541688785681e+00
4.464248529706140722e+00
4.635942133039082869e+00
2.154546328633805796e+00
2.864836472507997112e+00
2.490629018576511200e+00
1.286999468885550169e+00
3.740756456577733591e+00
4.191317652224110013e+00
1.524503463058334285e+00
2.248365623679771552e+00
3.018493657045620893e+00
5.798181740255714534e-01
2.291241980208632789e+00
1.090027209443120704e+00
1.961551699138576188e+00
2.491781620268031183e+00
2.617531892716956632e-01
1.140268546864151578e+00
2.397253980671527618e+00
4.790390058185598932e+00
4.782103952648169454e+00
1.096550455946315061e+00
4.235483458783023680e-01
4.824725460127998744e-01
1.829661719832892386e-01
3.205320536694790334e+00
4.997450440856688658e+00
1.381434659469653603e+00
4.799102459254545039e-01
3.334216191074856450e+00
3.383676691497398803e+00
3.611887392553639664e+00
4.270252373314402661e+00
1.876618811129908249e+00
3.065027557626176957e+00
1.038073747315624740e+00
8.718249388012716539e-01
4.268382250830196512e+00
7.151946470050030147e-01
2.613101082015420573e+00
4.834021703976283391e+00
3.861829907585673238e-01
1.472311914892372009e+00
1.470018381044138511e+00
1.888241530611367569e-01
3.019228175733663644e+00
3.859006047436153164e-01
3.239301098433972292e+00
4.993448376313022408e+00
6.185911844810193516e-01
1.486013270910020445e+00
1.567044318065422548e+00
1.194634085618151431e-01
7.717850843950802009e-01
2.714354626132411852e+00
3.240228786247696391e+00
2.064611173970496427e+00
1.327064039376386173e+00
1.452186711643433936e+00
1.366981330739395872e+00
2.458701002235574862e-01
1.228741409817475372e+00
4.744783211344861584e+00
3.123803239505109630e+00
4.422407213044486696e+00
2.035981159375032767e+00
1.336612268238659862e+00
1.978223764428560516e+00
3.214881649418055432e-01
1.614421667858086940e+00
1.797257189181757475e+00
2.583052313246551712e+00
4.898650602888979577e+00
2.498638226646722416e+00
1.361189767355769353e+00
3.009043352561178608e+00
4.302534572863134343e+00
2.025118032042288796e+00
4.254287834219235620e+00
3.408941040045831539e+00
4.297898763057878213e+00
4.536997670211456724e-01
4.347130108401749737e+00
2.402075893972978715e+00
1.486944576601511692e+00
3.278201528476647031e+00
1.938272046887613564e+00
2.006304154019749486e+00
3.905910731435658256e+00
8.964115949707657238e-01
4.698311382465329089e+00
3.228716431689750976e+00
2.726181688890249699e+00
7.542143338826928778e-01
3.926406808221339251e+00
3.451794314996472046e+00
1.435925540190873928e+00
2.706822411062297817e+00
2.946253534041241018e+00
7.231150364844951550e-01
3.127084082724124858e+00
