3.803027079150061329e+00
7.507820652283830887e-01
5.858778531838926273e-01
5.177277682981074047e-01
3.865984143438609522e+00
2.518872073279126322e+00
2.764300801334496960e+00
3.254988031784413316e+00
4.387664312322768545e+00
1.311458444238149834e+00
1.133545961557917980e+00
1.961198648841433023e+00
2.905307387133367669e+00
4.273690849038548123e+00
3.171979289932378876e+00
4.959193023433362768e+00
2.398605432026925222e+00
4.591977447290854997e+00
1.477217161659399869e-01
2.824455112285857883e+00
3.359302428097624471e+00
2.906488698382577063e+00
1.690525117312988712e+00
4.198090931366912137e+00
2.681435242301279054e+00
2.868724762360145064e+00
3.505033157938968635e+00
4.434637848664606530e+00
3.279153465889324437e+00
3.727334329797675760e+00
4.046787699771052793e+00
3.945779626662280215e+00
4.546204137691132630e+00
2.210896202673066746e+00
3.334180248127150747e+00
8.957144913994591340e-01
4.831385766370941859e+00
4.410713518375011688e+00
1.295132935759937265e+00
6.612072857718309660e-02
1.446987048375359963e+00
4.350462314800201291e+00
1.363572100470288317e+00
4.253495655167024658e+00
8.223938139211367515e-01
2.854353256346178647e+00
4.064234286102787586e+00
3.017847359329731916e+00
2.634504609377131601e+00
3.819931173604151908e+00
2.180567803477892141e+00
3.425711959067622825e+00
4.193289602931374205e+00
2.432111490145194121e+00
4.114346438992543042e+00
3.508854810750421382e+00
2.729460564561771996e+00
1.568592089614493368e+00
4.770448679695301841e+00
5.693488484663578042e-01
2.385452371040590602e+00
2.513670161996015118e+00
4.701949499708917735e+00
3.957234291945352034e+00
1.528641671534849866e+00
2.495770972205373806e+00
2.615710476819591790e+00
4.437635089471174688e+00
3.104519944753375782e+00
2.058874349174444340e+00
4.999914080603895528e+00
3.990164938531494787e+00
1.389911663711464573e+00
2.815021175419744726e+00
4.126675874133801436e+00
1.223219732950749927e+00
3.894028995261103354e+00
4.079103601262422885e+00
4.681755134856813605e+00
5.819964118055787061e-01
3.369894391824626467e+00
9.467074408123171692e-01
1.081096017215741334e+00
1.160306967266347300e+00
2.078214373926026148e+00
1.351785160303000222e+00
2.530341937547090581e+00
2.011740159122329175e+00
1.100453647343304198e+00
3.676490001048812850e+00
2.514683807236251845e+00
4.437538950762013990e+00
3.252693396099361145e+00
4.999242232835186428e+00
1.875919557491184664e-01
4.344452825577945987e+00
1.208900116494541210e+00
7.304586552249076048e-01
1.874534398590563367e+00
1.623840454012593915e+00
3.571533952345626428e+00
2.019373257500694407e+00
3.805130056564341334e+00
6.180440038837220484e-01
2.152872734134152477e+00
1.852281557841705784e+00
3.425415868250186735e-01
4.971805915378183727e+00
2.842480732116323683e+00
5.350814490247918220e-01
2.532646708147575865e+00
4.686854805587707062e+00
3.480095859555556892e+00
2.661032168957980559e+00
2.603869399959685138e-01
4.681901999968921757e+00
4.689520669222091875e+00
3.732529484092796945e+00
6.498298452275302894e-01
2.654625629802400244e+00
2.372698968222214155e+00
2.035551931094181644e+00
1.754229948701326425e+00
4.694559857476276576e+00
3.398294754189951306e+00
7.540300404664840306e-01
1.042158787183928403e+00
3.259406918144846621e+00
1.830160441848756037e+00
4.211996060172632284e+00
2.857593726513474763e+00
1.303710609494098671e+00
4.157869623352007160e+00
3.829208168377775667e+00
3.111257598897774646e+00
1.840501202148303150e+00
7.415016696361997894e-01
6.446598754705523682e-01
1.156194948578727066e+00
2.576229179294122762e+00
3.405940727644498178e+00
4.133244396570990631e+00
3.858527066881163314e+00
1.258271463755758379e+00
2.409048978981592981e+00
4.974661400478806783e+00
4.447180465549638306e+00
1.491740190262524912e+00
1.751872759107309552e+00
1.811422074993777720e+00
4.712439440692100412e+00
1.876201393337405543e+00
4.253536768573373816e-01
1.111451597437691063e+00
9.400297626281184371e-01
2.492699954155258579e-01
2.775247657945358881e+00
9.221662380944328774e-01
3.660289795816168423e-01
3.914346856377091122e+00
3.617197794501793240e+00
2.041963904561969301e+00
8.671513358987814613e-01
1.691658730885122752e+00
2.828188662786620178e+00
6.631389876493171132e-01
4.739481143872926516e+00
2.826797252164319652e+00
2.586712176828393606e+00
2.987239979745790475e+00
2.699243039813420397e-01
1.184977277786075645e-01
3.214101330465742201e+00
9.434415642045168582e-01
3.077865056096529273e+00
1.081539816844205859e+00
3.080036144913677720e+00
9.470869892658273503e-02
1.420637896988493631e+00
1.072254918694953041e+00
3.445128424901570341e+00
2.460477573196134138e+00
2.416298595204102728e+00
4.921267263723498431e+00
1.980533065949879878e+00
1.842925428715253000e-01
2.080128528899513718e+00
3.943030166669517111e+00
4.099839339408934080e+00
4.907749181703788821e+00
5.171268184627714204e-01
4.079493195388077531e+00
4.418735322546075928e+00
4.651226466025899065e+00
3.062685529283866614e+00
2.095955973298168740e+00
4.471461006776536351e+00
3.561996443731835882e+00
1.924375298704363413e+00
4.810206972205730125e+00
8.909026775453171565e-01
2.968451550660076155e+00
2.939449400212764019e+00
3.853025747998706230e+00
4.266791309086978679e+00
2.438481650642570386e+00
3.389096804719697875e+00
1.976295003103958337e+00
8.607140296315596295e-01
1.796970888130633437e+00
4.825769261704071944e+00
1.470593355394527624e+00
2.129794982625294875e+00
2.338346755719944436e-01
1.030913594754390150e+00
1.361221625135788926e+00
1.387972802476701295e+00
1.532619699917472378e+00
3.922142338468838751e+00
3.084949136255737967e-01
3.010277222706437605e+00
8.965415000069243412e-01
5.214162648180059589e-01
2.084796879234802169e+00
2.652251925557902013e+00
6.424283810668646177e-01
3.330236501112795011e+00
1.359718265282556793e+00
4.893361603670716597e+00
2.256906077348314721e+00
4.015426244937068567e+00
1.035982710044714317e+00
2.042391905574114208e+00
1.216148622895796283e-01
7.088417106058669814e-01
2.210762787937008422e+00
1.914886815241163109e+00
1.682444611203065543e-01
2.388024369738506625e+00
1.429835903010317377e+00
3.647574132721520535e+00
1.639667080086652629e+00
8.472060288780014492e-01
3.940632415497283603e+00
2.655459551136949425e+00
4.349088632203460314e+00
4.114122417251296682e+00
3.582485442432918443e+00
3.239707962259436025e-01
7.282127142632627281e-01
3.589403078257440427e+00
3.573282162367070303e+00
1.343908213143679697e-01
1.026279006188550724e+00
4.685034560560813466e-01
2.444622004203091947e+00
3.427238675041430316e+00
2.592780038525688280e+00
2.948517520911861478e+00
2.919768230406436516e+00
4.334737201842634668e+00
2.871081522119536267e+00
2.809982334568676521e+00
3.107164036480844160e+00
2.895301100178946374e+00
1.767376245024581571e+00
2.598097589104564342e+00
1.276691409601024674e+00
2.313722679976778274e+00
2.426468097252840295e+00
4.019546212604238278e+00
3.066586870443761104e+00
3.677111609084342092e+00
5.773653339691259267e-01
2.796744864132152397e+00
4.208611059183095193e+00
3.446872676460097651e+00
2.347430175782618811e+00
4.072122632416002475e+00
3.697832195346366202e+00
7.252044504253096768e-01
5.120556042535340247e-01
4.161468653290468112e+00
6.013824863226596706e-01
4.729502730090809237e+00
4.505348078466006712e+00
3.438086879619206115e+00
3.605624037651578462e+00
6.525962282610819898e-01
1.859978918199438169e+00
4.054760182095999532e+00
3.441410017738629534e+00
8.820196949044489809e-01
5.020416444065700645e-01
1.213059662367880875e+00
4.139251423133044838e+00
1.147934099235146554e+00
4.778646949409245615e+00
1.633296165074090700e+00
3.852272096513791322e+00
3.058596042903309442e+00
4.551860976127723113e+00
3.233955901909805863e+00
4.333582686501930681e+00
4.550649270878931452e-01
2.284097340080330163e+00
5.849442263118337371e-01
3.309872368432801970e+00
4.989465864696445152e+00
3.346661151566745929e+00
1.034113457884636711e+00
1.086862104624971570e+00
4.173401486345619915e+00
2.305139002104807489e+00
1.328243373999327126e+00
3.823731832347725845e+00
1.212696906757856352e+00
1.905058920843350379e+00
4.631945502592074604e+00
3.642442264628754423e+00
3.654250552012468400e+00
2.864229111158493435e+00
3.401971445006693351e+00
1.851311312364805062e+00
8.701442531886671716e-01
1.426689460227268391e+00
1.693589877888391104e+00
2.619876247816745884e+00
3.007605865471825624e+00
4.448199376616555512e+00
3.685491175818871312e+00
2.210981182050328009e+00
4.304961853698797469e+00
9.858575605314379153e-01
1.951116693529275192e+00
2.068328438172758688e+00
1.993092537582882962e+00
3.748069773447171293e+00
3.856439232681039275e+00
3.503149002418838087e+00
8.668382753352310566e-01
3.497930779397560475e+00
3.175029498701043451e+00
4.854614654995400791e+00
3.105325396731262177e-01
2.294632503678994961e-01
4.152757902825155334e+00
4.530999698701348999e-01
2.881511385739231379e+00
4.564862060649544695e+00
2.561262267616118304e+00
7.493656521863123476e-01
2.160802321574357254e+00
2.224859711245930072e-01
4.542419590730147227e+00
8.533291692328914824e-02
3.793735284976265110e+00
3.195900357319770180e+00
2.812120910003744534e+00
4.385815766966850937e+00
3.686112742759031224e+00
3.034052560790885700e+00
3.652789794019811742e-01
1.514507991594289837e+00
2.331450661674466129e+00
2.507245682501158424e+00
2.950742992067825643e+00
1.541042774954737737e+00
3.304933985288929676e+00
3.240916766305403485e+00
6.510769608680533338e-01
8.514621766919128198e-01
3.860410190208124703e+00
9.196762944103209492e-02
2.911516366791166988e+00
4.524694264333369631e+00
1.177503251945642981e+00
4.005679863854562761e+00
2.535410675073326292e+00
4.816134816557909204e+00
3.711541394407253502e+00
4.105579174413394483e+00
1.185777001642782214e+00
1.722483521222771818e+00
2.136928098031638079e+00
2.514045012332705165e-01
1.349680354580047759e+00
2.188164032460605313e+00
2.136977180261851572e+00
3.175450296507523085e+00
4.987838897752161493e+00
1.211133639898104297e+00
2.690932075356649023e+00
1.198616123464899097e+00
5.642501296789093068e-01
8.419476890309524064e-01
4.504194328589025353e+00
1.860374611599130423e-01
6.198891718141569251e-01
1.376700991955423614e+00
3.407542631956784973e+00
1.306786176234214114e+00
1.537759744003652340e+00
3.366041087307779733e+00
2.975689795808775795e+00
4.078182682644818868e+00
1.844446763482745499e+00
4.083535597755328261e+00
8.351731579572219122e-01
2.395727500671184895e+00
1.466812452357743046e+00
1.177904097669820072e+00
4.218391403038658005e+00
4.781340703132997305e+00
1.034506372616494918e+00
1.389756665045277506e+00
2.845843691653267449e+00
2.616671038793676463e+00
1.311882152273972091e+00
4.989154166635459298e+00
1.240646787439274146e+00
3.686204779915520646e+00
4.454950982980471430e+00
2.945732813889898605e+00
1.378173669401079771e+00
3.438311973266137578e+00
4.929795460523546780e+00
4.499336514980175394e+00
1.074346491236187751e+00
4.444524666416080017e+00
2.787828635031608382e-01
1.265102223360197620e+00
3.340028494387715874e+00
9.854385936156601078e-01
2.329521195290665148e+00
3.213136602147617538e+00
6.409502094972674424e-01
2.782240433172916028e+00
9.130932246396816776e-01
4.305663813170911070e+00
1.606890473080778703e+00
1.651269810564449658e+00
4.885714753671277499e-01
3.831068054618896213e+00
2.543943118089051492e+00
1.593715206911140436e+00
1.304236086975838038e+00
3.316762076403545478e-01
2.473930099753568257e+00
1.505238399296005003e-01
3.725194944863563951e+00
3.923128684481488992e+00
1.000497723293816144e+00
1.896503531594597725e+00
3.757155717785379156e+00
1.074251368039500054e+00
3.915381790390213279e+00
4.205697103354587796e+00
3.464199908577115572e+00
2.762798520662229640e-01
4.904024966706653110e+00
4.264920074306722597e+00
9.304567037987876432e-02
3.976182750935223886e+00
3.753933320776347671e+00
1.932348706017494866e-01
1.654219203777221869e+00
8.444563957636042062e-02
1.724875909833223364e-02
2.246088769745322011e+00
3.932887949365697633e+00
1.615361694169920703e+00
4.922942880511257613e+00
2.262413980233551669e+00
3.484524917616860673e+00
3.698086113644621253e+00
2.980076885470737569e+00
1.293374103264113728e+00
3.407845146464794528e+00
3.821662754291679231e+00
4.295242142292162058e+00
4.395002620269409022e+00
1.504358199210467539e+00
4.848015400991990909e+00
3.919843720634968776e+00
3.877823844147699095e+00
2.256173658103318047e+00
4.031846785168252012e+00
4.246925728796551169e+00
2.232506606574080621e+00
2.483223581160915572e+00
3.396081382767979662e+00
6.975472626330891934e-01
7.358136712591761830e-01
1.019420769252937786e-01
2.443407085680762147e+00
2.615105317808358087e+00
1.702089421552255288e-02
4.167109494497704070e+00
3.229358639757775151e+00
