3.718488763177846268e-01
2.529800653416419021e+00
1.979832320518039035e+00
3.510069239020913834e+00
4.254264738169895033e+00
3.456586252619303856e+00
1.118446766059979502e+00
4.396728864094844091e+00
2.760251103853081034e+00
3.863454863427729258e+00
9.322740670924001272e-01
4.955266562372686145e+00
2.768561715667908096e+00
4.341438815691780029e+00
4.123344822165825541e+00
3.441139388365244578e+00
1.959225613139935485e+00
2.838786611811597194e+00
1.359420473367382698e+00
2.498732040755991868e+00
4.570966190369608384e+00
4.029596306388913973e+00
4.873675489958348095e+00
2.202796227049796940e-01
3.962094293024246205e+00
1.770871171939347732e+00
7.879499389865496362e-01
3.223613921001487359e+00
4.294053124066888216e+00
8.504293390574735323e-02
1.736953371162889947e+00
1.126834026002077049e+00
2.542596484737097207e+00
4.912058259486975054e+00
1.352657275506623513e+00
1.095726926346456853e+00
2.413996374769635800e+00
3.953211247838184228e-01
7.933823130535233581e-01
2.217890735404929980e+00
4.518851250047805301e+00
2.812823526028254140e+00
4.361581481587061049e+00
7.425386963940772134e-01
1.461477018650509940e+00
3.889756725360648648e+00
1.853880402440016839e+00
3.816483420308522057e+00
1.202326339186499560e+00
2.810092209648324957e+00
3.469189370836051722e+00
4.450559649708415222e+00
3.906701865457309797e+00
4.391781906685061188e+00
2.230121397447840437e+00
2.900278328694679608e+00
1.861752213378542020e+00
1.400163877907644183e+00
4.989137271113055050e+00
2.391489766756145219e+00
1.799878739953203466e-01
1.657907519795566831e+00
3.554761865787979147e+00
1.478784469293933368e+00
1.218055196047160393e+00
2.009102897688776146e+00
1.331535204136578443e+00
2.217502383488152873e+00
3.800463340256436506e+00
3.044576986338283664e+00
1.511935768175644013e+00
1.186141226053358366e+00
5.572918702015305925e-01
2.277564287680845290e+00
2.442071094050547231e+00
1.858563292073957651e+00
9.668669941693824876e-01
6.297660440634383905e-01
1.085441563008782584e+00
8.533154947650856137e-01
2.667969727515639988e+00
2.882077445393244064e-01
2.152715635288475760e+00
1.946119242699901442e+00
1.732490415291344510e+00
2.031828341991057219e+00
1.031698419589893723e+00
8.725313712295484914e-01
3.091888139095777976e+00
3.705697551430363390e+00
2.563868776242014924e+00
1.647907397129944052e-01
2.998444137239925755e+00
2.047552023856558101e-01
3.321968843070544075e+00
7.808701590705180440e-01
3.074193008902920798e+00
2.964834511544717444e+00
1.434506341663375206e+00
4.001990066815250380e+00
1.814657141785823713e+00
4.556580321895670416e+00
4.924749344500686021e+00
1.906203352525717598e+00
3.195849143183963292e+00
4.815881301110477963e+00
2.679850142624921716e+00
4.808846856168842443e+00
3.942774353382092478e+00
4.670950100274597006e+00
3.299156702599908453e+00
2.854855615457853713e+00
4.206624334196810366e+00
4.371445254931716207e-02
3.407585520325224326e+00
6.352133469430931711e-01
2.005990208478066084e+00
4.827555635157082525e-01
4.305561698894520894e+00
3.492442161413364499e+00
1.223772953845441602e+00
1.353444655921916429e+00
3.885491750320412940e+00
3.134535913623442305e+00
4.435926326759632943e+00
4.747515636027715757e+00
4.383136862130129430e+00
3.893705104625968083e+00
1.730694775831146393e+00
4.397969305040711596e+00
2.415256495764114497e+00
4.644219398981144664e+00
4.246958169734466049e-01
2.423553226106141878e+00
1.762232345524420429e+00
1.074873151212182965e+00
2.035693228121165710e+00
2.188726442412212148e+00
3.960943585582533899e+00
4.675198098987382034e-01
4.246754345943933195e+00
4.398771203123394535e+00
6.005486264309090050e-01
4.080702576792132774e+00
3.871182994758018303e+00
3.382737971073915162e+00
1.523834053566166524e+00
3.567002987041372197e+00
3.148318936740588381e+00
4.373212201887013428e+00
1.260538759198508441e+00
2.470635209618400552e+00
4.082653582428278582e+00
1.181755935480067077e+00
4.421102446155098065e+00
4.756424104267991559e+00
4.362673111699225892e+00
1.416140747413452416e+00
3.981914911262776968e+00
1.630178538457871529e+00
1.466875702060513209e+00
3.507916445791474214e+00
4.802202510744352892e+00
2.206256486758018553e+00
3.837024126975117522e+00
4.578653784921019820e+00
3.040785472292455882e+00
2.577034676032631033e+00
2.396104840781179135e+00
4.598795610696072345e+00
1.340203279971902139e+00
7.731842572083813536e-02
3.598896126850291033e+00
3.536648148623018351e+00
4.848176492305677598e+00
1.338796663935908349e+00
9.862670921881683261e-01
3.542883722556750659e+00
2.388980238570539427e+00
2.962224334805708015e+00
1.949364480464690352e+00
3.358913384475108899e+00
1.043270443701725281e+00
4.302879357031596186e+00
6.197845780176608477e-01
2.072260453733110186e+00
4.751405854730351486e+00
4.136245191711135583e+00
2.025045609935941293e+00
1.076414154416436730e+00
3.468047782128135914e+00
2.877098977315325712e+00
4.624447488823512309e+00
1.674227621848523029e+00
3.558675920224158684e+00
1.235724051068987084e+00
3.716769127733003497e+00
1.845750451049877228e+00
1.192962628262086433e+00
3.706652227966569235e+00
1.412805296207135353e+00
2.316157992157679590e+00
3.392794928510978636e+00
1.856539413174030928e+00
3.156057082671215763e+00
7.735266501823268026e-01
3.387148559279522519e+00
1.270579864027980843e+00
3.369222437021028416e+00
3.590829544308214327e+00
1.144523174630823092e+00
4.101799944586004276e-01
1.461008578201860031e+00
1.615383836100203752e-01
1.819296170274706359e+00
2.741663878596376502e+00
1.980942718486283782e-01
3.072708548368893844e+00
2.352571711264842769e+00
4.959824121432090394e+00
1.828680626215798410e+00
4.478384477991123269e+00
4.822676289649240999e+00
4.587372269964734350e+00
4.739559692210200126e+00
5.199526998949138834e-01
6.297754218493800682e-01
1.726316193152262368e+00
3.263991392701176553e-01
7.370714546309886650e-02
2.427476949328816858e+00
2.927154378056434636e-01
2.003445374279258395e+00
4.644827618290094051e+00
3.265614413493815427e+00
3.557509903441178789e+00
1.750877989404474588e+00
4.770991536167951352e+00
6.750472469370771833e-02
3.428495297627567773e+00
6.509781057513158720e-01
3.464253405253245877e+00
2.886479233835567815e+00
1.364628958694129146e+00
1.762831621455427822e+00
3.033446739688195670e+00
4.667449638450288596e+00
3.650452437148342888e+00
3.567863232734627132e+00
2.555537270911131031e+00
4.024674177107342210e+00
1.319960440610973951e+00
3.820954105584746685e+00
3.651144576816962584e+00
1.406007323257701280e+00
3.136791336036739875e+00
2.353264993934859106e+00
1.994999203084082851e+00
1.088893556215903002e-01
4.959765406692756562e-01
4.343678494394344725e+00
4.151908056608974107e+00
2.531024830834485595e+00
4.801921984183178616e+00
4.890913571352647260e+00
1.087454064124206976e+00
4.651531445447990798e+00
3.591324682567473836e+00
3.592356165906760435e+00
1.283631802880701445e+00
4.528330955427801285e+00
1.622080912091297122e+00
2.545562659271192629e+00
1.460013979062498857e+00
1.993581953846632615e+00
4.565652971207355471e+00
7.705783630258083994e-01
3.357341620290961171e+00
3.735499542646937066e+00
1.828358518573002245e+00
3.789411649267973914e+00
3.375839033783584853e+00
4.946535540492710936e+00
3.027503799137170493e+00
3.111359976759264345e+00
1.640350004042268051e-01
7.287284354643203121e-01
1.135569640699194416e+00
3.846477201864081152e+00
3.230376230804528070e+00
4.276521139441966213e+00
1.491730419609933023e+00
7.981620915688825146e-01
1.509574726379887100e+00
4.537470238444845982e+00
1.981716526400647105e+00
4.895727606513043284e+00
2.211242157065957947e+00
3.948469688669404842e+00
1.668713328555480047e+00
4.874815376851012516e+00
3.427748594301455842e+00
1.486613663168463439e+00
9.525862117078731650e-01
2.317191195617452237e+00
1.758216577930083346e+00
2.826898467951532989e+00
2.134553640317990553e+00
4.438237888563385525e+00
3.719980649303593179e+00
2.073554822707508460e+00
4.332776291327084195e+00
3.867363593271723854e+00
3.690416631366352007e+00
3.445711677268623596e+00
2.443280303578985624e+00
1.693407085082990760e+00
2.519288780200710232e+00
2.062876644565168505e+00
2.390845684733253762e+00
3.742776419309752800e+00
1.633089495391919943e+00
6.893093060912308667e-01
3.229563795584144081e+00
4.832889372338671663e+00
1.551874833679679488e+00
4.581768445139507762e+00
4.635412610944856127e+00
1.885689653837322455e+00
4.689532181605493122e+00
3.023411725421762508e+00
3.529454124676327353e+00
1.748706994467780884e+00
2.512300024159611844e+00
3.463053176701439639e+00
3.922233108315947625e+00
2.425276690382969669e+00
4.533573129626713438e+00
1.504408987092758387e+00
1.461660792182542412e+00
3.600410718835719059e+00
4.561856961614466854e+00
3.906776007682168483e+00
2.418550279059777264e+00
1.406225820208067301e+00
2.889181170143140243e-02
2.154308464765281705e+00
4.576999173162238144e+00
1.465252128389137320e+00
3.697401708922182895e+00
6.030249644422691624e-01
2.556051392545026335e+00
4.887922803784132242e+00
2.997289208644832836e+00
1.642776761120412488e+00
1.817965190557969679e+00
2.879299056400135282e+00
1.261955701787069728e+00
5.664716366742261755e-01
9.606462195105303081e-04
3.725522622527090100e+00
4.912466351760972572e+00
4.799899200741652550e+00
1.435661219090433871e-01
4.503218218688323837e+00
3.575398574254135653e+00
1.760533983855439022e-01
3.473318262335242768e+00
2.911527213429414118e+00
4.630361024094269418e+00
1.358512851404003019e+00
4.165306934228757640e+00
4.839444210340918318e+00
3.324776307394330832e+00
1.357295318975312304e+00
2.644727218482128883e+00
4.582500671512701018e+00
4.918455262231872460e+00
1.549589460582466716e+00
2.574112421811988849e+00
4.502953965956857374e-01
2.360580738235554144e+00
4.441144044062306229e+00
8.385336187939013142e-01
4.166102312334925450e+00
9.120191557206724919e-02
4.530756890260817515e-01
2.527275326741320605e+00
2.457568278224422809e+00
3.662104344324305760e+00
1.800831814726111979e+00
4.250359314729482918e+00
3.247917828428990017e+00
4.090706804879395087e+00
3.816691055184291859e+00
2.876255849813322385e+00
3.377222362445739812e+00
1.570632361450985393e+00
1.934623744017393676e+00
1.361294387788396953e+00
2.531410191014971556e+00
7.058641792418185457e-01
3.814482555765384753e+00
1.317890584522580344e+00
1.930713753401675614e+00
3.465351903269140443e+00
2.057804711092783734e+00
1.389883465015578912e+00
1.426561390543809704e+00
4.186107115589089211e+00
5.018703083890890815e-01
4.958974404397131774e-01
1.410228889781119932e+00
2.110227232406977738e+00
9.444596026788698584e-01
2.958865871672682335e+00
1.351296056308293192e-01
3.154263365616054582e+00
2.883897268009887771e+00
9.803845928335824800e-01
3.170256006058286502e+00
6.439873018073527522e-02
4.771532662560098892e+00
4.504958874518384171e+00
3.696659253300044856e+00
2.485896532455382779e+00
3.736236252524248513e+00
7.619743297144659921e-01
2.677357516702473461e+00
3.405592344618151301e+00
3.028974801236259839e+00
2.469050196357308602e-01
4.555433472432288688e+00
3.636596614910118319e+00
1.562807321791977344e+00
3.874555738318014031e-01
4.175204397112272758e+00
1.830634914048777651e+00
2.181723239919524993e+00
2.885676483522424896e+00
3.479333496446065155e+00
7.122907570926872989e-02
3.610053371427564883e+00
3.971575271800384943e+00
5.828402910682067839e-01
7.606922062395488071e-01
1.942218844901925756e+00
1.664250682284845739e-01
2.599015567289457262e+00
3.984051172229439608e+00
2.369156314580853184e+00
2.460103227070998599e+00
4.542135480817012905e+00
1.351632107926545423e+00
3.502985515259656069e+00
3.130438129824335114e+00
4.175435439578754071e+00
3.194383983569593077e-01
2.951749962950237283e+00
2.679430520356247847e+00
3.452713228902536180e+00
2.808737051570718180e+00
1.361130667615002121e+00
3.147027164288279666e-01
4.024203666743388474e+00
1.602220979193724304e+00
3.770299356287742931e+00
7.633559393536770710e-02
7.690704077105420255e-01
1.317428348522152071e+00
2.900046884403464809e+00
1.604587842160006161e+00
1.432326755132823370e-01
4.603927868515342858e+00
1.456124421507849043e+00
2.579313077428170953e+00
4.118686514664143594e+00
2.876557192986700429e+00
4.981621208416387780e+00
1.994725041527594556e+00
3.381260595391262669e+00
2.367114768525084845e+00
1.685060972810546343e+00
1.478071498145601126e+00
2.253908716891434683e+00
1.924731829081822276e+00
1.817819837127807592e+00
3.991427270366138202e+00
2.651424374863795119e+00
1.535327763291450154e+00
2.451164300417778108e+00
4.070668742512450144e+00
4.376509913441787525e+00
3.761046889757373446e+00
4.818974707347875253e+00
6.491980475146913454e-01
2.221532195200192739e+00
2.412473668069386346e+00
1.460048488690202539e+00
2.374004745223535107e+00
