1.253722021830709465e+00
4.822271563764165769e+00
3.734991373593755881e+00
2.668109827990948979e+00
4.310604694076966226e+00
4.234294635671158602e+00
3.429811934189042066e-01
4.378043578066963093e+00
4.240394186197699034e-01
3.967161237663947126e+00
4.672302058933926361e+00
4.732839631211790632e+00
7.021480081090603065e-01
7.334683300153654884e-01
1.633732820203551706e+00
3.978432599790089341e+00
3.624617102166529659e+00
1.647359556862638019e+00
2.879753430685178639e+00
4.653152908681693845e+00
1.381588854295192181e+00
9.058205070858849073e-01
3.730098194071588935e+00
1.926973252195625541e+00
3.425436279274347129e+00
2.916882328699577087e+00
2.001100337838002119e-01
6.775023973445343239e-01
1.694257468410242495e+00
4.640707052968739976e-01
6.089557717788118829e-01
1.470265218633823867e+00
3.393177173417922354e+00
2.134320965098115863e+00
3.000242783312857320e+00
2.615937084172668126e+00
4.945122506216659275e-01
3.815201207723795562e+00
4.751323197449009328e+00
4.690200801955327847e+00
4.607346845582015682e+00
1.206304271952863827e+00
4.078509637173865165e+00
3.942944205740531949e+00
1.791899565733862776e+00
2.986939163283055976e+00
3.261032576383500636e+00
1.164783043419576725e+00
1.925195170354097485e+00
2.047988124367050133e+00
8.610473754285996595e-01
4.082877812607328849e+00
3.221125789674170736e+00
4.600973645985771299e+00
2.465260814283382729e+00
1.940719831214237079e+00
1.432095836741586581e+00
8.661493286772264932e-01
2.081383825941430565e+00
1.977660325914241568e+00
2.912626037880755803e+00
2.706207416419650347e+00
6.917663737261675605e-01
3.327875744063446106e+00
2.846239299221694274e+00
1.361710457217604198e+00
2.217358236577434916e+00
7.436798597849902936e-02
2.171569341719703061e+00
1.636316420751460221e+00
8.061136878444880027e-01
4.099863595125501803e+00
2.811213110559471762e+00
4.298923613318779147e+00
3.690899740617825664e-01
2.791070326667451695e+00
1.173341858760355461e+00
3.384220943379291135e+00
6.883223546995254072e-01
1.321802778511092402e+00
4.612255753910524447e+00
4.212881284391835734e+00
2.190523041794146586e+00
2.773734182910938539e+00
5.043204724509176007e-01
2.298915043280940207e+00
4.096311617233483027e+00
4.881775371651740691e+00
2.722829978745150648e+00
3.991653594506602509e+00
8.104637334965708595e-01
2.760037682187939101e+00
4.200825790749607158e+00
2.831201191811532070e+00
2.906662975578648389e+00
6.951811773454169563e-01
2.025780444596540164e+00
8.625545088222025258e-01
3.523467556337417150e+00
8.535591810524190137e-01
1.376927584800802240e-01
6.811203347325872626e-01
2.367540158974538844e+00
9.454254225684743940e-01
8.251372669108791857e-01
2.224140569438636916e+00
3.972707369790207110e-01
3.426969660115219973e-01
1.734338913105382129e-01
2.752526371794041360e+00
2.546487057469726256e+00
1.084577932103394371e+00
4.578528797395081895e+00
4.703758077745176180e+00
1.673996707652661176e+00
1.184280186531158741e+00
4.344979265102303145e+00
4.582288798969533339e+00
2.189405011601024853e+00
2.929530599466820817e+00
2.510806800610281719e+00
2.717708515866322116e+00
1.858057781961693244e+00
2.962741685273264203e+00
4.412064001982852979e+00
5.532667975996591325e-01
3.874227992300883106e+00
4.281851596521358161e+00
5.310419126765719700e-02
4.948208334340246317e+00
3.942981362513203969e+00
2.285516914778568776e+00
4.271082388013570430e+00
4.749750878703668633e+00
1.337222782534381871e+00
7.137629869873596267e-02
3.272769260502555788e+00
2.245223470308832070e+00
2.783702806961396714e-01
1.828198974879665650e+00
2.089571723114401536e+00
1.083081082674735018e+00
2.453125346122357886e+00
2.087193671370687120e+00
4.583226170496679686e+00
3.309483973156246428e+00
1.702319617691472331e+00
3.183534519749121827e+00
1.878417645697441074e+00
2.220194552135832389e+00
3.473256488674688391e+00
5.040366483911640216e-01
2.187014843998554170e+00
2.906694194705807810e+00
2.832351334060454473e+00
3.950406971701464487e-01
2.232338768211501456e+00
3.408717391330001734e-01
1.860040961859393827e+00
2.287337572265992325e+00
6.099686329248571459e-01
2.680061738722031350e+00
4.951846183656855027e-01
1.666232510470144312e+00
9.524027776190147065e-01
9.388319869260891570e-01
4.411096621164677600e+00
1.653455591093688337e+00
4.661214479015962198e+00
4.754965599692796197e+00
4.738472145072719632e-01
1.557625578145676037e+00
4.159408842892589497e+00
1.774311163719873186e+00
2.306541139442680466e-01
2.625701916800448288e+00
1.216259913170903983e+00
4.201777051576796040e+00
3.491824519250025460e+00
3.101248240624854269e-01
3.238633248597855285e-01
4.471187591881456314e+00
7.642900566690702391e-01
3.059285171018629068e+00
4.191605548113810364e+00
3.700254447896370813e+00
3.674103980404519465e-02
2.074496906757425929e+00
7.879611708631950595e-01
2.851411215449201286e+00
2.916296717187586651e+00
3.441333092504559765e+00
9.967669233630632730e-01
3.378958696441985765e+00
4.722473608460483696e+00
3.269340815702714842e-01
3.411884645299472663e+00
9.856875918790747315e-01
3.133498662789224731e+00
2.555032422142813342e+00
2.794800057585312025e+00
1.813331418246130866e+00
1.108107241361113715e+00
1.972362973267007824e+00
6.505781716042713381e-01
3.387979517555486986e+00
2.276074361975514826e+00
2.036949891629653564e+00
4.903980058830942346e-01
4.218910287812358106e+00
2.773731580720026901e+00
1.128665335838716643e+00
1.006346359479355801e+00
2.868916938545251316e+00
2.688868834909846628e-01
3.816941304682539116e+00
2.990447829499101928e+00
4.304953356184720858e-01
3.590541929929674581e+00
7.802252554463429135e-01
3.693551810462809559e+00
2.779825734058716247e-01
3.447385841683976881e+00
3.832348889192614294e+00
2.682148736011394252e+00
4.179925107027199438e+00
1.850076410111921588e+00
3.223393916786684521e+00
1.837647365957284507e-01
1.471034069416787826e-02
1.743245991947529605e+00
6.978485339477374927e-01
1.806842126787924219e+00
4.991474152226564875e+00
8.831870588672624534e-01
4.691847368541272267e+00
3.706972135834485371e-02
1.623160490927492150e+00
4.500101869050564751e+00
4.087675491666840522e+00
4.495791311718110528e+00
3.723635234668476901e+00
4.363392309318863127e+00
3.748448176621490990e+00
5.273996966950772469e-01
2.191963001163538927e+00
4.238254691535097152e+00
4.010884434812377108e+00
3.836976020352711014e+00
4.570518914046466818e+00
3.872623552095202815e+00
4.936729726461176249e+00
4.832189975299189255e-01
4.993494615231729661e+00
4.705094594451829870e+00
4.053878492301739911e+00
9.521031390667789029e-01
1.088373092048647184e+00
1.070527256632542557e+00
1.498552643533736628e+00
2.435698100090284424e+00
1.791116910792987404e+00
2.697295304777682201e+00
8.581747893499802604e-01
2.331635324956497612e+00
1.814004782997765020e+00
2.651230114687050499e+00
3.516039100012401164e+00
9.086140125666453127e-01
4.255175471685848976e+00
1.563475161276703496e+00
4.781811659650380797e+00
2.861510119761403015e+00
2.371973136492668388e+00
3.161742203291431075e+00
1.970070088622019044e+00
1.194714045964179183e+00
1.437643847011898401e+00
4.332329990006052789e+00
4.360411710229766591e+00
8.916953704835983707e-01
4.624719769343220932e+00
4.512351960931931805e-01
2.792578279796253948e-01
1.832415921708052675e+00
3.827695131093513226e+00
3.619560018957837411e+00
2.431810711656988921e+00
1.609388997023186274e+00
4.538737328392438819e+00
3.264459688872256127e+00
4.207918669716722349e+00
2.923853213068112300e+00
3.857535682120624365e+00
3.092334254416003070e+00
2.052199797516841784e+00
3.984417263897514161e+00
2.015172817127270921e+00
2.353214528303659847e-01
2.976386230859997539e+00
1.993547697577093825e+00
2.642889215968104111e+00
1.181740569416916964e-01
4.903219036418141386e+00
3.565710156492053251e+00
2.401352001582793161e+00
2.361053753174757741e-01
3.379307402661736681e+00
8.301537089174182427e-01
4.197660254089217169e+00
2.902876627521060016e+00
2.875659560752178656e+00
3.807510408372669630e+00
3.211379410480163621e+00
3.141452440057819651e+00
1.158336568422661639e+00
1.029985109735411353e+00
4.853946299079003879e-01
1.671799323540251070e+00
2.307118855964980675e+00
4.511532849460687444e+00
2.742334574007488257e+00
2.429229043111592823e+00
2.437926432571549284e+00
3.125643046542700532e+00
3.039466486865654460e+00
7.361706522860833601e-02
5.555504202994632212e-01
1.573656020664347954e+00
3.348654804970499388e+00
5.670787767320217831e-02
5.566303402831895841e-01
8.476114398343131962e-01
4.731206366361552007e+00
2.799145362883237453e+00
8.233729284337337750e-01
1.559604558017233522e+00
1.121176714106910222e+00
3.244796212436656946e-01
4.902628201786310314e+00
3.112068943339461047e+00
2.309540003308940381e+00
3.389433603952717977e+00
2.522308332676889364e+00
1.530777360066798432e-01
2.493217010216320695e+00
2.949807178746246539e+00
2.082748122826096893e+00
2.935045918274751031e+00
1.487118439486088572e+00
3.416153268921890973e+00
4.477690398357456303e+00
4.623011671290605529e-01
4.748962999281759245e+00
4.289990552459091333e+00
2.062439560243162884e+00
3.999194378031092345e+00
2.056325081205798710e+00
3.704827655316581314e+00
2.369892337434942764e+00
4.552062854607797249e+00
1.190782809087580496e+00
4.750346083453915735e-01
4.473998941561522891e+00
2.792288381800062114e-01
1.871905514386584368e+00
2.354954006542314016e+00
3.476081197133531475e+00
2.223773472858299627e+00
6.844481997312240606e-01
3.299927893726377182e+00
1.853552756233893373e+00
3.610655875980395280e-01
3.018635651987080948e+00
1.762769416662824939e+00
3.472679331441792083e+00
4.158698139970656626e+00
2.627313663262417442e+00
1.929033163889146252e+00
1.093371220041911673e+00
2.106392618495486424e+00
4.792636067863477400e+00
4.213132439335208090e+00
1.553713439183734835e-01
9.699146672175118500e-01
3.816170847019557666e+00
2.621153217589982098e+00
1.370699315561365594e+00
1.067364824631400921e+00
3.536417986055750973e-02
6.054480757496066845e-01
6.326907847158469433e-01
1.424691714871406223e+00
2.316578417149482316e+00
1.057343176613715352e+00
1.951431302092947906e+00
3.638702004311067828e+00
4.513776633060802901e+00
1.918604716222484630e+00
3.719769172082316278e+00
4.043731945349810175e+00
5.995841652075578621e-01
3.612279034235269748e+00
2.745460142798360259e+00
2.459886331144185867e+00
2.693090281046016443e+00
9.682819881949572549e-01
1.732235239578519437e+00
2.587184225965748485e+00
1.622787167959194754e+00
3.712285093122519308e-01
9.574515057933807860e-01
3.768339766783070033e+00
4.651190137963811644e+00
2.903989638010961993e+00
4.215000650577962915e+00
4.330513285591964134e+00
5.318627270356413028e-01
1.169987181298287604e-01
7.074950706946192547e-02
2.712663963017898361e+00
2.718737345417348017e+00
2.746583188493028516e+00
2.603346312039773736e+00
1.796580518130787674e+00
3.856812725287706467e+00
1.091227644058115231e+00
3.434899337255052032e+00
3.775579614840812059e+00
1.384269275629119722e+00
5.028310498045268639e-01
1.187464533885466134e+00
4.887890193384563986e+00
3.523591820944989461e+00
4.424203516073205833e+00
4.917700655345541350e+00
2.377784913961376034e+00
4.443682311306509369e+00
3.671962138436167145e+00
3.941727604161038290e+00
4.081428477426868318e-01
3.117151531569293699e+00
4.083324206889383134e+00
3.778206775524128869e+00
6.240069779194429289e-01
1.639160091490104998e+00
1.892602156947476022e+00
4.221839268584683502e+00
2.761305918684182181e+00
2.726141189417861987e+00
4.445446487542944247e+00
1.199225062300974365e+00
8.862511387356963866e-01
4.713320856625524691e+00
7.658799806122762455e-01
2.143134364920315171e+00
9.180379817729739100e-01
1.421480580089714563e+00
4.349026698315637596e+00
2.340120748124671746e+00
4.951331493060924238e+00
4.425657113893818106e+00
3.055715330482213776e+00
1.735923765099139926e+00
4.490438709078937052e+00
2.841358234202552957e+00
1.602768956672768752e+00
4.003612684598836680e+00
2.577323487598361940e+00
4.463427412296256058e+00
4.473217369405931620e+00
4.547838030041104318e+00
3.838346564557937324e-01
2.495295549855001127e+00
7.705454505800696241e-01
3.504683863049147696e+00
6.978993036428499108e-01
4.452831321313300172e+00
3.653137798658581126e+00
4.197413805734434789e+00
3.428462985109712591e+00
1.605309189587690977e+00
2.178429884011357842e+00
1.605072364779748240e+00
4.313313399861639752e+00
1.772368207177894561e+00
2.771640997973489728e+00
5.430868112587033947e-01
1.173233656487936427e+00
3.102180319049700152e+00
4.737858703110664482e-02
4.220171344142304548e+00
4.871455797036194468e+00
1.013733243267361139e+00
4.312897354074335388e-01
4.995252285714906648e+00
4.907811720912597098e-01
4.284692654239893983e+00
8.728480002991700903e-01
1.036076005299164660e+00
