# ResID Deuterated fraction, Times /
1 5	 0.25045  0.25266  0.27554  0.37365  0.44668
1 6	 0.20038  0.20225  0.22159  0.30578  0.37082
1 8	 0.14357  0.14709  0.18285  0.32333  0.41565
3 17	 0.03681  0.10053  0.23314  0.42155  0.51807
6 10	 0.00119  0.00711  0.06749  0.31252  0.48632
6 17	 0.04682  0.12782  0.29547  0.52914  0.64489
6 19	 0.03966  0.10841  0.25253  0.46212  0.57283
7 14	 0.07319  0.19852  0.44170  0.71651  0.81997
9 17	 0.06392  0.17300  0.38038  0.61166  0.71124
11 16	 0.01509  0.08189  0.39405  0.70248  0.80714
15 20	 0.00051  0.00304  0.02979  0.15928  0.28071
16 25	 0.00470  0.02715  0.19477  0.43195  0.51903
18 24	 0.00502  0.02894  0.20287  0.45151  0.55096
19 25	 0.00692  0.04001  0.28504  0.60707  0.70091
19 29	 0.07576  0.19992  0.37546  0.58880  0.66535
21 25	 0.00509  0.02980  0.23476  0.57185  0.65513
25 35	 0.24401  0.46463  0.60794  0.67139  0.72513
27 38	 0.24007  0.49651  0.71872  0.83906  0.88609
37 41	 0.34847  0.52572  0.67275  0.79574  0.83376
42 49	 0.22456  0.40868  0.71320  0.78177  0.82319
43 48	 0.30432  0.51856  0.79090  0.80959  0.81871
45 49	 0.24956  0.33507  0.51949  0.61809  0.69058
49 56	 0.03409  0.14081  0.39330  0.67053  0.76756
50 56	 0.03747  0.15099  0.36481  0.61676  0.72883
50 58	 0.02819  0.11378  0.27889  0.49263  0.60311
57 66	 0.00225  0.01302  0.09227  0.20798  0.28021
60 68	 0.00259  0.01494  0.10606  0.24066  0.32472
67 76	 0.13351  0.28354  0.45674  0.68392  0.78717
67 77	 0.15067  0.34860  0.51710  0.71904  0.81082
69 74	 0.24001  0.43976  0.59011  0.83182  0.93097
78 90	 0.28661  0.55397  0.81096  0.86345  0.89318
82 92	 0.18794  0.40196  0.73123  0.82165  0.85389
94 107	 0.03992  0.16303  0.51668  0.72996  0.77404
95 107	 0.03745  0.14693  0.47416  0.70541  0.75350
97 108	 0.03906  0.14955  0.45270  0.70170  0.77064
108 114	 0.08523  0.28865  0.50935  0.56129  0.60798
108 115	 0.07330  0.24885  0.45029  0.54596  0.62140
109 115	 0.08535  0.28938  0.51606  0.58849  0.64213
110 115	 0.08720  0.27173  0.42102  0.50618  0.57055
115 124	 0.01479  0.07662  0.31965  0.57336  0.68226
116 123	 0.01687  0.08575  0.31481  0.56295  0.67989
116 124	 0.01456  0.07407  0.27539  0.51279  0.63686
151 157	 0.00437  0.02546  0.19589  0.56224  0.75072
152 157	 0.00500  0.02906  0.22062  0.60225  0.78223
152 158	 0.00460  0.02680  0.20800  0.60337  0.79304
158 170	 0.20480  0.31835  0.46809  0.55102  0.60248
160 169	 0.30712  0.47706  0.69753  0.79984  0.85250
174 187	 0.07444  0.18964  0.38454  0.58974  0.64962
175 187	 0.07946  0.19687  0.35692  0.55252  0.61777
179 187	 0.00380  0.02221  0.17320  0.43390  0.53071
188 194	 0.02295  0.11762  0.42858  0.54910  0.58927
189 194	 0.02753  0.14108  0.51363  0.65497  0.69932
190 194	 0.03439  0.17617  0.64023  0.80805  0.85327
195 200	 0.07978  0.29064  0.67584  0.81922  0.86930
195 203	 0.04565  0.16645  0.38990  0.48953  0.53778
195 207	 0.12058  0.27519  0.58568  0.67515  0.70586
195 208	 0.11068  0.25314  0.54534  0.65842  0.70734
196 201	 0.01465  0.08173  0.42645  0.57283  0.62646
201 208	 0.14414  0.26785  0.54833  0.65854  0.71176
202 208	 0.16815  0.31241  0.63892  0.76354  0.82101
204 208	 0.24333  0.41977  0.73283  0.86858  0.93093
209 213	 0.00433  0.02485  0.16251  0.25222  0.25537
209 219	 0.11665  0.18342  0.35331  0.40352  0.40740
209 220	 0.10646  0.16919  0.34291  0.44007  0.45783
209 223	 0.09168  0.17555  0.43412  0.55625  0.57381
214 218	 0.25656  0.29768  0.47042  0.50388  0.50773
214 219	 0.22982  0.34692  0.57626  0.60310  0.60618
220 229	 0.28900  0.43814  0.75992  0.90350  0.92769
220 230	 0.26098  0.39945  0.72481  0.90888  0.93474
221 225	 0.39153  0.57769  0.83700  0.98668  0.99929
224 231	 0.28464  0.34515  0.56805  0.76128  0.81272
225 229	 0.24587  0.34035  0.63341  0.79619  0.83801
226 231	 0.01538  0.08321  0.39527  0.66580  0.73781
230 244	 0.01314  0.06703  0.27803  0.51172  0.60303
231 238	 0.00281  0.01655  0.13854  0.41142  0.50673
232 238	 0.00225  0.01326  0.11009  0.33143  0.42649
245 251	 0.14262  0.36279  0.66050  0.88638  0.95546
263 275	 0.29148  0.49941  0.77836  0.92543  0.93937
267 274	 0.43381  0.65909  0.83309  0.87823  0.89622
270 276	 0.37673  0.52870  0.76414  0.85672  0.87891
274 287	 0.04839  0.19999  0.54883  0.85205  0.92586
274 288	 0.04477  0.18522  0.51252  0.81583  0.90210
277 285	 0.05939  0.23050  0.54631  0.81146  0.89889
278 288	 0.04900  0.19553  0.54204  0.84400  0.91322
289 294	 0.23715  0.38972  0.77317  0.92996  0.97547
289 298	 0.22256  0.39167  0.72307  0.88779  0.93889
290 299	 0.22025  0.37915  0.67788  0.88417  0.93877
291 298	 0.26245  0.39639  0.66663  0.85574  0.92142
295 302	 0.02198  0.10969  0.44257  0.78057  0.84520
300 306	 0.00588  0.03444  0.27594  0.72425  0.84328
300 310	 0.05690  0.18092  0.37661  0.68908  0.79453
301 310	 0.06204  0.19415  0.36602  0.65694  0.77175
303 307	 0.00312  0.01848  0.16449  0.58066  0.74016
303 310	 0.07798  0.23923  0.39288  0.68044  0.80679
