# ResID Deuterated fraction, Times /
1 5	 0.20984  0.21751  0.29762  0.38046  0.45408
1 6	 0.20811  0.18997  0.22945  0.29746  0.36958
1 8	 0.16459  0.12330  0.20491  0.35208  0.43811
3 17	 0.02774  0.11802  0.23861  0.41448  0.55397
6 10	 0.02809  0.05216  0.06953  0.29125  0.47619
6 17	 0.06597  0.15665  0.28966  0.57260  0.68643
6 19	 0.03121  0.17039  0.26324  0.47493  0.56840
7 14	 0.09337  0.21668  0.41782  0.71843  0.81809
9 17	 0.06022  0.22103  0.37094  0.60808  0.71528
11 16	 0.00015  0.09847  0.41689  0.70482  0.78217
15 20	 0.00353  0.00000  0.06886  0.13353  0.28102
16 25	 0.01768  0.03214  0.22472  0.43726  0.52916
18 24	 0.00811  0.00000  0.16808  0.41760  0.54659
19 25	 0.00458  0.03515  0.24432  0.62730  0.69655
19 29	 0.01752  0.23287  0.41123  0.57816  0.66169
21 25	 0.01630  0.03877  0.22289  0.56564  0.66711
25 35	 0.26425  0.45881  0.63203  0.67181  0.71758
27 38	 0.21378  0.48182  0.76463  0.83140  0.88911
37 41	 0.32564  0.51494  0.69499  0.77724  0.86993
42 49	 0.21989  0.40935  0.70702  0.75521  0.82834
43 48	 0.31863  0.50197  0.79431  0.80739  0.81406
45 49	 0.25350  0.30317  0.54609  0.60145  0.67748
49 56	 0.03564  0.14573  0.43357  0.66914  0.75375
50 56	 0.04381  0.17153  0.36866  0.63271  0.75609
50 58	 0.04570  0.07970  0.27037  0.46370  0.55433
57 66	 0.00000  0.02414  0.10236  0.19228  0.24837
60 68	 0.00009  0.02050  0.13187  0.24052  0.30052
67 76	 0.13186  0.25567  0.44085  0.66082  0.79879
67 77	 0.10788  0.36316  0.50977  0.69485  0.81244
69 74	 0.22363  0.45319  0.59152  0.83837  0.94274
78 90	 0.34257  0.56712  0.78757  0.89784  0.93625
82 92	 0.18252  0.40206  0.71217  0.80423  0.85104
94 107	 0.02897  0.18076  0.53179  0.75206  0.74546
95 107	 0.05813  0.12304  0.47728  0.71013  0.73578
97 108	 0.02083  0.17966  0.45092  0.72759  0.76887
108 114	 0.06875  0.29831  0.51206  0.56425  0.62288
108 115	 0.05761  0.24192  0.47501  0.52982  0.64446
109 115	 0.08368  0.30077  0.50621  0.56397  0.64598
110 115	 0.06350  0.24735  0.38829  0.50627  0.60169
115 124	 0.03514  0.06988  0.31145  0.56481  0.70022
116 123	 0.03154  0.05689  0.33284  0.54864  0.67899
116 124	 0.00269  0.10026  0.26590  0.52486  0.63141
151 157	 0.00000  0.04016  0.19574  0.55884  0.75593
152 157	 0.02457  0.02656  0.20962  0.59345  0.78890
152 158	 0.00000  0.02728  0.19896  0.60566  0.81087
158 170	 0.22116  0.30498  0.47012  0.56554  0.62411
160 169	 0.28009  0.45125  0.69450  0.77662  0.83365
174 187	 0.10034  0.17214  0.39003  0.60352  0.62792
175 187	 0.04801  0.22021  0.37225  0.55953  0.63321
179 187	 0.00223  0.01783  0.18061  0.44810  0.55129
188 194	 0.01398  0.11379  0.42452  0.53490  0.56562
189 194	 0.03709  0.14651  0.50417  0.64847  0.70692
190 194	 0.02806  0.19819  0.62781  0.78424  0.85801
195 200	 0.11153  0.32602  0.66184  0.81998  0.88458
195 203	 0.04166  0.14638  0.41475  0.49331  0.53380
195 207	 0.15456  0.27342  0.57519  0.69601  0.71122
195 208	 0.10886  0.22344  0.56950  0.67673  0.71636
196 201	 0.05704  0.06426  0.43264  0.57152  0.66111
201 208	 0.12616  0.32619  0.55905  0.67559  0.66844
202 208	 0.18347  0.29944  0.63122  0.74173  0.80722
204 208	 0.26462  0.42067  0.73899  0.83486  0.95418
209 213	 0.01088  0.00453  0.17243  0.20372  0.26657
209 219	 0.11269  0.19765  0.31511  0.37008  0.39696
209 220	 0.08831  0.14569  0.36471  0.42605  0.46629
209 223	 0.10730  0.17972  0.43656  0.56034  0.55942
214 218	 0.28839  0.31079  0.49196  0.48138  0.48350
214 219	 0.18751  0.38034  0.59262  0.58752  0.60757
220 229	 0.27396  0.40800  0.75950  0.89807  0.93540
220 230	 0.29030  0.41591  0.71326  0.92053  0.93186
221 225	 0.39908  0.54822  0.88459  1.00000  0.98660
224 231	 0.28920  0.32992  0.56611  0.78989  0.80732
225 229	 0.25097  0.28680  0.64583  0.80182  0.81333
226 231	 0.04548  0.09118  0.37468  0.65631  0.74845
230 244	 0.00280  0.02611  0.23883  0.49906  0.62962
231 238	 0.00000  0.03931  0.13145  0.40353  0.50935
232 238	 0.00948  0.00122  0.10648  0.33142  0.47344
245 251	 0.13501  0.33965  0.66744  0.87989  0.97796
263 275	 0.25414  0.49754  0.77091  0.94312  0.92100
267 274	 0.42358  0.64639  0.87822  0.85086  0.88628
270 276	 0.38625  0.56147  0.78999  0.86473  0.89177
274 287	 0.06727  0.21149  0.53578  0.87981  0.93117
274 288	 0.04293  0.16363  0.52625  0.83229  0.84987
277 285	 0.06460  0.27090  0.54887  0.78671  0.88477
278 288	 0.06815  0.20764  0.54033  0.79394  0.92952
289 294	 0.21683  0.38653  0.77265  0.91613  0.95121
289 298	 0.21818  0.35928  0.73037  0.90154  0.93796
290 299	 0.22620  0.40478  0.69444  0.88074  0.94125
291 298	 0.26925  0.42247  0.70043  0.82403  0.93418
295 302	 0.00596  0.09946  0.48153  0.77447  0.81882
300 306	 0.02324  0.05670  0.24547  0.72530  0.82291
300 310	 0.06148  0.20971  0.36627  0.67463  0.77008
301 310	 0.06688  0.22376  0.37564  0.66051  0.77253
303 307	 0.00000  0.00148  0.15416  0.57119  0.73741
303 310	 0.10741  0.27691  0.37669  0.70239  0.81762
