# ResID Deuterated fraction, Times /
1 5	 0.24004  0.24839  0.27997  0.34705  0.46018
1 6	 0.17813  0.17682  0.21212  0.31425  0.36658
1 8	 0.13367  0.21408  0.19195  0.31154  0.39761
3 17	 0.05605  0.09756  0.23606  0.41108  0.53033
6 10	 0.00000  0.02617  0.06318  0.32028  0.44539
6 17	 0.05147  0.14957  0.26953  0.53397  0.64804
6 19	 0.02787  0.12379  0.26480  0.46663  0.56264
7 14	 0.10102  0.22892  0.47018  0.71397  0.80992
9 17	 0.04548  0.15013  0.36346  0.59990  0.69566
11 16	 0.00060  0.07783  0.38175  0.70168  0.80739
15 20	 0.00000  0.03910  0.00301  0.15370  0.28244
16 25	 0.00000  0.03041  0.19377  0.46593  0.49206
18 24	 0.02715  0.03449  0.21871  0.45768  0.55141
19 25	 0.00000  0.06500  0.29065  0.59011  0.68978
19 29	 0.06357  0.19488  0.38975  0.57906  0.63344
21 25	 0.03072  0.04431  0.22228  0.56707  0.64549
25 35	 0.26112  0.47145  0.59572  0.67143  0.72092
27 38	 0.24043  0.52335  0.76145  0.83115  0.88217
37 41	 0.34345  0.51251  0.66436  0.78534  0.81586
42 49	 0.23980  0.39628  0.70448  0.77903  0.83434
43 48	 0.31010  0.52924  0.76760  0.80429  0.80851
45 49	 0.25130  0.34893  0.53220  0.61082  0.67915
49 56	 0.00000  0.16528  0.41255  0.66052  0.77252
50 56	 0.06385  0.15162  0.32989  0.63857  0.75184
50 58	 0.05309  0.07920  0.27496  0.51860  0.61423
57 66	 0.00000  0.00047  0.11253  0.20507  0.28365
60 68	 0.02077  0.01295  0.10623  0.24205  0.32437
67 76	 0.13013  0.27541  0.45359  0.67814  0.81336
67 77	 0.19623  0.36366  0.50795  0.74812  0.77972
69 74	 0.25453  0.45422  0.59020  0.81864  0.90515
78 90	 0.31873  0.54881  0.83298  0.85459  0.92681
82 92	 0.18477  0.38439  0.73380  0.81179  0.83683
94 107	 0.03002  0.17562  0.52071  0.75400  0.77350
95 107	 0.06798  0.15333  0.44711  0.70643  0.76294
97 108	 0.08433  0.14479  0.45227  0.70108  0.78734
108 114	 0.06090  0.31302  0.51078  0.53795  0.56826
108 115	 0.09519  0.23660  0.41788  0.55038  0.59473
109 115	 0.06596  0.31444  0.53679  0.58677  0.65561
110 115	 0.09225  0.26669  0.40811  0.46694  0.57713
115 124	 0.01940  0.07185  0.30302  0.56881  0.67713
116 123	 0.02707  0.09193  0.34034  0.57202  0.68642
116 124	 0.00000  0.08027  0.28165  0.53515  0.67407
151 157	 0.00000  0.06474  0.18551  0.55907  0.75625
152 157	 0.01644  0.04893  0.24447  0.56490  0.78318
152 158	 0.00667  0.02260  0.23832  0.62305  0.77599
158 170	 0.19214  0.35972  0.45599  0.54400  0.63625
160 169	 0.28818  0.45381  0.68003  0.78860  0.88117
174 187	 0.06984  0.22380  0.33956  0.57519  0.63392
175 187	 0.09020  0.19132  0.36946  0.55881  0.58099
179 187	 0.02630  0.02021  0.17994  0.44111  0.54417
188 194	 0.03497  0.11739  0.42362  0.54502  0.58416
189 194	 0.01189  0.14859  0.49910  0.65764  0.69739
190 194	 0.02385  0.19250  0.66648  0.81757  0.85272
195 200	 0.11173  0.31650  0.69120  0.81891  0.88845
195 203	 0.06217  0.15716  0.38815  0.46565  0.53237
195 207	 0.11974  0.27388  0.54957  0.69870  0.70193
195 208	 0.12044  0.26002  0.52256  0.68345  0.69342
196 201	 0.00000  0.05904  0.43007  0.53998  0.62842
201 208	 0.09821  0.25170  0.57408  0.65158  0.70865
202 208	 0.13555  0.31383  0.64270  0.76954  0.79759
204 208	 0.23856  0.41228  0.75460  0.84091  0.94010
209 213	 0.00000  0.03718  0.16322  0.23207  0.28932
209 219	 0.15487  0.16138  0.35040  0.40575  0.40299
209 220	 0.10630  0.14368  0.35288  0.40999  0.47779
209 223	 0.08029  0.16626  0.42244  0.54215  0.56266
214 218	 0.22852  0.29737  0.47055  0.53227  0.51187
214 219	 0.25564  0.32029  0.53347  0.60671  0.61725
220 229	 0.30157  0.45872  0.79194  0.87230  0.92365
220 230	 0.24069  0.37864  0.74907  0.89881  0.93463
221 225	 0.33755  0.57438  0.82632  0.98259  0.98547
224 231	 0.25902  0.36721  0.55525  0.72948  0.83433
225 229	 0.22897  0.34353  0.65363  0.80090  0.84465
226 231	 0.01597  0.10393  0.42505  0.66556  0.71082
230 244	 0.01984  0.05567  0.28720  0.50885  0.57584
231 238	 0.00000  0.02842  0.16464  0.42925  0.47739
232 238	 0.02759  0.04097  0.10632  0.33370  0.39389
245 251	 0.14140  0.34301  0.67485  0.88902  0.97940
263 275	 0.29603  0.51563  0.77375  0.89269  0.94781
267 274	 0.42408  0.69471  0.84755  0.89185  0.89705
270 276	 0.38376  0.56620  0.73761  0.88710  0.90541
274 287	 0.07307  0.20535  0.55876  0.83569  0.88153
274 288	 0.03482  0.15877  0.49779  0.82510  0.89717
277 285	 0.04569  0.23583  0.58655  0.80145  0.86951
278 288	 0.02715  0.20556  0.54947  0.86231  0.94466
289 294	 0.24146  0.38820  0.78314  0.93330  0.93405
289 298	 0.18520  0.40618  0.72814  0.88608  0.93265
290 299	 0.21414  0.40309  0.67839  0.90175  0.94228
291 298	 0.25992  0.39851  0.64635  0.87080  0.91871
295 302	 0.00440  0.13355  0.44463  0.76974  0.83131
300 306	 0.00615  0.02387  0.27479  0.73050  0.85058
300 310	 0.07917  0.18417  0.37717  0.69772  0.77320
301 310	 0.06028  0.18494  0.41045  0.69541  0.76261
303 307	 0.00989  0.03392  0.17392  0.57039  0.72658
303 310	 0.07152  0.28583  0.42936  0.65216  0.80956
