# ResID Deuterated fraction, Times /
1 5	 0.28500  0.27571  0.24859  0.40837  0.46613
1 6	 0.20473  0.23478  0.19663  0.31258  0.37069
1 8	 0.12094  0.12514  0.18131  0.39526  0.47835
3 17	 0.07971  0.07707  0.23049  0.40452  0.52241
6 10	 0.03282  0.00791  0.07185  0.30963  0.50193
6 17	 0.07341  0.13103  0.29166  0.53481  0.65166
6 19	 0.04285  0.06755  0.23906  0.47708  0.59430
7 14	 0.06910  0.19776  0.45320  0.71404  0.82325
9 17	 0.08226  0.17349  0.40389  0.62278  0.71480
11 16	 0.02809  0.08537  0.36886  0.73298  0.80535
15 20	 0.00141  0.00000  0.03642  0.16432  0.30203
16 25	 0.02400  0.02173  0.21957  0.43257  0.53277
18 24	 0.01054  0.00000  0.18894  0.46563  0.55686
19 25	 0.00628  0.01610  0.29774  0.60922  0.71854
19 29	 0.09171  0.17222  0.38645  0.59627  0.67477
21 25	 0.01098  0.03540  0.21563  0.61165  0.64383
25 35	 0.23040  0.45813  0.58604  0.67560  0.74971
27 38	 0.24656  0.49059  0.68271  0.85907  0.93542
37 41	 0.36970  0.51619  0.66516  0.81901  0.85710
42 49	 0.21897  0.38869  0.70618  0.78256  0.82251
43 48	 0.27781  0.52641  0.81753  0.78912  0.83306
45 49	 0.25039  0.30684  0.53439  0.61118  0.71131
49 56	 0.02086  0.15544  0.39947  0.67372  0.76166
50 56	 0.00632  0.12003  0.37290  0.63351  0.74743
50 58	 0.01325  0.10893  0.26447  0.44078  0.57955
57 66	 0.00000  0.00706  0.09114  0.22777  0.26914
60 68	 0.00673  0.00000  0.12671  0.23845  0.37960
67 76	 0.08684  0.28529  0.44858  0.67739  0.75423
67 77	 0.14811  0.33720  0.53905  0.72415  0.83016
69 74	 0.25569  0.45181  0.58980  0.82913  0.90825
78 90	 0.29670  0.55627  0.82593  0.81746  0.87814
82 92	 0.21872  0.40070  0.71362  0.83919  0.83094
94 107	 0.03170  0.14824  0.53438  0.74311  0.75618
95 107	 0.07514  0.12335  0.45991  0.70646  0.75606
97 108	 0.05741  0.14756  0.50488  0.73206  0.75252
108 114	 0.04900  0.30323  0.50215  0.55300  0.63584
108 115	 0.05322  0.23756  0.45672  0.54819  0.63968
109 115	 0.10478  0.29760  0.56388  0.58134  0.65818
110 115	 0.11708  0.25513  0.43741  0.47685  0.57926
115 124	 0.00000  0.05701  0.33071  0.57690  0.68382
116 123	 0.00561  0.09540  0.33868  0.54352  0.66805
116 124	 0.04086  0.10540  0.22635  0.49527  0.62284
151 157	 0.00000  0.00000  0.21144  0.57393  0.75900
152 157	 0.00701  0.06667  0.20311  0.58051  0.79451
152 158	 0.00000  0.02288  0.21222  0.62838  0.78224
158 170	 0.18614  0.35881  0.48325  0.52859  0.60962
160 169	 0.30294  0.49501  0.66013  0.83998  0.85862
174 187	 0.05165  0.21139  0.35397  0.59156  0.63400
175 187	 0.07006  0.22578  0.38841  0.57662  0.66792
179 187	 0.00000  0.01496  0.15333  0.42802  0.54753
188 194	 0.08806  0.12007  0.43177  0.57736  0.55955
189 194	 0.02494  0.14979  0.55557  0.65364  0.70939
190 194	 0.03909  0.15373  0.66336  0.81685  0.87495
195 200	 0.11548  0.30754  0.67555  0.81306  0.89045
195 203	 0.07221  0.16514  0.36170  0.47868  0.55368
195 207	 0.10233  0.23900  0.57823  0.65505  0.68324
195 208	 0.13978  0.29231  0.51247  0.66308  0.70847
196 201	 0.00000  0.08678  0.42982  0.56823  0.61118
201 208	 0.15114  0.27363  0.54664  0.66573  0.73769
202 208	 0.17034  0.29766  0.64224  0.76769  0.82143
204 208	 0.27027  0.42365  0.74592  0.87458  0.90516
209 213	 0.03457  0.02734  0.15760  0.26844  0.27219
209 219	 0.10634  0.15789  0.33893  0.41847  0.40259
209 220	 0.05673  0.19323  0.34047  0.43525  0.45224
209 223	 0.09352  0.18323  0.46111  0.55966  0.59225
214 218	 0.24564  0.28569  0.46584  0.53599  0.51299
214 219	 0.22138  0.35627  0.55383  0.58840  0.59004
220 229	 0.29400  0.45210  0.75897  0.88637  0.92366
220 230	 0.25484  0.41173  0.69268  0.88242  0.93970
221 225	 0.41299  0.59414  0.83225  0.98378  1.00000
224 231	 0.31186  0.33212  0.56958  0.76422  0.81377
225 229	 0.25735  0.36116  0.61315  0.74995  0.85402
226 231	 0.00472  0.05658  0.41215  0.63789  0.76432
230 244	 0.01993  0.02792  0.30113  0.49723  0.60343
231 238	 0.00344  0.00545  0.15381  0.43628  0.48689
232 238	 0.00000  0.00000  0.10317  0.31593  0.43434
245 251	 0.15889  0.33907  0.64817  0.91067  0.95494
263 275	 0.29804  0.47981  0.79378  0.94735  0.91895
267 274	 0.43423  0.64415  0.84941  0.84583  0.92251
270 276	 0.41779  0.51243  0.76818  0.85394  0.86669
274 287	 0.05333  0.18492  0.56502  0.86069  0.93133
274 288	 0.04172  0.19115  0.52105  0.86495  0.93846
277 285	 0.06171  0.22650  0.51605  0.81800  0.87832
278 288	 0.05137  0.23947  0.52444  0.86120  0.92208
289 294	 0.24885  0.39415  0.79538  0.90235  0.99297
289 298	 0.23410  0.38029  0.72291  0.88954  0.92276
290 299	 0.21608  0.38564  0.65503  0.87818  0.93649
291 298	 0.27805  0.40037  0.67568  0.83337  0.90930
295 302	 0.04839  0.12337  0.44375  0.77319  0.88866
300 306	 0.02020  0.03911  0.26258  0.74445  0.82148
300 310	 0.07245  0.20142  0.37428  0.67158  0.79480
301 310	 0.05348  0.15427  0.36123  0.68559  0.76488
303 307	 0.00183  0.02504  0.12958  0.57611  0.74294
303 310	 0.06272  0.20445  0.39511  0.66856  0.79920
