# ResID Deuterated fraction, Times /
1 5	 0.28504  0.27595  0.25076  0.41651  0.47574
1 6	 0.20476  0.23497  0.19847  0.31968  0.37953
1 8	 0.12100  0.12552  0.18464  0.40601  0.48992
3 17	 0.08219  0.08016  0.23749  0.41578  0.53493
6 10	 0.03293  0.00854  0.07749  0.32914  0.52493
6 17	 0.07658  0.13495  0.30047  0.54850  0.66636
6 19	 0.04553  0.07089  0.24674  0.48987  0.60887
7 14	 0.07404  0.20372  0.46511  0.72735  0.83500
9 17	 0.08657  0.17864  0.41386  0.63474  0.72736
11 16	 0.02941  0.09176  0.38355  0.74648  0.81742
15 20	 0.00145  0.00000  0.03900  0.17648  0.32061
16 25	 0.02441  0.02404  0.23086  0.44271  0.54469
18 24	 0.01098  0.00188  0.20039  0.47735  0.56996
19 25	 0.00689  0.01951  0.31405  0.62099  0.73026
19 29	 0.09674  0.17761  0.39662  0.60529  0.68502
21 25	 0.01144  0.03797  0.23096  0.62304  0.65359
25 35	 0.23979  0.46701  0.58845  0.68102  0.75785
27 38	 0.25655  0.50236  0.68890  0.86486  0.94105
37 41	 0.38526  0.51864  0.67369  0.82286  0.86304
42 49	 0.22726  0.39886  0.71111  0.78710  0.82807
43 48	 0.28854  0.53659  0.82059  0.78995  0.83465
45 49	 0.25541  0.31294  0.53780  0.61914  0.72105
49 56	 0.02361  0.16288  0.41268  0.68643  0.77195
50 56	 0.00933  0.12758  0.38314  0.64793  0.75943
50 58	 0.01552  0.11463  0.27261  0.45408  0.59292
57 66	 0.00000  0.00817  0.09636  0.23477  0.28088
60 68	 0.00695  0.00000  0.13273  0.24663  0.39317
67 76	 0.09342  0.29351  0.45512  0.69109  0.76514
67 77	 0.15629  0.34690  0.54486  0.73632  0.83985
69 74	 0.26658  0.46021  0.59686  0.84300  0.91756
78 90	 0.30798  0.56899  0.82824  0.82107  0.88160
82 92	 0.22467  0.41503  0.71903  0.84281  0.83543
94 107	 0.03487  0.15728  0.54949  0.74835  0.76211
95 107	 0.07808  0.13102  0.47595  0.71218  0.76253
97 108	 0.06045  0.15501  0.52003  0.74010  0.76175
108 114	 0.05539  0.31491  0.50390  0.55768  0.64297
108 115	 0.05871  0.24769  0.45937  0.55630  0.65014
109 115	 0.11118  0.30933  0.56618  0.58723  0.66540
110 115	 0.12346  0.26407  0.43956  0.48393  0.58793
115 124	 0.00000  0.06263  0.34248  0.58940  0.69826
116 123	 0.00706  0.10151  0.34858  0.55724  0.68301
116 124	 0.04211  0.11068  0.23533  0.50939  0.63936
151 157	 0.00000  0.00000  0.22415  0.59653  0.78160
152 157	 0.00745  0.06916  0.21713  0.60263  0.81536
152 158	 0.00000  0.02519  0.22587  0.65204  0.80354
158 170	 0.19111  0.36518  0.48569  0.53457  0.61629
160 169	 0.31040  0.50452  0.66338  0.84669  0.86447
174 187	 0.05657  0.21594  0.36564  0.59867  0.64183
175 187	 0.07527  0.22991  0.39835  0.58435  0.67646
179 187	 0.00000  0.01687  0.16452  0.43961  0.55998
188 194	 0.09003  0.12855  0.44169  0.58138  0.56584
189 194	 0.02731  0.15996  0.56742  0.65813  0.71625
190 194	 0.04204  0.16643  0.67801  0.82152  0.88175
195 200	 0.12164  0.32023  0.68921  0.81822  0.89779
195 203	 0.07574  0.17243  0.36982  0.48345  0.56120
195 207	 0.10817  0.24895  0.58754  0.65809  0.68802
195 208	 0.14515  0.30152  0.52172  0.66830  0.71535
196 201	 0.00000  0.09339  0.44352  0.57371  0.61915
201 208	 0.15683  0.28215  0.55466  0.67155  0.74493
202 208	 0.17697  0.30760  0.65152  0.77406  0.82907
204 208	 0.27944  0.43470  0.75435  0.88191  0.91264
209 213	 0.03495  0.02943  0.16545  0.26888  0.27267
209 219	 0.10810  0.16331  0.34421  0.41888  0.40324
209 220	 0.05836  0.19837  0.34692  0.43802  0.45371
209 223	 0.09550  0.19049  0.46948  0.56271  0.59348
214 218	 0.24712  0.28947  0.47109  0.53634  0.51367
214 219	 0.22459  0.36544  0.55806  0.58868  0.59059
220 229	 0.30086  0.46068  0.76886  0.88983  0.92652
220 230	 0.26108  0.41989  0.70429  0.88658  0.94235
221 225	 0.42183  0.60149  0.84120  0.98684  1.00000
224 231	 0.31512  0.33674  0.57999  0.77054  0.82082
225 229	 0.26281  0.36806  0.62385  0.75467  0.86018
226 231	 0.00606  0.06305  0.42672  0.64672  0.77419
230 244	 0.02105  0.03275  0.31149  0.50882  0.61403
231 238	 0.00369  0.00689  0.16367  0.44918  0.49714
232 238	 0.00000  0.00000  0.11095  0.32773  0.44566
245 251	 0.16816  0.34841  0.66134  0.92031  0.96137
263 275	 0.30638  0.48898  0.80521  0.94939  0.92069
267 274	 0.44391  0.65303  0.85354  0.84756  0.92542
270 276	 0.42143  0.52386  0.77379  0.85638  0.87010
274 287	 0.05721  0.19580  0.58033  0.87102  0.93900
274 288	 0.04531  0.20124  0.53569  0.87647  0.94795
277 285	 0.06639  0.23781  0.52755  0.82985  0.88778
278 288	 0.05525  0.24965  0.54003  0.87095  0.92953
289 294	 0.25318  0.40629  0.80722  0.90860  0.99716
289 298	 0.24099  0.39121  0.73367  0.89596  0.92855
290 299	 0.22277  0.39558  0.66623  0.88554  0.94233
291 298	 0.28495  0.40802  0.68607  0.84161  0.91675
295 302	 0.05027  0.13103  0.46206  0.78185  0.89670
300 306	 0.02072  0.04209  0.28110  0.76203  0.83246
300 310	 0.07661  0.20780  0.38634  0.68582  0.80603
301 310	 0.05801  0.16077  0.37137  0.70072  0.77734
303 307	 0.00211  0.02666  0.14226  0.59879  0.75780
303 310	 0.06838  0.21191  0.40347  0.68555  0.81208
