 0.25049  0.25290  0.27771  0.38179  0.45629
 0.20041  0.20244  0.22343  0.31288  0.37966
 0.14363  0.14747  0.18618  0.33408  0.42722
 0.03929  0.10362  0.24014  0.43281  0.53059
 0.00130  0.00774  0.07313  0.33203  0.50932
 0.04999  0.13174  0.30428  0.54283  0.65959
 0.04234  0.11175  0.26021  0.47491  0.58740
 0.07813  0.20448  0.45361  0.72982  0.83172
 0.06823  0.17815  0.39035  0.62362  0.72380
 0.01641  0.08828  0.40874  0.71598  0.81921
 0.00055  0.00332  0.03237  0.17144  0.29929
 0.00511  0.02946  0.20606  0.44209  0.53095
 0.00546  0.03140  0.21432  0.46323  0.56406
 0.00753  0.04342  0.30135  0.61884  0.71263
 0.08079  0.20531  0.38563  0.59782  0.67560
 0.00555  0.03237  0.25009  0.58324  0.66489
 0.25340  0.47351  0.61035  0.67681  0.73327
 0.25006  0.50828  0.72491  0.84485  0.89172
 0.36403  0.52817  0.68128  0.79959  0.83970
 0.23285  0.41885  0.71813  0.78631  0.82875
 0.31505  0.52874  0.79396  0.81042  0.82030
 0.25458  0.34117  0.52290  0.62605  0.70032
 0.03684  0.14825  0.40651  0.68324  0.77785
 0.04048  0.15854  0.37505  0.63118  0.74083
 0.03046  0.11948  0.28703  0.50593  0.61648
 0.00245  0.01413  0.09749  0.21498  0.29195
 0.00281  0.01621  0.11208  0.24884  0.33829
 0.14009  0.29176  0.46328  0.69762  0.79808
 0.15885  0.35830  0.52291  0.73121  0.82051
 0.25090  0.44816  0.59717  0.84569  0.94028
 0.29789  0.56669  0.81327  0.86706  0.89664
 0.19389  0.41629  0.73664  0.82527  0.85838
 0.04309  0.17207  0.53179  0.73520  0.77997
 0.04039  0.15460  0.49020  0.71113  0.75997
 0.04210  0.15700  0.46785  0.70974  0.77987
 0.09162  0.30033  0.51110  0.56597  0.61511
 0.07879  0.25898  0.45294  0.55407  0.63186
 0.09175  0.30111  0.51836  0.59438  0.64935
 0.09358  0.28067  0.42317  0.51326  0.57922
 0.01607  0.08224  0.33142  0.58586  0.69670
 0.01832  0.09186  0.32471  0.57667  0.69485
 0.01581  0.07935  0.28437  0.52691  0.65338
 0.00476  0.02765  0.20860  0.58484  0.77332
 0.00544  0.03155  0.23464  0.62437  0.80308
 0.00501  0.02911  0.22165  0.62703  0.81434
 0.20977  0.32472  0.47053  0.55700  0.60915
 0.31458  0.48657  0.70078  0.80655  0.85835
 0.07936  0.19419  0.39621  0.59685  0.65745
 0.08467  0.20100  0.36686  0.56025  0.62631
 0.00414  0.02412  0.18439  0.44549  0.54316
 0.02492  0.12610  0.43850  0.55312  0.59556
 0.02990  0.15125  0.52548  0.65946  0.70618
 0.03734  0.18887  0.65488  0.81272  0.86007
 0.08594  0.30333  0.68950  0.82438  0.87664
 0.04918  0.17374  0.39802  0.49430  0.54530
 0.12642  0.28514  0.59499  0.67819  0.71064
 0.11605  0.26235  0.55459  0.66364  0.71422
 0.01593  0.08834  0.44015  0.57831  0.63443
 0.14983  0.27637  0.55635  0.66436  0.71900
 0.17478  0.32235  0.64820  0.76991  0.82865
 0.25250  0.43082  0.74126  0.87591  0.93841
 0.00471  0.02694  0.17036  0.25266  0.25585
 0.11841  0.18884  0.35859  0.40393  0.40805
 0.10809  0.17433  0.34936  0.44284  0.45930
 0.09366  0.18281  0.44249  0.55930  0.57504
 0.25804  0.30146  0.47567  0.50423  0.50841
 0.23303  0.35609  0.58049  0.60338  0.60673
 0.29586  0.44672  0.76981  0.90696  0.93055
 0.26722  0.40761  0.73642  0.91304  0.93739
 0.40037  0.58504  0.84595  0.98974  0.99958
 0.28790  0.34977  0.57846  0.76760  0.81977
 0.25133  0.34725  0.64411  0.80091  0.84417
 0.01672  0.08968  0.40984  0.67463  0.74768
 0.01426  0.07186  0.28839  0.52331  0.61363
 0.00306  0.01799  0.14840  0.42432  0.51698
 0.00246  0.01441  0.11787  0.34323  0.43781
 0.15189  0.37213  0.67367  0.89602  0.96189
 0.29982  0.50858  0.78979  0.92747  0.94111
 0.44349  0.66797  0.83722  0.87996  0.89913
 0.38037  0.54013  0.76975  0.85916  0.88232
 0.05227  0.21087  0.56414  0.86238  0.93353
 0.04836  0.19531  0.52716  0.82735  0.91159
 0.06407  0.24181  0.55781  0.82331  0.90835
 0.05288  0.20571  0.55763  0.85375  0.92067
 0.24148  0.40186  0.78501  0.93621  0.97966
 0.22945  0.40259  0.73383  0.89421  0.94468
 0.22694  0.38909  0.68908  0.89153  0.94461
 0.26935  0.40404  0.67702  0.86398  0.92887
 0.02386  0.11735  0.46088  0.78923  0.85324
 0.00640  0.03742  0.29446  0.74183  0.85426
 0.06106  0.18730  0.38867  0.70332  0.80576
 0.06657  0.20065  0.37616  0.67207  0.78421
 0.00340  0.02010  0.17717  0.60334  0.75502
 0.08364  0.24669  0.40124  0.69743  0.81967
