# ResID Deuterated fraction, Times /
1 5	 0.24008  0.24863  0.28214  0.35519  0.46979
1 6	 0.17816  0.17701  0.21396  0.32135  0.37542
1 8	 0.13373  0.21446  0.19528  0.32229  0.40918
3 17	 0.05853  0.10065  0.24306  0.42234  0.54285
6 10	 0.00000  0.02680  0.06882  0.33979  0.46839
6 17	 0.05464  0.15349  0.27834  0.54766  0.66274
6 19	 0.03055  0.12713  0.27248  0.47942  0.57721
7 14	 0.10596  0.23488  0.48209  0.72728  0.82167
9 17	 0.04979  0.15528  0.37343  0.61186  0.70822
11 16	 0.00192  0.08422  0.39644  0.71518  0.81946
15 20	 0.00000  0.03938  0.00559  0.16586  0.30102
16 25	 0.00000  0.03272  0.20506  0.47607  0.50398
18 24	 0.02759  0.03695  0.23016  0.46940  0.56451
19 25	 0.00000  0.06841  0.30696  0.60188  0.70150
19 29	 0.06860  0.20027  0.39992  0.58808  0.64369
21 25	 0.03118  0.04688  0.23761  0.57846  0.65525
25 35	 0.27051  0.48033  0.59813  0.67685  0.72906
27 38	 0.25042  0.53512  0.76764  0.83694  0.88780
37 41	 0.35901  0.51496  0.67289  0.78919  0.82180
42 49	 0.24809  0.40645  0.70941  0.78357  0.83990
43 48	 0.32083  0.53942  0.77066  0.80512  0.81010
45 49	 0.25632  0.35503  0.53561  0.61878  0.68889
49 56	 0.00000  0.17272  0.42576  0.67323  0.78281
50 56	 0.06686  0.15917  0.34013  0.65299  0.76384
50 58	 0.05536  0.08490  0.28310  0.53190  0.62760
57 66	 0.00000  0.00158  0.11775  0.21207  0.29539
60 68	 0.02099  0.01422  0.11225  0.25023  0.33794
67 76	 0.13671  0.28363  0.46013  0.69184  0.82427
67 77	 0.20441  0.37336  0.51376  0.76029  0.78941
69 74	 0.26542  0.46262  0.59726  0.83251  0.91446
78 90	 0.33001  0.56153  0.83529  0.85820  0.93027
82 92	 0.19072  0.39872  0.73921  0.81541  0.84132
94 107	 0.03319  0.18466  0.53582  0.75924  0.77943
95 107	 0.07092  0.16100  0.46315  0.71215  0.76941
97 108	 0.08737  0.15224  0.46742  0.70912  0.79657
108 114	 0.06729  0.32470  0.51253  0.54263  0.57539
108 115	 0.10068  0.24673  0.42053  0.55849  0.60519
109 115	 0.07236  0.32617  0.53909  0.59266  0.66283
110 115	 0.09863  0.27563  0.41026  0.47402  0.58580
115 124	 0.02068  0.07747  0.31479  0.58131  0.69157
116 123	 0.02852  0.09804  0.35024  0.58574  0.70138
116 124	 0.00053  0.08555  0.29063  0.54927  0.69059
151 157	 0.00000  0.06693  0.19822  0.58167  0.77885
152 157	 0.01688  0.05142  0.25849  0.58702  0.80403
152 158	 0.00708  0.02491  0.25197  0.64671  0.79729
158 170	 0.19711  0.36609  0.45843  0.54998  0.64292
160 169	 0.29564  0.46332  0.68328  0.79531  0.88702
174 187	 0.07476  0.22835  0.35123  0.58230  0.64175
175 187	 0.09541  0.19545  0.37940  0.56654  0.58953
179 187	 0.02664  0.02212  0.19113  0.45270  0.55662
188 194	 0.03694  0.12587  0.43354  0.54904  0.59045
189 194	 0.01426  0.15876  0.51095  0.66213  0.70425
190 194	 0.02680  0.20520  0.68113  0.82224  0.85952
195 200	 0.11789  0.32919  0.70486  0.82407  0.89579
195 203	 0.06570  0.16445  0.39627  0.47042  0.53989
195 207	 0.12558  0.28383  0.55888  0.70174  0.70671
195 208	 0.12581  0.26923  0.53181  0.68867  0.70030
196 201	 0.00000  0.06565  0.44377  0.54546  0.63639
201 208	 0.10390  0.26022  0.58210  0.65740  0.71589
202 208	 0.14218  0.32377  0.65198  0.77591  0.80523
204 208	 0.24773  0.42333  0.76303  0.84824  0.94758
209 213	 0.00000  0.03927  0.17107  0.23251  0.28980
209 219	 0.15663  0.16680  0.35568  0.40616  0.40364
209 220	 0.10793  0.14882  0.35933  0.41276  0.47926
209 223	 0.08227  0.17352  0.43081  0.54520  0.56389
214 218	 0.23000  0.30115  0.47580  0.53262  0.51255
214 219	 0.25885  0.32946  0.53770  0.60699  0.61780
220 229	 0.30843  0.46730  0.80183  0.87576  0.92651
220 230	 0.24693  0.38680  0.76068  0.90297  0.93728
221 225	 0.34639  0.58173  0.83527  0.98565  0.98576
224 231	 0.26228  0.37183  0.56566  0.73580  0.84138
225 229	 0.23443  0.35043  0.66433  0.80562  0.85081
226 231	 0.01731  0.11040  0.43962  0.67439  0.72069
230 244	 0.02096  0.06050  0.29756  0.52044  0.58644
231 238	 0.00000  0.02986  0.17450  0.44215  0.48764
232 238	 0.02780  0.04212  0.11410  0.34550  0.40521
245 251	 0.15067  0.35235  0.68802  0.89866  0.98583
263 275	 0.30437  0.52480  0.78518  0.89473  0.94955
267 274	 0.43376  0.70359  0.85168  0.89358  0.89996
270 276	 0.38740  0.57763  0.74322  0.88954  0.90882
274 287	 0.07695  0.21623  0.57407  0.84602  0.88920
274 288	 0.03841  0.16886  0.51243  0.83662  0.90666
277 285	 0.05037  0.24714  0.59805  0.81330  0.87897
278 288	 0.03103  0.21574  0.56506  0.87206  0.95211
289 294	 0.24579  0.40034  0.79498  0.93955  0.93824
289 298	 0.19209  0.41710  0.73890  0.89250  0.93844
290 299	 0.22083  0.41303  0.68959  0.90911  0.94812
291 298	 0.26682  0.40616  0.65674  0.87904  0.92616
295 302	 0.00628  0.14121  0.46294  0.77840  0.83935
300 306	 0.00667  0.02685  0.29331  0.74808  0.86156
300 310	 0.08333  0.19055  0.38923  0.71196  0.78443
301 310	 0.06481  0.19144  0.42059  0.71054  0.77507
303 307	 0.01017  0.03554  0.18660  0.59307  0.74144
303 310	 0.07718  0.29329  0.43772  0.66915  0.82244
