# ResID Deuterated fraction, Times /
1 5	 0.20988  0.21775  0.29979  0.38860  0.46369
1 6	 0.20814  0.19016  0.23129  0.30456  0.37842
1 8	 0.16465  0.12368  0.20824  0.36283  0.44968
3 17	 0.03022  0.12111  0.24561  0.42574  0.56649
6 10	 0.02820  0.05279  0.07517  0.31076  0.49919
6 17	 0.06914  0.16057  0.29847  0.58629  0.70113
6 19	 0.03389  0.17373  0.27092  0.48772  0.58297
7 14	 0.09831  0.22264  0.42973  0.73174  0.82984
9 17	 0.06453  0.22618  0.38091  0.62004  0.72784
11 16	 0.00147  0.10486  0.43158  0.71832  0.79424
15 20	 0.00357  0.00000  0.07144  0.14569  0.29960
16 25	 0.01809  0.03445  0.23601  0.44740  0.54108
18 24	 0.00855  0.00000  0.17953  0.42932  0.55969
19 25	 0.00519  0.03856  0.26063  0.63907  0.70827
19 29	 0.02255  0.23826  0.42140  0.58718  0.67194
21 25	 0.01676  0.04134  0.23822  0.57703  0.67687
25 35	 0.27364  0.46769  0.63444  0.67723  0.72572
27 38	 0.22377  0.49359  0.77082  0.83719  0.89474
37 41	 0.34120  0.51739  0.70352  0.78109  0.87587
42 49	 0.22818  0.41952  0.71195  0.75975  0.83390
43 48	 0.32936  0.51215  0.79737  0.80822  0.81565
45 49	 0.25852  0.30927  0.54950  0.60941  0.68722
49 56	 0.03839  0.15317  0.44678  0.68185  0.76404
50 56	 0.04682  0.17908  0.37890  0.64713  0.76809
50 58	 0.04797  0.08540  0.27851  0.47700  0.56770
57 66	 0.00000  0.02525  0.10758  0.19928  0.26011
60 68	 0.00031  0.02177  0.13789  0.24870  0.31409
67 76	 0.13844  0.26389  0.44739  0.67452  0.80970
67 77	 0.11606  0.37286  0.51558  0.70702  0.82213
69 74	 0.23452  0.46159  0.59858  0.85224  0.95205
78 90	 0.35385  0.57984  0.78988  0.90145  0.93971
82 92	 0.18847  0.41639  0.71758  0.80785  0.85553
94 107	 0.03214  0.18980  0.54690  0.75730  0.75139
95 107	 0.06107  0.13071  0.49332  0.71585  0.74225
97 108	 0.02387  0.18711  0.46607  0.73563  0.77810
108 114	 0.07514  0.30999  0.51381  0.56893  0.63001
108 115	 0.06310  0.25205  0.47766  0.53793  0.65492
109 115	 0.09008  0.31250  0.50851  0.56986  0.65320
110 115	 0.06988  0.25629  0.39044  0.51335  0.61036
115 124	 0.03642  0.07550  0.32322  0.57731  0.71466
116 123	 0.03299  0.06300  0.34274  0.56236  0.69395
116 124	 0.00394  0.10554  0.27488  0.53898  0.64793
151 157	 0.00000  0.04235  0.20845  0.58144  0.77853
152 157	 0.02501  0.02905  0.22364  0.61557  0.80975
152 158	 0.00000  0.02959  0.21261  0.62932  0.83217
158 170	 0.22613  0.31135  0.47256  0.57152  0.63078
160 169	 0.28755  0.46076  0.69775  0.78333  0.83950
174 187	 0.10526  0.17669  0.40170  0.61063  0.63575
175 187	 0.05322  0.22434  0.38219  0.56726  0.64175
179 187	 0.00257  0.01974  0.19180  0.45969  0.56374
188 194	 0.01595  0.12227  0.43444  0.53892  0.57191
189 194	 0.03946  0.15668  0.51602  0.65296  0.71378
190 194	 0.03101  0.21089  0.64246  0.78891  0.86481
195 200	 0.11769  0.33871  0.67550  0.82514  0.89192
195 203	 0.04519  0.15367  0.42287  0.49808  0.54132
195 207	 0.16040  0.28337  0.58450  0.69905  0.71600
195 208	 0.11423  0.23265  0.57875  0.68195  0.72324
196 201	 0.05832  0.07087  0.44634  0.57700  0.66908
201 208	 0.13185  0.33471  0.56707  0.68141  0.67568
202 208	 0.19010  0.30938  0.64050  0.74810  0.81486
204 208	 0.27379  0.43172  0.74742  0.84219  0.96166
209 213	 0.01126  0.00662  0.18028  0.20416  0.26705
209 219	 0.11445  0.20307  0.32039  0.37049  0.39761
209 220	 0.08994  0.15083  0.37116  0.42882  0.46776
209 223	 0.10928  0.18698  0.44493  0.56339  0.56065
214 218	 0.28987  0.31457  0.49721  0.48173  0.48418
214 219	 0.19072  0.38951  0.59685  0.58780  0.60812
220 229	 0.28082  0.41658  0.76939  0.90153  0.93826
220 230	 0.29654  0.42407  0.72487  0.92469  0.93451
221 225	 0.40792  0.55557  0.89354  1.00000  0.98689
224 231	 0.29246  0.33454  0.57652  0.79621  0.81437
225 229	 0.25643  0.29370  0.65653  0.80654  0.81949
226 231	 0.04682  0.09765  0.38925  0.66514  0.75832
230 244	 0.00392  0.03094  0.24919  0.51065  0.64022
231 238	 0.00000  0.04075  0.14131  0.41643  0.51960
232 238	 0.00969  0.00237  0.11426  0.34322  0.48476
245 251	 0.14428  0.34899  0.68061  0.88953  0.98439
263 275	 0.26248  0.50671  0.78234  0.94516  0.92274
267 274	 0.43326  0.65527  0.88235  0.85259  0.88919
270 276	 0.38989  0.57290  0.79560  0.86717  0.89518
274 287	 0.07115  0.22237  0.55109  0.89014  0.93884
274 288	 0.04652  0.17372  0.54089  0.84381  0.85936
277 285	 0.06928  0.28221  0.56037  0.79856  0.89423
278 288	 0.07203  0.21782  0.55592  0.80369  0.93697
289 294	 0.22116  0.39867  0.78449  0.92238  0.95540
289 298	 0.22507  0.37020  0.74113  0.90796  0.94375
290 299	 0.23289  0.41472  0.70564  0.88810  0.94709
291 298	 0.27615  0.43012  0.71082  0.83227  0.94163
295 302	 0.00784  0.10712  0.49984  0.78313  0.82686
300 306	 0.02376  0.05968  0.26399  0.74288  0.83389
300 310	 0.06564  0.21609  0.37833  0.68887  0.78131
301 310	 0.07141  0.23026  0.38578  0.67564  0.78499
303 307	 0.00000  0.00310  0.16684  0.59387  0.75227
303 310	 0.11307  0.28437  0.38505  0.71938  0.83050
