# ResID Deuterated fraction, Times /
1 5	 0.20988  0.21777  0.30002  0.38947  0.46469
1 6	 0.20814  0.19019  0.23149  0.30533  0.37935
1 8	 0.16466  0.12372  0.20860  0.36397  0.45089
3 17	 0.03049  0.12143  0.24636  0.42694  0.56781
6 10	 0.02821  0.05286  0.07579  0.31285  0.50161
6 17	 0.06948  0.16098  0.29940  0.58774  0.70268
6 19	 0.03418  0.17408  0.27173  0.48907  0.58450
7 14	 0.09884  0.22327  0.43098  0.73313  0.83106
9 17	 0.06499  0.22672  0.38196  0.62129  0.72916
11 16	 0.00161  0.10555  0.43312  0.71973  0.79550
15 20	 0.00358  0.00000  0.07173  0.14701  0.30159
16 25	 0.01814  0.03471  0.23721  0.44846  0.54235
18 24	 0.00860  0.00000  0.18074  0.43056  0.56108
19 25	 0.00526  0.03893  0.26236  0.64030  0.70950
19 29	 0.02309  0.23882  0.42248  0.58813  0.67303
21 25	 0.01681  0.04162  0.23987  0.57819  0.67790
25 35	 0.27464  0.46861  0.63469  0.67781  0.72659
27 38	 0.22485  0.49481  0.77146  0.83780  0.89532
37 41	 0.34282  0.51765  0.70441  0.78150  0.87651
42 49	 0.22905  0.42060  0.71242  0.76024  0.83449
43 48	 0.33048  0.51322  0.79766  0.80831  0.81582
45 49	 0.25902  0.30992  0.54984  0.61026  0.68824
49 56	 0.03869  0.15395  0.44818  0.68318  0.76509
50 56	 0.04715  0.17987  0.37998  0.64864  0.76932
50 58	 0.04822  0.08601  0.27937  0.47841  0.56909
57 66	 0.00000  0.02537  0.10813  0.20004  0.26139
60 68	 0.00034  0.02191  0.13853  0.24958  0.31555
67 76	 0.13913  0.26476  0.44810  0.67594  0.81081
67 77	 0.11693  0.37387  0.51621  0.70829  0.82312
69 74	 0.23566  0.46246  0.59934  0.85368  0.95299
78 90	 0.35506  0.58118  0.79011  0.90183  0.94007
82 92	 0.18911  0.41791  0.71813  0.80824  0.85601
94 107	 0.03249  0.19076  0.54847  0.75785  0.75202
95 107	 0.06139  0.13153  0.49500  0.71644  0.74293
97 108	 0.02421  0.18790  0.46766  0.73648  0.77908
108 114	 0.07583  0.31121  0.51398  0.56944  0.63077
108 115	 0.06370  0.25312  0.47794  0.53880  0.65602
109 115	 0.09077  0.31373  0.50874  0.57049  0.65396
110 115	 0.07057  0.25722  0.39067  0.51411  0.61127
115 124	 0.03656  0.07611  0.32446  0.57863  0.71619
116 123	 0.03315  0.06365  0.34380  0.56381  0.69552
116 124	 0.00407  0.10611  0.27583  0.54048  0.64967
151 157	 0.00000  0.04259  0.20981  0.58384  0.78087
152 157	 0.02506  0.02932  0.22514  0.61790  0.81190
152 158	 0.00000  0.02984  0.21407  0.63181  0.83436
158 170	 0.22666  0.31203  0.47281  0.57216  0.63149
160 169	 0.28833  0.46178  0.69809  0.78403  0.84010
174 187	 0.10579  0.17716  0.40293  0.61138  0.63658
175 187	 0.05378  0.22476  0.38324  0.56807  0.64265
179 187	 0.00261  0.01995  0.19300  0.46091  0.56505
188 194	 0.01617  0.12319  0.43545  0.53936  0.57259
189 194	 0.03972  0.15778  0.51723  0.65344  0.71452
190 194	 0.03133  0.21226  0.64395  0.78942  0.86554
195 200	 0.11836  0.34004  0.67688  0.82570  0.89271
195 203	 0.04557  0.15443  0.42370  0.49860  0.54212
195 207	 0.16102  0.28443  0.58544  0.69938  0.71652
195 208	 0.11480  0.23363  0.57969  0.68251  0.72397
196 201	 0.05846  0.07159  0.44773  0.57759  0.66993
201 208	 0.13244  0.33563  0.56788  0.68203  0.67644
202 208	 0.19079  0.31044  0.64144  0.74878  0.81566
204 208	 0.27474  0.43290  0.74829  0.84297  0.96243
209 213	 0.01131  0.00684  0.18110  0.20421  0.26710
209 219	 0.11463  0.20365  0.32093  0.37054  0.39768
209 220	 0.09011  0.15138  0.37183  0.42910  0.46790
209 223	 0.10949  0.18776  0.44579  0.56370  0.56077
214 218	 0.29001  0.31498  0.49773  0.48176  0.48426
214 219	 0.19106  0.39048  0.59727  0.58783  0.60818
220 229	 0.28153  0.41750  0.77040  0.90187  0.93857
220 230	 0.29720  0.42495  0.72607  0.92510  0.93479
221 225	 0.40886  0.55634  0.89447  1.00000  0.98691
224 231	 0.29279  0.33504  0.57761  0.79686  0.81513
225 229	 0.25698  0.29445  0.65764  0.80703  0.82015
226 231	 0.04697  0.09835  0.39078  0.66606  0.75938
230 244	 0.00404  0.03147  0.25028  0.51186  0.64132
231 238	 0.00000  0.04091  0.14238  0.41776  0.52066
232 238	 0.00971  0.00250  0.11510  0.34446  0.48593
245 251	 0.14527  0.34996  0.68198  0.89053  0.98503
263 275	 0.26338  0.50767  0.78352  0.94536  0.92293
267 274	 0.43430  0.65619  0.88277  0.85277  0.88951
270 276	 0.39029  0.57411  0.79620  0.86743  0.89554
274 287	 0.07158  0.22352  0.55271  0.89120  0.93962
274 288	 0.04691  0.17480  0.54244  0.84500  0.86034
277 285	 0.06979  0.28340  0.56158  0.79979  0.89521
278 288	 0.07246  0.21891  0.55756  0.80469  0.93774
289 294	 0.22161  0.39997  0.78569  0.92303  0.95581
289 298	 0.22580  0.37137  0.74224  0.90863  0.94434
290 299	 0.23359  0.41579  0.70681  0.88887  0.94769
291 298	 0.27686  0.43094  0.71190  0.83314  0.94239
295 302	 0.00804  0.10795  0.50178  0.78402  0.82771
300 306	 0.02382  0.06001  0.26598  0.74467  0.83500
300 310	 0.06609  0.21675  0.37962  0.69035  0.78247
301 310	 0.07189  0.23093  0.38688  0.67722  0.78627
303 307	 0.00000  0.00328  0.16822  0.59621  0.75376
303 310	 0.11368  0.28514  0.38596  0.72114  0.83181
