# ResID Deuterated fraction, Times /
1 5	 0.28504  0.27597  0.25099  0.41738  0.47674
1 6	 0.20476  0.23500  0.19867  0.32045  0.38046
1 8	 0.12101  0.12556  0.18500  0.40715  0.49113
3 17	 0.08246  0.08048  0.23824  0.41698  0.53625
6 10	 0.03294  0.00861  0.07811  0.33123  0.52735
6 17	 0.07692  0.13536  0.30140  0.54995  0.66791
6 19	 0.04582  0.07124  0.24755  0.49122  0.61040
7 14	 0.07457  0.20435  0.46636  0.72874  0.83622
9 17	 0.08703  0.17918  0.41491  0.63599  0.72868
11 16	 0.02955  0.09245  0.38509  0.74789  0.81868
15 20	 0.00146  0.00000  0.03929  0.17780  0.32260
16 25	 0.02446  0.02430  0.23206  0.44377  0.54596
18 24	 0.01103  0.00215  0.20160  0.47859  0.57135
19 25	 0.00696  0.01988  0.31578  0.62222  0.73149
19 29	 0.09728  0.17817  0.39770  0.60624  0.68611
21 25	 0.01149  0.03825  0.23261  0.62420  0.65462
25 35	 0.24079  0.46793  0.58870  0.68160  0.75872
27 38	 0.25763  0.50358  0.68954  0.86547  0.94163
37 41	 0.38688  0.51890  0.67458  0.82327  0.86368
42 49	 0.22813  0.39994  0.71158  0.78759  0.82866
43 48	 0.28966  0.53766  0.82088  0.79004  0.83482
45 49	 0.25591  0.31359  0.53814  0.61999  0.72207
49 56	 0.02391  0.16366  0.41408  0.68776  0.77300
50 56	 0.00966  0.12837  0.38422  0.64944  0.76066
50 58	 0.01577  0.11524  0.27347  0.45549  0.59431
57 66	 0.00000  0.00829  0.09691  0.23553  0.28216
60 68	 0.00698  0.00000  0.13337  0.24751  0.39463
67 76	 0.09411  0.29438  0.45583  0.69251  0.76625
67 77	 0.15716  0.34791  0.54549  0.73759  0.84084
69 74	 0.26772  0.46108  0.59762  0.84444  0.91850
78 90	 0.30919  0.57033  0.82847  0.82145  0.88196
82 92	 0.22531  0.41655  0.71958  0.84320  0.83591
94 107	 0.03522  0.15824  0.55106  0.74890  0.76274
95 107	 0.07840  0.13184  0.47763  0.71277  0.76321
97 108	 0.06079  0.15580  0.52162  0.74095  0.76273
108 114	 0.05608  0.31613  0.50407  0.55819  0.64373
108 115	 0.05931  0.24876  0.45965  0.55717  0.65124
109 115	 0.11187  0.31056  0.56641  0.58786  0.66616
110 115	 0.12415  0.26500  0.43979  0.48469  0.58884
115 124	 0.00000  0.06324  0.34372  0.59072  0.69979
116 123	 0.00722  0.10216  0.34964  0.55869  0.68458
116 124	 0.04224  0.11125  0.23628  0.51089  0.64110
151 157	 0.00000  0.00000  0.22551  0.59893  0.78394
152 157	 0.00750  0.06943  0.21863  0.60496  0.81751
152 158	 0.00000  0.02544  0.22733  0.65453  0.80573
158 170	 0.19164  0.36586  0.48594  0.53521  0.61700
160 169	 0.31118  0.50554  0.66372  0.84739  0.86507
174 187	 0.05710  0.21641  0.36687  0.59942  0.64266
175 187	 0.07583  0.23033  0.39940  0.58516  0.67736
179 187	 0.00000  0.01708  0.16572  0.44083  0.56129
188 194	 0.09025  0.12947  0.44270  0.58182  0.56652
189 194	 0.02757  0.16106  0.56863  0.65861  0.71699
190 194	 0.04236  0.16780  0.67950  0.82203  0.88248
195 200	 0.12231  0.32156  0.69059  0.81878  0.89858
195 203	 0.07612  0.17319  0.37065  0.48397  0.56200
195 207	 0.10879  0.25001  0.58848  0.65842  0.68854
195 208	 0.14572  0.30250  0.52266  0.66886  0.71608
196 201	 0.00000  0.09411  0.44491  0.57430  0.62000
201 208	 0.15742  0.28307  0.55547  0.67217  0.74569
202 208	 0.17766  0.30866  0.65246  0.77474  0.82987
204 208	 0.28039  0.43588  0.75522  0.88269  0.91341
209 213	 0.03500  0.02965  0.16627  0.26893  0.27272
209 219	 0.10828  0.16389  0.34475  0.41893  0.40331
209 220	 0.05853  0.19892  0.34759  0.43830  0.45385
209 223	 0.09571  0.19127  0.47034  0.56302  0.59360
214 218	 0.24726  0.28988  0.47161  0.53637  0.51375
214 219	 0.22493  0.36641  0.55848  0.58871  0.59065
220 229	 0.30157  0.46160  0.76987  0.89017  0.92683
220 230	 0.26174  0.42077  0.70549  0.88699  0.94263
221 225	 0.42277  0.60226  0.84213  0.98713  1.00000
224 231	 0.31545  0.33724  0.58108  0.77119  0.82158
225 229	 0.26336  0.36881  0.62496  0.75516  0.86084
226 231	 0.00621  0.06375  0.42825  0.64764  0.77525
230 244	 0.02117  0.03328  0.31258  0.51003  0.61513
231 238	 0.00372  0.00705  0.16474  0.45051  0.49820
232 238	 0.00000  0.00000  0.11179  0.32897  0.44683
245 251	 0.16915  0.34938  0.66271  0.92131  0.96201
263 275	 0.30728  0.48994  0.80639  0.94959  0.92088
267 274	 0.44495  0.65395  0.85396  0.84774  0.92574
270 276	 0.42183  0.52507  0.77439  0.85664  0.87046
274 287	 0.05764  0.19695  0.58195  0.87208  0.93978
274 288	 0.04570  0.20232  0.53724  0.87766  0.94893
277 285	 0.06690  0.23900  0.52876  0.83108  0.88876
278 288	 0.05568  0.25074  0.54167  0.87195  0.93030
289 294	 0.25363  0.40759  0.80842  0.90925  0.99757
289 298	 0.24172  0.39238  0.73478  0.89663  0.92914
290 299	 0.22347  0.39665  0.66740  0.88631  0.94293
291 298	 0.28566  0.40884  0.68715  0.84248  0.91751
295 302	 0.05047  0.13186  0.46400  0.78274  0.89755
300 306	 0.02078  0.04242  0.28309  0.76382  0.83357
300 310	 0.07706  0.20846  0.38763  0.68730  0.80719
301 310	 0.05849  0.16144  0.37247  0.70230  0.77862
303 307	 0.00214  0.02684  0.14364  0.60113  0.75929
303 310	 0.06899  0.21268  0.40438  0.68731  0.81339
