# ResID Deuterated fraction, Times /
1 5	 0.24008  0.24865  0.28237  0.35606  0.47079
1 6	 0.17816  0.17704  0.21416  0.32212  0.37635
1 8	 0.13374  0.21450  0.19564  0.32343  0.41039
3 17	 0.05880  0.10097  0.24381  0.42354  0.54417
6 10	 0.00000  0.02687  0.06944  0.34188  0.47081
6 17	 0.05498  0.15390  0.27927  0.54911  0.66429
6 19	 0.03084  0.12748  0.27329  0.48077  0.57874
7 14	 0.10649  0.23551  0.48334  0.72867  0.82289
9 17	 0.05025  0.15582  0.37448  0.61311  0.70954
11 16	 0.00206  0.08491  0.39798  0.71659  0.82072
15 20	 0.00000  0.03940  0.00588  0.16718  0.30301
16 25	 0.00000  0.03298  0.20626  0.47713  0.50525
18 24	 0.02764  0.03722  0.23137  0.47064  0.56590
19 25	 0.00000  0.06878  0.30869  0.60311  0.70273
19 29	 0.06914  0.20083  0.40100  0.58903  0.64478
21 25	 0.03123  0.04716  0.23926  0.57962  0.65628
25 35	 0.27151  0.48125  0.59838  0.67743  0.72993
27 38	 0.25150  0.53634  0.76828  0.83755  0.88838
37 41	 0.36063  0.51522  0.67378  0.78960  0.82244
42 49	 0.24896  0.40753  0.70988  0.78406  0.84049
43 48	 0.32195  0.54049  0.77095  0.80521  0.81027
45 49	 0.25682  0.35568  0.53595  0.61963  0.68991
49 56	 0.00000  0.17350  0.42716  0.67456  0.78386
50 56	 0.06719  0.15996  0.34121  0.65450  0.76507
50 58	 0.05561  0.08551  0.28396  0.53331  0.62899
57 66	 0.00000  0.00170  0.11830  0.21283  0.29667
60 68	 0.02102  0.01436  0.11289  0.25111  0.33940
67 76	 0.13740  0.28450  0.46084  0.69326  0.82538
67 77	 0.20528  0.37437  0.51439  0.76156  0.79040
69 74	 0.26656  0.46349  0.59802  0.83395  0.91540
78 90	 0.33122  0.56287  0.83552  0.85858  0.93063
82 92	 0.19136  0.40024  0.73976  0.81580  0.84180
94 107	 0.03354  0.18562  0.53739  0.75979  0.78006
95 107	 0.07124  0.16182  0.46483  0.71274  0.77009
97 108	 0.08771  0.15303  0.46901  0.70997  0.79755
108 114	 0.06798  0.32592  0.51270  0.54314  0.57615
108 115	 0.10128  0.24780  0.42081  0.55936  0.60629
109 115	 0.07305  0.32740  0.53932  0.59329  0.66359
110 115	 0.09932  0.27656  0.41049  0.47478  0.58671
115 124	 0.02082  0.07808  0.31603  0.58263  0.69310
116 123	 0.02868  0.09869  0.35130  0.58719  0.70295
116 124	 0.00066  0.08612  0.29158  0.55077  0.69233
151 157	 0.00000  0.06717  0.19958  0.58407  0.78119
152 157	 0.01693  0.05169  0.25999  0.58935  0.80618
152 158	 0.00712  0.02516  0.25343  0.64920  0.79948
158 170	 0.19764  0.36677  0.45868  0.55062  0.64363
160 169	 0.29642  0.46434  0.68362  0.79601  0.88762
174 187	 0.07529  0.22882  0.35246  0.58305  0.64258
175 187	 0.09597  0.19587  0.38045  0.56735  0.59043
179 187	 0.02668  0.02233  0.19233  0.45392  0.55793
188 194	 0.03716  0.12679  0.43455  0.54948  0.59113
189 194	 0.01452  0.15986  0.51216  0.66261  0.70499
190 194	 0.02712  0.20657  0.68262  0.82275  0.86025
195 200	 0.11856  0.33052  0.70624  0.82463  0.89658
195 203	 0.06608  0.16521  0.39710  0.47094  0.54069
195 207	 0.12620  0.28489  0.55982  0.70207  0.70723
195 208	 0.12638  0.27021  0.53275  0.68923  0.70103
196 201	 0.00000  0.06637  0.44516  0.54605  0.63724
201 208	 0.10449  0.26114  0.58291  0.65802  0.71665
202 208	 0.14287  0.32483  0.65292  0.77659  0.80603
204 208	 0.24868  0.42451  0.76390  0.84902  0.94835
209 213	 0.00000  0.03949  0.17189  0.23256  0.28985
209 219	 0.15681  0.16738  0.35622  0.40621  0.40371
209 220	 0.10810  0.14937  0.36000  0.41304  0.47940
209 223	 0.08248  0.17430  0.43167  0.54551  0.56401
214 218	 0.23014  0.30156  0.47632  0.53265  0.51263
214 219	 0.25919  0.33043  0.53812  0.60702  0.61786
220 229	 0.30914  0.46822  0.80284  0.87610  0.92682
220 230	 0.24759  0.38768  0.76188  0.90338  0.93756
221 225	 0.34733  0.58250  0.83620  0.98594  0.98578
224 231	 0.26261  0.37233  0.56675  0.73645  0.84214
225 229	 0.23498  0.35118  0.66544  0.80611  0.85147
226 231	 0.01746  0.11110  0.44115  0.67531  0.72175
230 244	 0.02108  0.06103  0.29865  0.52165  0.58754
231 238	 0.00000  0.03002  0.17557  0.44348  0.48870
232 238	 0.02782  0.04225  0.11494  0.34674  0.40638
245 251	 0.15166  0.35332  0.68939  0.89966  0.98647
263 275	 0.30527  0.52576  0.78636  0.89493  0.94974
267 274	 0.43480  0.70451  0.85210  0.89376  0.90028
270 276	 0.38780  0.57884  0.74382  0.88980  0.90918
274 287	 0.07738  0.21738  0.57569  0.84708  0.88998
274 288	 0.03880  0.16994  0.51398  0.83781  0.90764
277 285	 0.05088  0.24833  0.59926  0.81453  0.87995
278 288	 0.03146  0.21683  0.56670  0.87306  0.95288
289 294	 0.24624  0.40164  0.79618  0.94020  0.93865
289 298	 0.19282  0.41827  0.74001  0.89317  0.93903
290 299	 0.22153  0.41410  0.69076  0.90988  0.94872
291 298	 0.26753  0.40698  0.65782  0.87991  0.92692
295 302	 0.00648  0.14204  0.46488  0.77929  0.84020
300 306	 0.00673  0.02718  0.29530  0.74987  0.86267
300 310	 0.08378  0.19121  0.39052  0.71344  0.78559
301 310	 0.06529  0.19211  0.42169  0.71212  0.77635
303 307	 0.01020  0.03572  0.18798  0.59541  0.74293
303 310	 0.07779  0.29406  0.43863  0.67091  0.82375
