# ResID Deuterated fraction, Times /
1 2	 0.95939  0.96485  1.00000  1.00000  1.00000
2 3	 0.00954  0.00000  0.11089  0.47088  0.72752
3 4	 0.02116  0.00000  0.03047  0.07818  0.11888
4 5	 0.00000  0.01752  0.00580  0.00000  0.03990
5 6	 0.02701  0.04569  0.00841  0.01633  0.06366
6 7	 0.01947  0.03074  0.01312  0.15181  0.24651
7 8	 0.00000  0.08029  0.17940  0.68277  0.88665
8 9	 0.02083  0.02208  0.01459  0.21166  0.37360
9 10	 0.00000  0.05514  0.05946  0.34484  0.57948
10 11	 0.45049  0.99307  1.00000  1.00000  0.97503
11 12	 0.06082  0.27448  1.00000  0.97425  1.00000
12 13	 0.02923  0.09845  0.65508  1.00000  1.00000
13 14	 0.00929  0.00324  0.27635  0.85923  0.98421
14 15	 0.00000  0.00610  0.06367  0.50415  0.72930
15 16	 0.00000  0.03693  0.07483  0.20202  0.37643
16 17	 0.01139  0.01007  0.00000  0.05742  0.13520
17 18	 0.02069  0.00000  0.05044  0.14848  0.26665
18 19	 0.00000  0.00000  0.05552  0.04864  0.11245
19 20	 0.00000  0.00000  0.09960  0.36464  0.65565
20 21	 0.01721  0.12477  0.72802  0.97309  1.00000
21 22	 0.01443  0.00000  0.01052  0.03968  0.07736
22 23	 0.00516  0.00000  0.09712  0.33854  0.57111
23 24	 0.00989  0.05384  0.43467  0.94928  0.98376
24 25	 0.01904  0.09424  0.53877  1.00000  1.00000
25 26	 0.01764  0.00000  0.00000  0.01767  0.04225
26 27	 0.00000  0.01527  0.05080  0.20502  0.36089
27 28	 0.52742  0.99467  1.00000  0.99986  0.97580
28 29	 0.23528  0.77407  0.98411  0.97690  1.00000
29 30	 0.12739  0.68730  0.99266  0.97581  1.00000
30 31	 0.98362  1.00000  1.00000  1.00000  1.00000
31 32	 0.60847  1.00000  0.97661  1.00000  1.00000
32 33	 0.04655  0.27363  0.94000  0.98258  0.99715
33 34	 0.00000  0.02017  0.03928  0.15861  0.22580
34 35	 0.02197  0.00000  0.07726  0.37483  0.58551
35 36	 0.17721  0.75817  0.99822  1.00000  0.99823
36 37	 0.00000  0.03567  0.23440  0.79727  0.97259
37 38	 0.00378  0.10417  0.71672  0.98301  1.00000
38 39	 0.00000  0.01512  0.02683  0.17633  0.36521
39 40	 0.66728  0.97474  0.96727  1.00000  1.00000
40 41	 0.77185  0.99302  0.99180  0.99145  1.00000
41 42	 0.24961  0.76996  1.00000  0.98569  0.99910
42 43	 0.04160  0.30659  0.95328  1.00000  0.99455
43 44	 0.01404  0.32177  0.97433  0.99660  1.00000
44 45	 0.52238  0.98227  0.98900  0.99120  1.00000
45 46	 0.92638  1.00000  0.99096  1.00000  1.00000
46 47	 0.08729  0.34296  0.98982  1.00000  1.00000
47 48	 0.00000  0.00000  0.00593  0.02933  0.08349
48 49	 0.02759  0.00000  0.10171  0.46882  0.68132
49 50	 0.00000  0.11057  0.61391  1.00000  1.00000
50 51	 0.00000  0.00258  0.07484  0.35639  0.58786
51 52	 0.00000  0.00000  0.00012  0.01064  0.02540
52 53	 0.01283  0.02484  0.16850  0.68493  0.91238
53 54	 0.20320  0.77737  0.98758  0.97619  1.00000
54 55	 0.05887  0.18718  0.79326  1.00000  1.00000
55 56	 0.00000  0.00199  0.22479  0.74152  0.92724
56 57	 0.03435  0.00045  0.01153  0.14593  0.23987
57 58	 0.00000  0.00000  0.04852  0.15583  0.26515
58 59	 0.04264  0.00000  0.02088  0.08364  0.19734
59 60	 0.00000  0.05834  0.01077  0.01735  0.00000
60 61	 0.01545  0.00000  0.00000  0.02267  0.07319
61 62	 0.02150  0.00216  0.01868  0.03907  0.16354
62 63	 0.00708  0.00000  0.04112  0.12467  0.32755
64 65	 0.01363  0.11507  0.61637  0.96486  0.98956
65 66	 0.00000  0.00000  0.06121  0.20035  0.39124
66 67	 0.01619  0.00759  0.03610  0.18982  0.32258
67 68	 0.03200  0.01413  0.03166  0.03671  0.09069
68 69	 0.06979  0.54272  1.00000  0.98442  1.00000
69 70	 0.77779  0.96978  0.99958  0.99457  1.00000
70 71	 0.03458  0.04753  0.25908  0.86110  0.97445
72 73	 0.21546  0.72286  1.00000  1.00000  0.98731
73 74	 0.00671  0.00000  0.11916  0.56767  0.78213
74 75	 0.00620  0.00000  0.07627  0.33256  0.52230
75 76	 0.03483  0.03594  0.22641  0.80822  0.97741
76 77	 0.30090  0.85184  0.96080  0.98734  1.00000
77 78	 0.11523  0.57278  0.99257  0.99211  1.00000
78 79	 0.00986  0.00363  0.14251  0.61240  0.89672
80 81	 0.66596  0.97563  1.00000  0.99351  1.00000
81 82	 0.54194  0.99253  0.99255  1.00000  0.98163
82 83	 0.06834  0.37465  1.00000  0.97263  0.99006
84 85	 0.08412  0.40415  1.00000  1.00000  1.00000
85 86	 0.14589  0.56814  0.98666  1.00000  1.00000
86 87	 0.36667  0.91464  1.00000  1.00000  0.94777
87 88	 1.00000  1.00000  1.00000  0.97525  0.98588
88 89	 0.10578  0.43089  0.99389  0.94994  1.00000
89 90	 0.00000  0.00000  0.01010  0.04819  0.09594
90 91	 0.00000  0.00000  0.08268  0.38891  0.60864
91 92	 0.01996  0.10667  0.58703  0.99029  1.00000
92 93	 0.00763  0.03105  0.08236  0.22650  0.46251
93 94	 0.00000  0.02432  0.33542  0.87264  0.95891
94 95	 0.09081  0.38897  0.95915  1.00000  0.97963
95 96	 0.02900  0.16638  0.76209  0.98541  0.97555
96 97	 0.00503  0.03072  0.02065  0.06797  0.12542
97 98	 0.00000  0.07400  0.60452  0.98727  0.99724
98 99	 0.02971  0.03937  0.00057  0.11841  0.19444
99 100	 0.00141  0.01130  0.01791  0.18404  0.27275
100 101	 0.02758  0.13082  0.68940  1.00000  0.98155
101 102	 0.04657  0.26990  0.97630  0.99971  0.99210
102 103	 0.00000  0.11388  0.49472  1.00000  1.00000
103 104	 0.00000  0.00000  0.12808  0.56661  0.82638
105 106	 0.29380  0.86257  1.00000  0.97827  0.99165
106 107	 0.02532  0.11776  0.67083  1.00000  0.99816
107 108	 0.00491  0.00000  0.05209  0.33866  0.58812
108 109	 0.00128  0.00000  0.06724  0.33444  0.51963
109 110	 0.09170  0.38182  1.00000  0.98528  0.99303
110 111	 0.37419  0.95465  1.00000  1.00000  1.00000
111 112	 0.05783  0.46746  0.96546  0.98277  0.96455
112 113	 0.00000  0.00000  0.00336  0.04294  0.08145
113 114	 0.00000  0.00000  0.02602  0.01898  0.09025
114 115	 0.03033  0.00000  0.12487  0.48367  0.77368
115 116	 0.02535  0.11858  0.67953  1.00000  0.99002
116 117	 0.00286  0.07919  0.63005  0.99598  1.00000
117 118	 0.08995  0.47197  0.98279  1.00000  0.97409
118 119	 0.04631  0.00000  0.00000  0.19273  0.33369
120 121	 0.00000  0.03215  0.02215  0.17658  0.22490
121 122	 0.00000  0.01210  0.04820  0.40319  0.60265
122 123	 0.00000  0.01326  0.18842  0.74958  0.94315
123 124	 0.02388  0.02543  0.04963  0.22690  0.41366
124 125	 0.00000  0.00000  0.00133  0.00000  0.00000
125 126	 0.03404  0.00000  0.03718  0.00000  0.01690
126 127	 0.00000  0.00000  0.00000  0.04438  0.01030
127 128	 0.00000  0.00932  0.01687  0.04670  0.07785
128 129	 0.00712  0.01450  0.30958  0.89660  0.98057
129 130	 0.07317  0.23456  0.95244  0.99084  1.00000
131 132	 0.08678  0.31970  0.98124  1.00000  0.98554
132 133	 0.02406  0.12504  0.73128  0.99187  0.99975
133 134	 0.03376  0.03156  0.14321  0.57633  0.81886
135 136	 0.18231  0.72434  1.00000  0.97224  1.00000
136 137	 0.07707  0.37657  1.00000  0.99852  0.96836
137 138	 0.00000  0.00000  0.10326  0.35101  0.56220
138 139	 0.02806  0.18184  0.82128  1.00000  1.00000
139 140	 0.21855  0.74854  0.96703  0.96760  0.99644
140 141	 0.06065  0.07834  0.57960  0.96343  1.00000
141 142	 0.02565  0.00000  0.14868  0.58078  0.83563
142 143	 0.02811  0.00551  0.00000  0.01133  0.00249
143 144	 0.02138  0.00000  0.01509  0.05346  0.16709
144 145	 0.00156  0.00000  0.17218  0.61689  0.88848
145 146	 0.49119  1.00000  0.97097  1.00000  0.98302
146 147	 0.83431  0.99955  0.98804  1.00000  0.99796
147 148	 0.07812  0.36847  1.00000  0.98191  0.99819
149 150	 0.03859  0.12561  0.69768  0.95560  1.00000
150 151	 0.00000  0.00000  0.00000  0.15421  0.21433
151 152	 0.03251  0.02097  0.06411  0.42361  0.61461
152 153	 0.04178  0.01730  0.22201  0.78439  0.94907
153 154	 0.00000  0.00000  0.05665  0.48085  0.76056
154 155	 0.00000  0.01523  0.08955  0.39459  0.61597
155 156	 0.00000  0.05312  0.09683  0.49091  0.67340
156 157	 0.05028  0.11113  0.62811  0.96781  1.00000
157 158	 0.03561  0.07091  0.15838  0.64659  0.88730
158 159	 0.04899  0.00000  0.00057  0.13867  0.17934
159 160	 0.00000  0.02652  0.00000  0.00000  0.01952
160 161	 0.00000  0.02039  0.00948  0.10030  0.22861
162 163	 0.00000  0.04762  0.18059  0.75004  0.94186
164 165	 0.11136  0.45895  1.00000  1.00000  0.97090
166 167	 0.67256  1.00000  1.00000  1.00000  0.97302
167 168	 1.00000  1.00000  0.99158  1.00000  1.00000
168 169	 0.09280  0.39363  1.00000  0.98048  1.00000
169 170	 0.00725  0.01732  0.00665  0.08202  0.12031
170 171	 0.04532  0.27149  0.93243  0.97664  0.99177
171 172	 0.22858  0.81092  1.00000  1.00000  1.00000
172 173	 0.00589  0.01070  0.04165  0.18152  0.33336
173 174	 0.00000  0.00007  0.02123  0.07799  0.06441
174 175	 0.00136  0.10422  0.70671  1.00000  1.00000
175 176	 0.55810  0.98307  1.00000  1.00000  1.00000
176 177	 0.36919  0.95021  1.00000  0.99208  0.96259
177 178	 0.01276  0.13047  0.71326  0.99381  0.98886
178 179	 0.00000  0.00000  0.00000  0.00000  0.12956
179 180	 0.01301  0.01363  0.01686  0.11527  0.21460
180 181	 0.00000  0.00346  0.02416  0.01613  0.07767
181 182	 0.00000  0.01391  0.02466  0.03801  0.08931
182 183	 0.01107  0.07401  0.47722  1.00000  1.00000
183 184	 0.00000  0.06332  0.13036  0.55547  0.84072
185 186	 0.01523  0.00668  0.08756  0.40832  0.65619
186 187	 0.01754  0.09967  0.59481  0.98016  0.97708
187 188	 0.01666  0.17472  0.88020  0.99429  1.00000
188 189	 0.00000  0.02284  0.02134  0.03936  0.00223
189 190	 0.00000  0.00000  0.00000  0.07639  0.07767
190 191	 0.06601  0.45447  0.94618  0.97917  1.00000
191 192	 0.02401  0.21258  0.83292  0.97785  1.00000
192 193	 0.00000  0.12538  0.67723  0.98115  0.98636
193 194	 0.00000  0.03819  0.04529  0.25269  0.42565
194 195	 0.01214  0.04855  0.14278  0.56427  0.79193
195 196	 0.26623  0.89087  0.99515  0.98806  1.00000
196 197	 0.03431  0.16445  0.86845  0.97915  1.00000
197 198	 0.03656  0.16291  0.82842  0.98570  1.00000
199 200	 0.02789  0.00000  0.05760  0.29495  0.49814
200 201	 0.00635  0.01174  0.00949  0.01055  0.02300
201 202	 0.01921  0.00000  0.01609  0.01479  0.06411
202 203	 0.00000  0.01809  0.00000  0.11121  0.21815
203 204	 0.01864  0.21684  0.94882  1.00000  1.00000
204 205	 0.09981  0.51420  0.97271  0.99848  1.00000
205 206	 0.87281  0.99244  0.96650  0.95849  0.95176
206 207	 0.03589  0.20700  0.87187  1.00000  1.00000
207 208	 0.00000  0.02297  0.13488  0.46059  0.74267
208 209	 0.00234  0.01211  0.05020  0.22013  0.39753
209 210	 0.01378  0.13854  0.69332  1.00000  0.95923
210 211	 0.01200  0.00000  0.00000  0.00000  0.00000
211 212	 0.01855  0.03297  0.02708  0.00000  0.02548
212 213	 0.00000  0.00670  0.00000  0.03293  0.01403
213 214	 0.00397  0.00000  0.00000  0.00000  0.03452
214 215	 0.00823  0.00000  0.00000  0.03782  0.00083
215 216	 0.00000  0.04509  0.00000  0.01628  0.01191
216 217	 0.05270  0.21147  0.91893  0.96041  0.99506
217 218	 0.96045  1.00000  0.99961  0.98741  0.98635
218 219	 0.13544  0.58696  0.99584  1.00000  1.00000
219 220	 0.01864  0.03742  0.23483  0.81214  0.99415
220 221	 0.06318  0.23071  0.92520  1.00000  0.96246
221 222	 0.04202  0.29793  0.97840  0.96689  0.98065
222 223	 0.00804  0.11096  0.43738  0.93284  0.95230
223 224	 0.54779  0.96952  0.98683  1.00000  1.00000
224 225	 1.00000  1.00000  1.00000  1.00000  1.00000
225 226	 0.92292  1.00000  1.00000  0.98148  1.00000
226 227	 0.04520  0.30661  0.97314  1.00000  1.00000
227 228	 0.02026  0.00000  0.01943  0.20325  0.39338
228 229	 0.03489  0.04610  0.59115  0.99057  0.99877
229 230	 0.00000  0.06200  0.41786  0.98036  1.00000
230 231	 0.04725  0.00187  0.04018  0.21363  0.37575
231 232	 0.00000  0.05768  0.27799  0.90154  0.99769
232 233	 0.00000  0.08524  0.46643  0.98091  1.00000
233 234	 0.00000  0.00000  0.00000  0.00726  0.06014
234 235	 0.00000  0.00000  0.00994  0.03989  0.04906
235 236	 0.01582  0.00000  0.16071  0.61080  0.82226
236 237	 0.03167  0.01521  0.04927  0.41757  0.63694
237 238	 0.03715  0.00527  0.00247  0.00000  0.01645
238 239	 0.04400  0.02248  0.01172  0.01908  0.10404
239 240	 0.03869  0.13572  0.78167  1.00000  0.98630
240 241	 0.12046  0.50252  0.97698  0.98312  1.00000
241 242	 0.02350  0.01318  0.20633  0.75137  0.91794
242 243	 0.03150  0.00569  0.11164  0.36169  0.61136
243 244	 0.05458  0.21217  0.87210  1.00000  0.98694
244 245	 0.03219  0.20718  0.95435  1.00000  1.00000
245 246	 0.00325  0.01171  0.14461  0.54614  0.80488
246 247	 0.05608  0.20388  0.88000  0.99323  1.00000
247 248	 0.54879  0.98624  0.99793  0.99827  1.00000
248 249	 0.02176  0.04721  0.26918  0.83350  0.96885
249 250	 0.03981  0.14560  0.76027  0.99944  0.99648
250 251	 0.28743  0.88010  0.98798  0.99602  1.00000
251 252	 0.02636  0.19232  0.91004  0.98785  1.00000
252 253	 0.00723  0.00992  0.11283  0.40862  0.66700
253 254	 0.00000  0.00892  0.05122  0.22397  0.40219
254 255	 0.00000  0.05707  0.35917  0.90511  0.99705
255 256	 0.04573  0.10670  0.74185  0.97515  1.00000
256 257	 0.00172  0.00000  0.00611  0.11656  0.24921
257 258	 0.00000  0.02682  0.26218  0.85532  0.99430
258 259	 0.12272  0.67352  0.99561  1.00000  1.00000
259 260	 0.05419  0.31429  0.98899  1.00000  0.95919
260 261	 0.05183  0.24161  0.99621  0.99139  1.00000
261 262	 1.00000  0.99184  1.00000  0.98183  0.99732
262 263	 1.00000  0.99794  0.99025  0.96343  1.00000
263 264	 0.03654  0.24289  0.92608  0.98552  1.00000
264 265	 0.00955  0.02291  0.48025  0.96265  1.00000
265 266	 0.41374  0.98433  0.98349  1.00000  0.97920
266 267	 0.00000  0.06318  0.60952  0.99028  0.97532
267 268	 0.57181  1.00000  0.97812  0.97753  0.96602
268 269	 0.02367  0.15457  0.85304  1.00000  0.98444
269 270	 0.35079  0.96708  0.97702  1.00000  0.98203
270 271	 1.00000  1.00000  1.00000  0.97716  1.00000
271 272	 1.00000  1.00000  1.00000  1.00000  1.00000
272 273	 0.12456  0.59595  1.00000  1.00000  1.00000
273 274	 0.00000  0.00880  0.03479  0.15256  0.29669
274 275	 0.00101  0.11403  0.65689  1.00000  1.00000
275 276	 0.14567  0.59550  1.00000  0.99066  1.00000
276 277	 0.00000  0.04107  0.11849  0.62066  0.84480
277 278	 0.00000  0.00000  0.11943  0.48754  0.73739
278 279	 0.03429  0.25540  0.92875  1.00000  1.00000
279 280	 0.08970  0.47740  0.99100  0.97798  1.00000
280 281	 0.00000  0.00857  0.37409  0.91495  0.99218
282 283	 0.25942  0.85545  1.00000  0.99891  1.00000
283 284	 0.03976  0.05851  0.44586  0.99108  0.98587
284 285	 0.00000  0.00000  0.09200  0.37597  0.65009
285 286	 0.00329  0.10242  0.60749  1.00000  0.99838
286 287	 0.00998  0.06944  0.53563  1.00000  0.97584
287 288	 0.00000  0.00000  0.01373  0.39472  0.62786
288 289	 0.02842  0.02736  0.11031  0.49132  0.78133
289 290	 0.01677  0.18158  0.87225  1.00000  0.98853
290 291	 0.14722  0.59790  1.00000  1.00000  0.95577
291 292	 0.00799  0.04999  0.17519  0.67369  0.90500
292 293	 0.06599  0.19611  0.89873  0.99542  0.96002
293 294	 0.96304  1.00000  1.00000  0.99609  1.00000
294 295	 0.76774  1.00000  0.99688  0.97141  1.00000
295 296	 0.01218  0.09673  0.64719  1.00000  1.00000
296 297	 0.00016  0.02187  0.08243  0.38377  0.64619
297 298	 0.09230  0.53159  1.00000  1.00000  0.99921
298 299	 0.00000  0.07217  0.50661  0.98926  0.99992
299 300	 0.01525  0.00000  0.02845  0.19842  0.38476
300 301	 0.00000  0.07354  0.51100  0.99147  0.99869
301 302	 0.01657  0.11007  0.51326  0.98961  0.96659
302 303	 0.01008  0.00000  0.03280  0.15335  0.32105
303 304	 0.04312  0.02450  0.16577  0.66712  0.90917
304 305	 0.02871  0.06918  0.32427  0.92106  0.98651
305 306	 0.03247  0.03148  0.20626  0.64709  0.90312
306 307	 0.01144  0.02797  0.03258  0.11991  0.24558
307 308	 0.16545  0.65716  1.00000  1.00000  0.99132
308 309	 0.40798  0.95941  0.99476  0.99646  1.00000
309 310	 0.07054  0.03707  0.13401  0.51040  0.73353
