# ResID Deuterated fraction, Times /
1 2	 0.98959  0.99573  1.00000  0.97340  1.00000
2 3	 0.00000  0.00000  0.09356  0.48767  0.72452
3 4	 0.00000  0.06783  0.01751  0.03764  0.07838
4 5	 0.01925  0.00000  0.00325  0.00000  0.01626
5 6	 0.00000  0.01970  0.00206  0.04536  0.03286
6 7	 0.00497  0.02366  0.00000  0.11318  0.20812
7 8	 0.00000  0.03369  0.18096  0.67447  0.88089
8 9	 0.02848  0.03432  0.06695  0.20720  0.36543
9 10	 0.00000  0.00000  0.05198  0.33666  0.55986
10 11	 0.45094  0.97243  0.98770  0.99920  1.00000
11 12	 0.05576  0.33593  0.94492  0.99442  1.00000
12 13	 0.00000  0.09672  0.62413  1.00000  0.97302
13 14	 0.02833  0.04214  0.32698  0.89931  0.98903
14 15	 0.00000  0.03595  0.11000  0.46696  0.72253
15 16	 0.00000  0.00000  0.05335  0.20292  0.34818
16 17	 0.02581  0.01561  0.00000  0.05885  0.11358
17 18	 0.01756  0.00949  0.01413  0.14810  0.26999
18 19	 0.00052  0.02781  0.05234  0.04839  0.10551
19 20	 0.00000  0.00000  0.06897  0.37274  0.60158
20 21	 0.03712  0.11170  0.72548  0.99691  1.00000
21 22	 0.00590  0.01139  0.00000  0.03658  0.07181
22 23	 0.00296  0.02115  0.08323  0.34791  0.57278
23 24	 0.00000  0.07339  0.41365  0.94066  1.00000
24 25	 0.03908  0.07433  0.50000  1.00000  1.00000
25 26	 0.02503  0.00000  0.00399  0.07257  0.10215
26 27	 0.00000  0.00000  0.06097  0.21781  0.39617
27 28	 0.54810  0.98712  1.00000  1.00000  0.99965
28 29	 0.23355  0.79381  0.99685  0.99422  1.00000
29 30	 0.21574  0.68780  0.99084  1.00000  0.96890
30 31	 1.00000  1.00000  1.00000  0.98682  0.97418
31 32	 0.58463  0.98673  1.00000  0.99114  1.00000
32 33	 0.04880  0.25596  0.96163  0.99014  0.98294
33 34	 0.00000  0.01503  0.02820  0.16055  0.25384
34 35	 0.03182  0.01407  0.04709  0.37113  0.61267
35 36	 0.24071  0.72330  0.99957  0.99938  1.00000
36 37	 0.00000  0.05038  0.23312  0.77097  0.91797
37 38	 0.04136  0.09885  0.65959  1.00000  0.97333
38 39	 0.00000  0.02879  0.05741  0.19913  0.37484
39 40	 0.69603  0.99408  0.98709  0.96076  1.00000
40 41	 0.75611  0.99499  0.98337  0.99545  0.99487
41 42	 0.24514  0.80500  1.00000  1.00000  1.00000
42 43	 0.03819  0.28660  0.96903  1.00000  1.00000
43 44	 0.05035  0.34635  0.96410  0.99683  1.00000
44 45	 0.51425  1.00000  1.00000  0.96265  1.00000
45 46	 0.94962  0.99580  1.00000  1.00000  0.98295
46 47	 0.05827  0.39770  0.97569  0.99298  1.00000
47 48	 0.00000  0.00000  0.00000  0.04131  0.13101
48 49	 0.00000  0.04423  0.05124  0.44049  0.68732
49 50	 0.02587  0.08168  0.61112  1.00000  0.96320
50 51	 0.02367  0.00496  0.07417  0.34940  0.58074
51 52	 0.01209  0.00019  0.00000  0.02076  0.04394
52 53	 0.00000  0.02692  0.16343  0.69410  0.90285
53 54	 0.19899  0.77168  1.00000  1.00000  0.99945
54 55	 0.05907  0.17766  0.82262  0.99964  1.00000
55 56	 0.02024  0.01277  0.19819  0.71386  0.92581
56 57	 0.00000  0.00091  0.00000  0.14862  0.23058
57 58	 0.01017  0.00934  0.00158  0.16255  0.24221
58 59	 0.00000  0.00000  0.01831  0.05210  0.16465
59 60	 0.00000  0.00000  0.02580  0.00000  0.00000
60 61	 0.00000  0.00218  0.01133  0.05048  0.06356
61 62	 0.00000  0.00000  0.03429  0.04512  0.14946
62 63	 0.00000  0.01549  0.03191  0.15302  0.35030
64 65	 0.05581  0.07880  0.65166  1.00000  0.99559
65 66	 0.00051  0.00000  0.04938  0.18429  0.40274
66 67	 0.00000  0.00000  0.02198  0.17163  0.32582
67 68	 0.00000  0.00071  0.01025  0.08760  0.11906
68 69	 0.13792  0.48267  0.95640  1.00000  1.00000
69 70	 0.80540  1.00000  1.00000  0.96880  0.99596
70 71	 0.00000  0.01026  0.29489  0.83938  0.97722
72 73	 0.15393  0.74902  0.98932  0.99591  0.98618
73 74	 0.00000  0.03489  0.10830  0.50726  0.80914
74 75	 0.00000  0.00976  0.08407  0.33164  0.55362
75 76	 0.00532  0.04869  0.27678  0.81747  0.93978
76 77	 0.31794  0.88140  1.00000  0.99713  0.97281
77 78	 0.09409  0.56189  1.00000  1.00000  0.97066
78 79	 0.02797  0.04338  0.14235  0.61468  0.81717
80 81	 0.67235  0.97899  1.00000  1.00000  1.00000
81 82	 0.58383  1.00000  0.99539  0.96726  1.00000
82 83	 0.06884  0.42297  1.00000  1.00000  1.00000
84 85	 0.08163  0.40888  0.96383  1.00000  1.00000
85 86	 0.15169  0.56200  1.00000  0.98364  0.95567
86 87	 0.35856  0.90978  0.98527  1.00000  0.99507
87 88	 0.98630  1.00000  1.00000  0.98999  0.97062
88 89	 0.06478  0.42881  1.00000  1.00000  1.00000
89 90	 0.00449  0.00000  0.02059  0.06536  0.07878
90 91	 0.00000  0.02232  0.08045  0.37345  0.60333
91 92	 0.00790  0.10498  0.57098  1.00000  1.00000
92 93	 0.00000  0.00709  0.02828  0.27327  0.44704
93 94	 0.00000  0.05841  0.29852  0.86791  0.97140
94 95	 0.07372  0.35614  0.98847  1.00000  1.00000
95 96	 0.04669  0.14084  0.77299  1.00000  0.97867
96 97	 0.00000  0.00000  0.05546  0.10287  0.11550
97 98	 0.02258  0.10644  0.62428  0.98647  0.98641
98 99	 0.00000  0.04829  0.05324  0.06818  0.18638
99 100	 0.00000  0.01000  0.02137  0.15968  0.26513
100 101	 0.00000  0.11132  0.69705  1.00000  0.98589
101 102	 0.04504  0.28936  0.94820  0.96135  1.00000
102 103	 0.04561  0.06507  0.53201  1.00000  1.00000
103 104	 0.00000  0.00000  0.09561  0.53171  0.76829
105 106	 0.28610  0.89172  0.97510  0.99021  1.00000
106 107	 0.04892  0.10256  0.65476  1.00000  1.00000
107 108	 0.00000  0.00000  0.06853  0.35189  0.58420
108 109	 0.03272  0.02393  0.05477  0.31856  0.53498
109 110	 0.06624  0.41001  0.98734  0.99773  0.96919
110 111	 0.35617  0.93079  0.96177  0.98313  1.00000
111 112	 0.11541  0.44589  0.97447  1.00000  0.98589
112 113	 0.00000  0.01200  0.00062  0.05315  0.07065
113 114	 0.00000  0.00000  0.01554  0.05980  0.11369
114 115	 0.01291  0.01625  0.13339  0.46498  0.71698
115 116	 0.03841  0.09595  0.66634  0.99707  1.00000
116 117	 0.02087  0.08497  0.60340  1.00000  1.00000
117 118	 0.10282  0.41665  0.98853  1.00000  0.97800
118 119	 0.00000  0.00000  0.06992  0.21084  0.35443
120 121	 0.00000  0.03679  0.02644  0.13271  0.28788
121 122	 0.00000  0.00904  0.07865  0.41941  0.63915
122 123	 0.00000  0.02202  0.18312  0.73302  0.95019
123 124	 0.02380  0.01483  0.02071  0.25367  0.40825
124 125	 0.02263  0.00000  0.00718  0.00000  0.01087
125 126	 0.01058  0.00000  0.01512  0.01498  0.01604
126 127	 0.00000  0.00000  0.00000  0.00749  0.05331
127 128	 0.00000  0.02811  0.02462  0.05135  0.11600
128 129	 0.02034  0.05206  0.30501  0.88136  1.00000
129 130	 0.01240  0.22076  0.93700  0.98142  0.97697
131 132	 0.05058  0.31873  0.98365  1.00000  1.00000
132 133	 0.03034  0.12958  0.70385  0.98278  0.97734
133 134	 0.04584  0.05242  0.13599  0.58222  0.78902
135 136	 0.18838  0.71328  1.00000  1.00000  1.00000
136 137	 0.07844  0.35357  0.96431  0.99690  0.98033
137 138	 0.02171  0.05315  0.06630  0.33583  0.56198
138 139	 0.01791  0.12892  0.78716  1.00000  0.99182
139 140	 0.22136  0.75004  1.00000  0.99701  1.00000
140 141	 0.01776  0.07840  0.58759  0.96948  0.99931
141 142	 0.00000  0.01257  0.12838  0.62137  0.83121
142 143	 0.00000  0.00021  0.01054  0.00000  0.00135
143 144	 0.03990  0.02798  0.00000  0.11652  0.17328
144 145	 0.01290  0.00000  0.16453  0.66802  0.90173
145 146	 0.44051  0.97479  1.00000  1.00000  0.99663
146 147	 0.85907  1.00000  0.99140  1.00000  0.99902
147 148	 0.05888  0.36031  0.97304  0.99771  1.00000
149 150	 0.02151  0.14938  0.70545  1.00000  0.99755
150 151	 0.03297  0.00770  0.00000  0.14216  0.21745
151 152	 0.00000  0.01432  0.06599  0.39545  0.61100
152 153	 0.01736  0.00000  0.22211  0.79456  0.90779
153 154	 0.01747  0.02420  0.08935  0.53121  0.76003
154 155	 0.00000  0.02085  0.02124  0.34910  0.55768
155 156	 0.00745  0.04065  0.13648  0.47192  0.70348
156 157	 0.04105  0.11912  0.67641  0.97360  0.98771
157 158	 0.00000  0.01909  0.16151  0.66629  0.88116
158 159	 0.03644  0.00000  0.02040  0.12536  0.20635
159 160	 0.00000  0.00000  0.00000  0.00000  0.03599
160 161	 0.00182  0.00335  0.00991  0.16547  0.20683
162 163	 0.04643  0.05771  0.21377  0.68715  0.93117
164 165	 0.11381  0.49091  0.98320  1.00000  1.00000
166 167	 0.69389  1.00000  1.00000  0.99532  0.97165
167 168	 0.98498  0.96769  0.99436  0.98494  1.00000
168 169	 0.07122  0.40276  1.00000  1.00000  1.00000
169 170	 0.00000  0.00000  0.00000  0.03199  0.14374
170 171	 0.01497  0.24978  0.94476  0.99651  0.97899
171 172	 0.19712  0.82039  0.98237  0.98501  0.95442
172 173	 0.03188  0.00000  0.02785  0.18336  0.31323
173 174	 0.00000  0.06567  0.03339  0.00000  0.06019
174 175	 0.00000  0.12776  0.71791  1.00000  1.00000
175 176	 0.50947  0.97645  0.98979  1.00000  0.97865
176 177	 0.34843  0.93581  0.99103  0.99429  1.00000
177 178	 0.03800  0.12309  0.77353  1.00000  1.00000
178 179	 0.00000  0.00000  0.01336  0.06907  0.09230
179 180	 0.00000  0.02279  0.01631  0.11446  0.23352
180 181	 0.00000  0.02741  0.00389  0.02662  0.07678
181 182	 0.00000  0.00000  0.02001  0.03990  0.04288
182 183	 0.01047  0.07606  0.52646  1.00000  1.00000
183 184	 0.00108  0.00161  0.12318  0.59039  0.79658
185 186	 0.00000  0.02724  0.08200  0.38129  0.69289
186 187	 0.00756  0.07211  0.56828  0.96026  0.98448
187 188	 0.03722  0.21528  0.85119  1.00000  1.00000
188 189	 0.01014  0.00000  0.00493  0.00129  0.02441
189 190	 0.02139  0.00000  0.02143  0.02602  0.10870
190 191	 0.09052  0.40369  0.98845  1.00000  0.99738
191 192	 0.04537  0.23511  0.88704  0.97729  1.00000
192 193	 0.00055  0.11410  0.71177  1.00000  0.97947
193 194	 0.02309  0.00631  0.03738  0.28433  0.48962
194 195	 0.03712  0.01588  0.12924  0.55415  0.82436
195 196	 0.26379  0.85459  1.00000  1.00000  0.98781
196 197	 0.03172  0.21294  0.86413  0.99065  1.00000
197 198	 0.03183  0.15306  0.81902  0.98009  1.00000
199 200	 0.00000  0.00000  0.07831  0.27989  0.50067
200 201	 0.00000  0.00000  0.02424  0.03631  0.03863
201 202	 0.00263  0.01305  0.00000  0.00000  0.09235
202 203	 0.00000  0.02081  0.00000  0.11921  0.20116
203 204	 0.03037  0.25360  0.91118  0.96568  1.00000
204 205	 0.11887  0.55342  0.99740  0.96827  0.99877
205 206	 0.87614  1.00000  1.00000  1.00000  0.99158
206 207	 0.01725  0.18159  0.83587  1.00000  0.99233
207 208	 0.00000  0.02068  0.10424  0.47660  0.78391
208 209	 0.03260  0.03544  0.06078  0.21916  0.37258
209 210	 0.00000  0.13796  0.67227  0.99396  0.99389
210 211	 0.00000  0.00000  0.00000  0.00181  0.02365
211 212	 0.00000  0.02537  0.00000  0.00604  0.01190
212 213	 0.03609  0.01845  0.01272  0.00000  0.04390
213 214	 0.00481  0.01830  0.00000  0.00767  0.00350
214 215	 0.00000  0.00000  0.00000  0.04241  0.03398
215 216	 0.00000  0.00000  0.04934  0.00133  0.01718
216 217	 0.00728  0.18402  0.89583  0.98782  1.00000
217 218	 1.00000  0.99818  0.99359  0.99272  0.98269
218 219	 0.13276  0.57963  1.00000  0.95482  0.99474
219 220	 0.00000  0.05392  0.28911  0.85902  0.99641
220 221	 0.06985  0.26239  0.97538  0.96975  0.94794
221 222	 0.04811  0.29627  0.95017  1.00000  1.00000
222 223	 0.03012  0.04163  0.43662  0.96768  0.98194
223 224	 0.55441  0.97871  1.00000  0.98167  1.00000
224 225	 1.00000  1.00000  0.99115  0.95589  0.99532
225 226	 0.94504  0.99280  1.00000  0.99390  0.97013
226 227	 0.08690  0.29994  0.96273  1.00000  0.94635
227 228	 0.03428  0.00000  0.07504  0.23316  0.35963
228 229	 0.01558  0.08590  0.57271  0.99532  1.00000
229 230	 0.00000  0.03764  0.46048  0.99127  1.00000
230 231	 0.00000  0.00000  0.06327  0.20292  0.36902
231 232	 0.00499  0.03864  0.35725  0.91234  1.00000
232 233	 0.01066  0.04611  0.48803  1.00000  1.00000
233 234	 0.00389  0.00000  0.00000  0.03567  0.04594
234 235	 0.00000  0.02259  0.04188  0.03583  0.06463
235 236	 0.00242  0.00000  0.13408  0.59648  0.84219
236 237	 0.00000  0.02693  0.09097  0.42569  0.64598
237 238	 0.02967  0.00000  0.01314  0.02793  0.01250
238 239	 0.00226  0.00000  0.00000  0.04835  0.06057
239 240	 0.00674  0.14420  0.78906  0.97776  1.00000
240 241	 0.13256  0.53770  0.98710  0.97081  0.98499
241 242	 0.01573  0.01598  0.19976  0.75648  0.94399
242 243	 0.00000  0.00000  0.09958  0.33944  0.60638
243 244	 0.04517  0.21244  0.92142  1.00000  0.98730
244 245	 0.03810  0.24209  0.93684  1.00000  1.00000
245 246	 0.00210  0.05348  0.12947  0.57235  0.80751
246 247	 0.02958  0.22531  0.87409  1.00000  0.95331
247 248	 0.60582  0.95990  0.99239  0.98761  1.00000
248 249	 0.00487  0.03518  0.23524  0.78648  0.96010
249 250	 0.02600  0.16024  0.77322  1.00000  0.98807
250 251	 0.27835  0.85163  1.00000  0.97778  0.97461
251 252	 0.00944  0.26258  0.93164  1.00000  0.98631
252 253	 0.01261  0.03157  0.11966  0.43053  0.67820
253 254	 0.00000  0.00000  0.06144  0.24927  0.40865
254 255	 0.00998  0.05966  0.40523  0.92942  1.00000
255 256	 0.02570  0.09832  0.73433  0.98977  1.00000
256 257	 0.00298  0.00791  0.03250  0.13069  0.21033
257 258	 0.00000  0.04331  0.28150  0.85451  1.00000
258 259	 0.15850  0.66839  0.99899  0.97088  0.97286
259 260	 0.03528  0.31631  1.00000  1.00000  1.00000
260 261	 0.06441  0.23847  0.97317  1.00000  0.98558
261 262	 0.96426  1.00000  1.00000  0.98878  0.97906
262 263	 0.99318  1.00000  1.00000  0.98735  0.99987
263 264	 0.04447  0.20802  0.96438  1.00000  1.00000
264 265	 0.00000  0.05926  0.44916  0.98388  1.00000
265 266	 0.43489  0.96111  0.95281  1.00000  0.99072
266 267	 0.02830  0.07654  0.65312  0.99588  1.00000
267 268	 0.53077  1.00000  1.00000  0.96731  0.98627
268 269	 0.04048  0.16487  0.82363  1.00000  1.00000
269 270	 0.39251  0.94865  1.00000  0.99331  0.99737
270 271	 1.00000  1.00000  1.00000  1.00000  0.99359
271 272	 1.00000  0.97606  0.98798  0.99264  1.00000
272 273	 0.11136  0.60630  1.00000  1.00000  0.98677
273 274	 0.00000  0.00000  0.02396  0.15362  0.30952
274 275	 0.01544  0.09531  0.59262  0.98222  1.00000
275 276	 0.11268  0.55458  0.98282  0.95434  1.00000
276 277	 0.02651  0.02981  0.18107  0.60540  0.84800
277 278	 0.02616  0.01471  0.11270  0.51110  0.71378
278 279	 0.02280  0.23924  0.96298  1.00000  0.98507
279 280	 0.06894  0.47159  0.98572  0.97022  1.00000
280 281	 0.00103  0.02522  0.34891  0.89065  0.98158
282 283	 0.32675  0.87205  1.00000  1.00000  1.00000
283 284	 0.04205  0.09021  0.43378  0.95259  0.96004
284 285	 0.02283  0.00000  0.06174  0.38320  0.62732
285 286	 0.02896  0.08302  0.64844  0.99279  1.00000
286 287	 0.03973  0.10682  0.52994  0.97680  0.98989
287 288	 0.00000  0.00000  0.09281  0.43113  0.67454
288 289	 0.00859  0.01208  0.11577  0.49962  0.73602
289 290	 0.06195  0.17945  0.86175  1.00000  0.98465
290 291	 0.17689  0.63357  0.96261  1.00000  0.99313
291 292	 0.02269  0.02964  0.17669  0.67338  0.87333
292 293	 0.04494  0.19724  0.86507  0.96798  1.00000
293 294	 0.98657  1.00000  0.98612  0.99938  1.00000
294 295	 0.70636  1.00000  0.97393  0.99166  1.00000
295 296	 0.00000  0.08480  0.56202  0.96952  1.00000
296 297	 0.00000  0.00000  0.08563  0.39068  0.60481
297 298	 0.16207  0.49985  0.98956  0.98362  1.00000
298 299	 0.01397  0.04239  0.46473  0.97103  0.97110
299 300	 0.00810  0.01356  0.02859  0.19556  0.37562
300 301	 0.02355  0.11205  0.50966  0.97470  1.00000
301 302	 0.01694  0.11989  0.56317  0.98506  0.98743
302 303	 0.00000  0.04191  0.03932  0.19916  0.32916
303 304	 0.00000  0.04112  0.18683  0.69008  0.92199
304 305	 0.00000  0.04605  0.33331  0.90427  1.00000
305 306	 0.00000  0.04486  0.21003  0.72422  0.90159
306 307	 0.05332  0.00335  0.01330  0.10139  0.21104
307 308	 0.18775  0.67810  0.99627  0.95984  1.00000
308 309	 0.38048  0.93869  1.00000  1.00000  1.00000
309 310	 0.02891  0.00000  0.09585  0.45829  0.67401
