# ResID Deuterated fraction, Times /
1 2	 1.00000  1.00000  0.97305  1.00000  1.00000
2 3	 0.00616  0.04334  0.07807  0.48600  0.72863
3 4	 0.00000  0.00000  0.00687  0.12136  0.15912
4 5	 0.04291  0.00000  0.00000  0.00000  0.00834
5 6	 0.03174  0.00144  0.01073  0.03471  0.08940
6 7	 0.02691  0.00512  0.01512  0.11402  0.21174
7 8	 0.00627  0.00000  0.15522  0.68492  0.91255
8 9	 0.00000  0.00316  0.04997  0.20727  0.37876
9 10	 0.01953  0.00760  0.09241  0.35954  0.57900
10 11	 0.47843  0.97997  0.97481  1.00000  0.99821
11 12	 0.05870  0.27998  0.97833  1.00000  1.00000
12 13	 0.03555  0.08804  0.64993  0.99784  1.00000
13 14	 0.01172  0.00707  0.29721  0.90726  0.99448
14 15	 0.00120  0.00000  0.11709  0.48607  0.75129
15 16	 0.01662  0.00000  0.05005  0.22013  0.38951
16 17	 0.00607  0.00670  0.00000  0.10343  0.11192
17 18	 0.00000  0.00000  0.00445  0.15227  0.29878
18 19	 0.00665  0.00000  0.00000  0.07631  0.15876
19 20	 0.02257  0.00000  0.06977  0.40641  0.64282
20 21	 0.01629  0.10411  0.72718  1.00000  0.99932
21 22	 0.00000  0.00856  0.03374  0.02141  0.09636
22 23	 0.00205  0.00000  0.08542  0.34827  0.60494
23 24	 0.00000  0.06355  0.40057  0.95386  0.99167
24 25	 0.00000  0.04274  0.54301  1.00000  1.00000
25 26	 0.00000  0.00000  0.00000  0.00000  0.06747
26 27	 0.00000  0.00000  0.03958  0.24051  0.38166
27 28	 0.53406  0.96403  1.00000  0.99779  1.00000
28 29	 0.19026  0.80369  0.99184  0.99347  0.96706
29 30	 0.16762  0.66134  1.00000  1.00000  1.00000
30 31	 1.00000  1.00000  0.99969  0.99731  0.97728
31 32	 0.56260  0.99419  1.00000  0.95401  0.98496
32 33	 0.08275  0.27227  0.94145  1.00000  0.97705
33 34	 0.00000  0.00000  0.04187  0.14966  0.23652
34 35	 0.03898  0.00000  0.05989  0.37116  0.60579
35 36	 0.21379  0.72607  1.00000  1.00000  0.98188
36 37	 0.00000  0.04059  0.22449  0.78602  0.98555
37 38	 0.00000  0.09981  0.69843  1.00000  1.00000
38 39	 0.02005  0.01195  0.08450  0.19370  0.37741
39 40	 0.72086  0.98252  1.00000  0.97067  1.00000
40 41	 0.73065  0.98015  1.00000  1.00000  1.00000
41 42	 0.22368  0.80847  1.00000  0.98057  0.98816
42 43	 0.07977  0.31173  0.91373  0.98248  0.98598
43 44	 0.04517  0.27064  0.99003  1.00000  1.00000
44 45	 0.50482  1.00000  0.98249  0.97826  1.00000
45 46	 0.93920  0.99608  1.00000  1.00000  0.98920
46 47	 0.05227  0.39679  1.00000  0.97757  1.00000
47 48	 0.00000  0.01885  0.00000  0.09269  0.10846
48 49	 0.00000  0.03182  0.06565  0.45686  0.68740
49 50	 0.00573  0.11614  0.63007  1.00000  1.00000
50 51	 0.00000  0.00000  0.04756  0.33631  0.58410
51 52	 0.06518  0.00287  0.00737  0.05310  0.01933
52 53	 0.00068  0.02812  0.21990  0.69010  0.91485
53 54	 0.21423  0.73291  1.00000  1.00000  1.00000
54 55	 0.06282  0.16870  0.80697  0.99379  1.00000
55 56	 0.03028  0.02075  0.17174  0.72689  0.94712
56 57	 0.00000  0.00000  0.01457  0.10497  0.21189
57 58	 0.02951  0.04163  0.00000  0.14218  0.25726
58 59	 0.00000  0.00653  0.01806  0.08035  0.14741
59 60	 0.00700  0.00578  0.00000  0.00749  0.02653
60 61	 0.00232  0.00000  0.01087  0.04863  0.08740
61 62	 0.02715  0.00514  0.02561  0.07879  0.11452
62 63	 0.03077  0.00565  0.02629  0.18939  0.33317
64 65	 0.00728  0.07531  0.64019  1.00000  0.99519
65 66	 0.00000  0.02805  0.03697  0.20955  0.37719
66 67	 0.00241  0.01110  0.06065  0.18914  0.35541
67 68	 0.00000  0.00000  0.00554  0.09132  0.12018
68 69	 0.10366  0.51865  0.97676  0.98530  0.98386
69 70	 0.79783  1.00000  0.99905  0.98287  0.99597
70 71	 0.00000  0.04335  0.23850  0.82299  0.98229
72 73	 0.22937  0.76878  0.99525  0.99710  1.00000
73 74	 0.02937  0.00000  0.12263  0.54200  0.78858
74 75	 0.01258  0.02739  0.04359  0.28069  0.56299
75 76	 0.00000  0.00134  0.26388  0.78980  0.99328
76 77	 0.31803  0.85365  1.00000  0.98551  1.00000
77 78	 0.12548  0.53892  1.00000  1.00000  0.98016
78 79	 0.00000  0.00000  0.13920  0.59691  0.85762
80 81	 0.68984  0.97505  0.98767  1.00000  0.99948
81 82	 0.58584  0.97480  1.00000  1.00000  0.97958
82 83	 0.07899  0.37241  1.00000  0.96760  1.00000
84 85	 0.11566  0.35511  0.99440  0.99722  0.98778
85 86	 0.13195  0.54157  1.00000  1.00000  1.00000
86 87	 0.36546  0.94216  1.00000  1.00000  1.00000
87 88	 1.00000  0.99600  0.96974  1.00000  0.97943
88 89	 0.08900  0.46272  0.97800  1.00000  1.00000
89 90	 0.01188  0.00550  0.03283  0.03441  0.13770
90 91	 0.01285  0.00000  0.07522  0.37691  0.59344
91 92	 0.00984  0.08753  0.54762  0.98773  0.99768
92 93	 0.01643  0.00895  0.05761  0.23584  0.43763
93 94	 0.03227  0.04823  0.29764  0.87136  1.00000
94 95	 0.08777  0.37138  0.97626  1.00000  0.97820
95 96	 0.03997  0.15809  0.77010  0.98236  1.00000
96 97	 0.00000  0.00000  0.00624  0.09305  0.11777
97 98	 0.01452  0.09756  0.57994  0.99219  1.00000
98 99	 0.00000  0.00000  0.01899  0.08458  0.17602
99 100	 0.00559  0.00000  0.04433  0.10891  0.27831
100 101	 0.00000  0.09713  0.69425  0.99638  1.00000
101 102	 0.05608  0.31386  0.98037  1.00000  0.97647
102 103	 0.02464  0.05798  0.54560  0.97080  1.00000
103 104	 0.00234  0.01127  0.11876  0.54601  0.80769
105 106	 0.31407  0.87687  1.00000  0.97656  0.97686
106 107	 0.03260  0.12140  0.67075  1.00000  0.99500
107 108	 0.00000  0.00000  0.08430  0.33779  0.57407
108 109	 0.01234  0.02542  0.05324  0.31976  0.52257
109 110	 0.06917  0.34653  1.00000  0.97859  0.99277
110 111	 0.36359  0.93630  1.00000  0.99815  1.00000
111 112	 0.08588  0.46591  0.99349  0.99812  1.00000
112 113	 0.04388  0.00000  0.01489  0.01322  0.08250
113 114	 0.00430  0.00416  0.00000  0.00000  0.08161
114 115	 0.00911  0.00119  0.08763  0.45569  0.73374
115 116	 0.01113  0.11160  0.68287  0.99457  0.97011
116 117	 0.02713  0.05333  0.65846  0.97983  1.00000
117 118	 0.06021  0.44754  1.00000  1.00000  1.00000
118 119	 0.01232  0.02329  0.06052  0.18160  0.36107
120 121	 0.01013  0.04364  0.04282  0.13207  0.24111
121 122	 0.01682  0.03246  0.07881  0.33541  0.61933
122 123	 0.00283  0.02826  0.20493  0.78508  0.95811
123 124	 0.00000  0.00652  0.01610  0.23465  0.41973
124 125	 0.01030  0.00000  0.00000  0.00019  0.00000
125 126	 0.03932  0.00747  0.00574  0.00000  0.00708
126 127	 0.00000  0.00000  0.00000  0.03158  0.00000
127 128	 0.01544  0.00000  0.00000  0.08084  0.10634
128 129	 0.00000  0.01905  0.30900  0.86602  1.00000
129 130	 0.05081  0.23307  0.92608  1.00000  1.00000
131 132	 0.05809  0.30013  0.96637  1.00000  1.00000
132 133	 0.03919  0.12118  0.73135  0.99554  0.97275
133 134	 0.02140  0.03961  0.09030  0.58785  0.82594
135 136	 0.21793  0.70887  0.99900  0.97937  0.98807
136 137	 0.07641  0.35616  0.99153  0.97632  0.97878
137 138	 0.01368  0.01144  0.06329  0.31637  0.56172
138 139	 0.04872  0.14656  0.79837  0.97910  1.00000
139 140	 0.23554  0.77452  1.00000  1.00000  1.00000
140 141	 0.00000  0.08887  0.58237  0.99036  1.00000
141 142	 0.00987  0.00000  0.14001  0.57555  0.86875
142 143	 0.04633  0.00587  0.00000  0.02344  0.05374
143 144	 0.00000  0.00909  0.02296  0.10402  0.19426
144 145	 0.00000  0.00000  0.15436  0.63370  0.83823
145 146	 0.44519  0.97283  1.00000  0.99307  0.97726
146 147	 0.83909  1.00000  1.00000  0.97151  0.99988
147 148	 0.08100  0.34081  0.97571  0.97567  1.00000
149 150	 0.01156  0.12866  0.70964  1.00000  1.00000
150 151	 0.00000  0.00000  0.00874  0.13045  0.19285
151 152	 0.00000  0.02778  0.08979  0.42107  0.63758
152 153	 0.00000  0.01540  0.24173  0.80088  0.91716
153 154	 0.01166  0.00621  0.10031  0.54246  0.76836
154 155	 0.00000  0.00000  0.09755  0.36284  0.59352
155 156	 0.00000  0.02970  0.11126  0.48361  0.72883
156 157	 0.01829  0.10889  0.66480  1.00000  0.97869
157 158	 0.01664  0.00096  0.12895  0.64819  0.86929
158 159	 0.00000  0.00000  0.02690  0.10732  0.18794
159 160	 0.00476  0.01593  0.00000  0.00000  0.00340
160 161	 0.00000  0.01428  0.01203  0.12068  0.24799
162 163	 0.01514  0.01428  0.21742  0.67963  0.91584
164 165	 0.09896  0.50430  1.00000  1.00000  1.00000
166 167	 0.69746  0.99847  1.00000  0.97389  1.00000
167 168	 0.98989  1.00000  1.00000  1.00000  0.97576
168 169	 0.08854  0.44345  0.98803  1.00000  0.99236
169 170	 0.00012  0.04770  0.03430  0.04227  0.08271
170 171	 0.07083  0.24650  0.93907  0.99158  0.99064
171 172	 0.24226  0.78284  1.00000  0.99587  0.98465
172 173	 0.00191  0.01185  0.01386  0.17700  0.27686
173 174	 0.00000  0.00647  0.01695  0.02559  0.04573
174 175	 0.01758  0.11095  0.69371  1.00000  1.00000
175 176	 0.53841  1.00000  1.00000  0.99728  1.00000
176 177	 0.36284  0.93137  1.00000  1.00000  1.00000
177 178	 0.03885  0.15331  0.76963  0.95856  1.00000
178 179	 0.00000  0.00000  0.00939  0.07465  0.06322
179 180	 0.01484  0.00000  0.00000  0.13416  0.24190
180 181	 0.01877  0.02618  0.02611  0.04610  0.05354
181 182	 0.01690  0.01833  0.00729  0.00000  0.05363
182 183	 0.00000  0.07403  0.49814  0.97767  0.96295
183 184	 0.01130  0.01802  0.13273  0.56769  0.80208
185 186	 0.00000  0.00000  0.10537  0.41088  0.64311
186 187	 0.04358  0.08160  0.53393  0.98162  0.99638
187 188	 0.01896  0.18528  0.88896  0.96417  0.98822
188 189	 0.00694  0.00000  0.00548  0.00362  0.00114
189 190	 0.00966  0.00778  0.02160  0.02267  0.08227
190 191	 0.05964  0.42965  1.00000  0.96093  0.99927
191 192	 0.02493  0.20039  0.88881  0.98695  0.98168
192 193	 0.01041  0.09666  0.71491  0.98766  1.00000
193 194	 0.00000  0.01936  0.05184  0.24830  0.45822
194 195	 0.00532  0.00000  0.10757  0.57017  0.80315
195 196	 0.24945  0.89106  1.00000  1.00000  1.00000
196 197	 0.04659  0.18321  0.85664  1.00000  0.95730
197 198	 0.02928  0.15604  0.81629  1.00000  1.00000
199 200	 0.00559  0.02393  0.05168  0.29700  0.49988
200 201	 0.00000  0.00000  0.01122  0.00000  0.04580
201 202	 0.00000  0.00000  0.00000  0.02434  0.05678
202 203	 0.00797  0.01044  0.02610  0.09966  0.20370
203 204	 0.04943  0.19877  0.93425  0.99334  0.97714
204 205	 0.14468  0.53280  0.96931  0.98398  1.00000
205 206	 0.85770  0.98370  0.98797  0.98151  1.00000
206 207	 0.01023  0.18307  0.87118  1.00000  1.00000
207 208	 0.00020  0.00340  0.10068  0.48960  0.76793
208 209	 0.00654  0.04641  0.00770  0.26475  0.39011
209 210	 0.00401  0.10630  0.69510  0.95679  0.98976
210 211	 0.01990  0.00000  0.00000  0.00000  0.01085
211 212	 0.02344  0.00000  0.00000  0.00000  0.01553
212 213	 0.00838  0.00000  0.00000  0.03140  0.00000
213 214	 0.00000  0.00000  0.00000  0.00000  0.02498
214 215	 0.00000  0.01526  0.00000  0.01379  0.00000
215 216	 0.00899  0.00000  0.01234  0.00052  0.00089
216 217	 0.04741  0.21002  0.90769  1.00000  1.00000
217 218	 0.99861  0.97412  0.98569  1.00000  0.99448
218 219	 0.15027  0.58539  1.00000  0.99725  1.00000
219 220	 0.00000  0.02986  0.24540  0.82416  0.95166
220 221	 0.04013  0.30328  0.97112  0.98296  0.98419
221 222	 0.05381  0.26720  0.95644  0.97451  1.00000
222 223	 0.00988  0.05191  0.44927  0.98327  0.99506
223 224	 0.53665  0.98772  0.98224  0.99645  1.00000
224 225	 1.00000  0.96594  1.00000  1.00000  0.98948
225 226	 0.93330  0.98756  0.99469  0.97759  1.00000
226 227	 0.08165  0.31685  0.97919  0.97982  0.99818
227 228	 0.00094  0.00899  0.02496  0.20064  0.39370
228 229	 0.00686  0.09299  0.55171  0.98788  0.98737
229 230	 0.00000  0.04858  0.43780  0.97247  1.00000
230 231	 0.05509  0.01779  0.01631  0.21005  0.35665
231 232	 0.01126  0.01446  0.35448  0.92042  0.97758
232 233	 0.00997  0.07869  0.46326  0.97500  1.00000
233 234	 0.00000  0.00000  0.02330  0.00000  0.02659
234 235	 0.00000  0.00000  0.00000  0.00244  0.08917
235 236	 0.02625  0.01357  0.15276  0.58702  0.83247
236 237	 0.00000  0.00000  0.08932  0.39704  0.63876
237 238	 0.00210  0.03239  0.00000  0.02675  0.00000
238 239	 0.00000  0.00707  0.00000  0.01876  0.08434
239 240	 0.04182  0.16920  0.82238  0.98608  1.00000
240 241	 0.06750  0.50752  0.98775  1.00000  1.00000
241 242	 0.02179  0.00946  0.24272  0.75567  0.92739
242 243	 0.00039  0.00000  0.05487  0.39893  0.61144
243 244	 0.01452  0.20110  0.91183  1.00000  1.00000
244 245	 0.04613  0.24332  0.96159  0.99071  1.00000
245 246	 0.01535  0.02802  0.10835  0.59089  0.79581
246 247	 0.03823  0.22163  0.87734  0.97084  1.00000
247 248	 0.57421  1.00000  0.99793  0.96854  1.00000
248 249	 0.00000  0.01787  0.24337  0.79090  0.95679
249 250	 0.02354  0.17819  0.78131  0.96997  1.00000
250 251	 0.30273  0.87083  1.00000  1.00000  1.00000
251 252	 0.03923  0.17762  0.92648  1.00000  0.99526
252 253	 0.02323  0.00314  0.06526  0.42460  0.71311
253 254	 0.00000  0.03197  0.02878  0.31229  0.43265
254 255	 0.03804  0.02980  0.34865  0.94244  0.99452
255 256	 0.01721  0.10386  0.71429  0.99775  1.00000
256 257	 0.02632  0.00772  0.01175  0.12865  0.23876
257 258	 0.02304  0.02672  0.28736  0.86956  0.98099
258 259	 0.16452  0.67132  0.99300  1.00000  0.97116
259 260	 0.08357  0.32936  1.00000  1.00000  0.97450
260 261	 0.09619  0.29679  0.99658  1.00000  0.96321
261 262	 1.00000  0.99184  1.00000  1.00000  0.95913
262 263	 0.96805  1.00000  0.98474  1.00000  1.00000
263 264	 0.03459  0.25832  0.91173  0.98683  0.96732
264 265	 0.00817  0.07155  0.49470  0.99382  0.99941
265 266	 0.40457  0.97944  1.00000  0.98294  0.97808
266 267	 0.03581  0.09472  0.62122  1.00000  0.99947
267 268	 0.58297  0.99621  1.00000  1.00000  0.98622
268 269	 0.02498  0.15987  0.84427  0.96997  0.98732
269 270	 0.41433  0.94131  0.99645  0.99716  1.00000
270 271	 0.99069  0.99330  0.98706  1.00000  1.00000
271 272	 0.99117  1.00000  0.99339  0.99696  0.97353
272 273	 0.15273  0.57492  1.00000  1.00000  0.96653
273 274	 0.00000  0.03680  0.03690  0.18581  0.27304
274 275	 0.05541  0.12554  0.59094  0.97529  1.00000
275 276	 0.19073  0.58237  1.00000  0.97425  1.00000
276 277	 0.00477  0.00583  0.10549  0.60120  0.84129
277 278	 0.00000  0.01359  0.08542  0.49338  0.70076
278 279	 0.00481  0.28743  0.94325  0.99825  1.00000
279 280	 0.10639  0.48895  0.98887  1.00000  0.97250
280 281	 0.04441  0.00962  0.34975  0.92698  0.99637
282 283	 0.24888  0.85222  1.00000  1.00000  1.00000
283 284	 0.00000  0.09319  0.44018  0.95687  1.00000
284 285	 0.00000  0.00091  0.12526  0.42294  0.62413
285 286	 0.03365  0.08161  0.64438  1.00000  1.00000
286 287	 0.00000  0.04974  0.48248  0.97642  1.00000
287 288	 0.02962  0.05048  0.06692  0.42869  0.63796
288 289	 0.00000  0.02258  0.13504  0.49578  0.74944
289 290	 0.00460  0.14225  0.85691  1.00000  1.00000
290 291	 0.14965  0.62492  1.00000  1.00000  0.97294
291 292	 0.01913  0.02170  0.17516  0.67222  0.86658
292 293	 0.06266  0.17216  0.87689  1.00000  0.98193
293 294	 0.99366  1.00000  0.98900  0.98386  0.97160
294 295	 0.74473  0.99987  0.98077  1.00000  0.94651
295 296	 0.05336  0.09216  0.62641  1.00000  0.99586
296 297	 0.00000  0.00000  0.04599  0.38165  0.56994
297 298	 0.11330  0.54391  1.00000  0.97055  1.00000
298 299	 0.02952  0.03992  0.47014  0.94818  1.00000
299 300	 0.01126  0.00968  0.05843  0.21862  0.35339
300 301	 0.00000  0.06513  0.50755  0.98918  0.98449
301 302	 0.03091  0.11998  0.56026  0.99165  1.00000
302 303	 0.01093  0.00000  0.01975  0.17666  0.33135
303 304	 0.00370  0.00692  0.21168  0.69104  0.89687
304 305	 0.03016  0.04233  0.30939  0.89905  0.95463
305 306	 0.01139  0.02570  0.16324  0.74147  0.94584
306 307	 0.00000  0.00000  0.00898  0.10973  0.22849
307 308	 0.13940  0.68984  1.00000  1.00000  0.99633
308 309	 0.41406  0.95106  1.00000  1.00000  1.00000
309 310	 0.02461  0.01498  0.10751  0.45683  0.78125
