 1.00000  1.00000  1.00000  1.00000  1.00000
 0.00181  0.01081  0.10303  0.47920  0.72876
 0.00014  0.00084  0.00841  0.04943  0.09642
 0.00001  0.00003  0.00033  0.00200  0.00400
 0.00011  0.00064  0.00637  0.03760  0.07379
 0.00032  0.00191  0.01893  0.10835  0.20497
 0.00308  0.01831  0.16869  0.66996  0.89108
 0.00065  0.00392  0.03847  0.20974  0.37548
 0.00119  0.00711  0.06890  0.34842  0.57544
 0.46543  0.97649  1.00000  1.00000  1.00000
 0.05780  0.29987  0.97170  1.00000  1.00000
 0.01625  0.09346  0.62513  0.99722  0.99999
 0.00620  0.03659  0.31114  0.89314  0.98858
 0.00184  0.01096  0.10439  0.48392  0.73366
 0.00067  0.00398  0.03906  0.21266  0.38009
 0.00018  0.00110  0.01090  0.06363  0.12322
 0.00045  0.00267  0.02635  0.14806  0.27420
 0.00016  0.00097  0.00961  0.05630  0.10943
 0.00134  0.00802  0.07736  0.38314  0.61948
 0.02188  0.12410  0.73420  0.99965  1.00000
 0.00012  0.00071  0.00711  0.04188  0.08201
 0.00122  0.00729  0.07052  0.35518  0.58421
 0.00834  0.04892  0.39440  0.95067  0.99757
 0.01270  0.07370  0.53492  0.98988  0.99990
 0.00013  0.00080  0.00792  0.04660  0.09103
 0.00069  0.00415  0.04071  0.22072  0.39273
 0.52992  0.98911  1.00000  1.00000  1.00000
 0.23693  0.80194  1.00000  1.00000  1.00000
 0.17018  0.67274  0.99999  1.00000  1.00000
 1.00000  1.00000  1.00000  1.00000  1.00000
 0.55251  0.99189  1.00000  1.00000  1.00000
 0.05197  0.27353  0.95906  1.00000  1.00000
 0.00041  0.00244  0.02417  0.13651  0.25438
 0.00129  0.00767  0.07414  0.37011  0.60323
 0.19544  0.72806  1.00000  1.00000  1.00000
 0.00439  0.02601  0.23169  0.79431  0.95769
 0.01947  0.11110  0.69200  0.99915  1.00000
 0.00062  0.00373  0.03668  0.20085  0.36136
 0.69098  0.99912  1.00000  1.00000  1.00000
 0.75150  0.99976  1.00000  1.00000  1.00000
 0.23494  0.79882  1.00000  1.00000  1.00000
 0.05347  0.28040  0.96277  1.00000  1.00000
 0.05942  0.30707  0.97448  1.00000  1.00000
 0.50281  0.98477  1.00000  1.00000  1.00000
 0.94755  1.00000  1.00000  1.00000  1.00000
 0.07093  0.35633  0.98779  1.00000  1.00000
 0.00015  0.00090  0.00896  0.05255  0.10234
 0.00169  0.01007  0.09622  0.45504  0.70302
 0.01513  0.08723  0.59858  0.99582  0.99998
 0.00117  0.00696  0.06743  0.34219  0.56728
 0.00007  0.00042  0.00418  0.02484  0.04905
 0.00327  0.01941  0.17796  0.69143  0.90478
 0.20953  0.75535  1.00000  1.00000  1.00000
 0.02712  0.15180  0.80726  0.99995  1.00000
 0.00372  0.02206  0.19994  0.73774  0.93122
 0.00037  0.00222  0.02202  0.12507  0.23451
 0.00041  0.00246  0.02436  0.13752  0.25613
 0.00025  0.00148  0.01469  0.08495  0.16269
 0.00000  0.00000  0.00005  0.00030  0.00060
 0.00013  0.00076  0.00755  0.04448  0.08698
 0.00021  0.00126  0.01252  0.07279  0.14029
 0.00053  0.00316  0.03120  0.17317  0.31635
 0.01759  0.10084  0.65457  0.99830  1.00000
 0.00067  0.00401  0.03941  0.21437  0.38278
 0.00057  0.00342  0.03366  0.18573  0.33697
 0.00017  0.00102  0.01012  0.05921  0.11492
 0.11210  0.50930  0.99919  1.00000  1.00000
 0.79283  0.99992  1.00000  1.00000  1.00000
 0.00526  0.03107  0.27063  0.84945  0.97733
 0.20791  0.75233  1.00000  1.00000  1.00000
 0.00215  0.01283  0.12110  0.53906  0.78753
 0.00110  0.00658  0.06385  0.32693  0.54698
 0.00473  0.02797  0.24700  0.81771  0.96677
 0.31124  0.89276  1.00000  1.00000  1.00000
 0.12485  0.55002  0.99966  1.00000  1.00000
 0.00263  0.01567  0.14612  0.61241  0.84977
 0.67357  0.99877  1.00000  1.00000  1.00000
 0.57928  0.99440  1.00000  1.00000  1.00000
 0.07857  0.38735  0.99255  1.00000  1.00000
 0.07460  0.37138  0.99036  1.00000  1.00000
 0.12701  0.55664  0.99971  1.00000  1.00000
 0.36851  0.93623  1.00000  1.00000  1.00000
 1.00000  1.00000  1.00000  1.00000  1.00000
 0.08663  0.41878  0.99560  1.00000  1.00000
 0.00018  0.00107  0.01062  0.06202  0.12020
 0.00131  0.00781  0.07538  0.37516  0.60957
 0.01401  0.08104  0.57047  0.99372  0.99996
 0.00083  0.00497  0.04856  0.25821  0.44975
 0.00586  0.03455  0.29646  0.87874  0.98529
 0.07345  0.36671  0.98962  1.00000  1.00000
 0.02442  0.13759  0.77243  0.99986  1.00000
 0.00019  0.00111  0.01103  0.06440  0.12464
 0.01581  0.09100  0.61485  0.99674  0.99999
 0.00028  0.00169  0.01676  0.09646  0.18361
 0.00044  0.00265  0.02615  0.14699  0.27238
 0.01950  0.11121  0.69240  0.99915  1.00000
 0.05751  0.29861  0.97119  1.00000  1.00000
 0.01243  0.07216  0.52716  0.98882  0.99988
 0.00215  0.01279  0.12081  0.53814  0.78669
 0.29732  0.87911  1.00000  1.00000  1.00000
 0.01775  0.10170  0.65787  0.99840  1.00000
 0.00116  0.00693  0.06718  0.34116  0.56593
 0.00105  0.00627  0.06099  0.31450  0.53008
 0.08333  0.40608  0.99454  1.00000  1.00000
 0.37228  0.93848  1.00000  1.00000  1.00000
 0.09696  0.45704  0.99777  1.00000  1.00000
 0.00012  0.00070  0.00700  0.04127  0.08084
 0.00012  0.00073  0.00731  0.04308  0.08431
 0.00185  0.01102  0.10491  0.48572  0.73552
 0.01805  0.10334  0.66405  0.99856  1.00000
 0.01580  0.09095  0.61465  0.99673  0.99999
 0.08886  0.42721  0.99620  1.00000  1.00000
 0.00060  0.00356  0.03503  0.19263  0.34816
 0.00044  0.00262  0.02588  0.14556  0.26993
 0.00136  0.00813  0.07843  0.38742  0.62475
 0.00381  0.02261  0.20441  0.74641  0.93569
 0.00073  0.00435  0.04265  0.23014  0.40731
 0.00001  0.00005  0.00054  0.00323  0.00646
 0.00003  0.00016  0.00156  0.00931  0.01854
 0.00006  0.00034  0.00340  0.02023  0.04005
 0.00019  0.00111  0.01103  0.06436  0.12457
 0.00578  0.03413  0.29340  0.87554  0.98451
 0.04562  0.24393  0.93896  1.00000  1.00000
 0.05886  0.30460  0.97355  1.00000  1.00000
 0.02106  0.11967  0.72045  0.99952  1.00000
 0.00237  0.01409  0.13232  0.57326  0.81789
 0.18386  0.70377  0.99999  1.00000  1.00000
 0.06960  0.35077  0.98670  1.00000  1.00000
 0.00114  0.00682  0.06611  0.33660  0.55990
 0.02709  0.15163  0.80688  0.99995  1.00000
 0.22562  0.78371  1.00000  1.00000  1.00000
 0.01475  0.08512  0.58919  0.99519  0.99998
 0.00244  0.01454  0.13625  0.58473  0.82755
 0.00000  0.00002  0.00019  0.00115  0.00230
 0.00026  0.00155  0.01539  0.08885  0.16980
 0.00289  0.01718  0.15913  0.64650  0.87504
 0.47025  0.97773  1.00000  1.00000  1.00000
 0.84007  0.99998  1.00000  1.00000  1.00000
 0.06390  0.32658  0.98082  1.00000  1.00000
 0.01936  0.11048  0.68987  0.99911  1.00000
 0.00034  0.00204  0.02025  0.11551  0.21768
 0.00137  0.00820  0.07906  0.38991  0.62779
 0.00445  0.02636  0.23443  0.79867  0.95946
 0.00199  0.01184  0.11228  0.51062  0.76051
 0.00127  0.00758  0.07326  0.36648  0.59866
 0.00171  0.01019  0.09738  0.45920  0.70754
 0.01802  0.10315  0.66335  0.99854  1.00000
 0.00287  0.01705  0.15799  0.64362  0.87299
 0.00031  0.00183  0.01812  0.10393  0.19705
 0.00001  0.00005  0.00051  0.00305  0.00609
 0.00037  0.00220  0.02178  0.12379  0.23225
 0.00353  0.02098  0.19103  0.71972  0.92145
 0.10671  0.49120  0.99884  1.00000  1.00000
 0.69672  0.99921  1.00000  1.00000  1.00000
 1.00000  1.00000  1.00000  1.00000  1.00000
 0.08485  0.41195  0.99506  1.00000  1.00000
 0.00020  0.00118  0.01172  0.06826  0.13187
 0.04833  0.25669  0.94851  1.00000  1.00000
 0.23756  0.80292  1.00000  1.00000  1.00000
 0.00052  0.00310  0.03058  0.17003  0.31116
 0.00005  0.00032  0.00321  0.01909  0.03781
 0.02117  0.12024  0.72225  0.99954  1.00000
 0.52788  0.98883  1.00000  1.00000  1.00000
 0.35803  0.92963  1.00000  1.00000  1.00000
 0.02226  0.12610  0.74021  0.99969  1.00000
 0.00013  0.00077  0.00765  0.04503  0.08803
 0.00039  0.00231  0.02284  0.12947  0.24218
 0.00009  0.00056  0.00554  0.03280  0.06452
 0.00009  0.00052  0.00515  0.03052  0.06010
 0.01195  0.06948  0.51330  0.98671  0.99982
 0.00223  0.01327  0.12506  0.55140  0.79876
 0.00144  0.00862  0.08289  0.40500  0.64597
 0.01304  0.07559  0.54434  0.99105  0.99992
 0.03397  0.18692  0.87372  1.00000  1.00000
 0.00006  0.00036  0.00364  0.02164  0.04282
 0.00013  0.00080  0.00796  0.04680  0.09142
 0.09412  0.44672  0.99731  1.00000  1.00000
 0.03639  0.19907  0.89137  1.00000  1.00000
 0.01933  0.11029  0.68919  0.99910  1.00000
 0.00081  0.00487  0.04762  0.25381  0.44320
 0.00235  0.01397  0.13125  0.57011  0.81520
 0.28220  0.86268  1.00000  1.00000  1.00000
 0.03367  0.18544  0.87141  1.00000  1.00000
 0.02959  0.16460  0.83445  0.99998  1.00000
 0.00099  0.00592  0.05767  0.29979  0.50970
 0.00004  0.00027  0.00266  0.01583  0.03141
 0.00009  0.00053  0.00529  0.03131  0.06163
 0.00035  0.00207  0.02049  0.11682  0.21999
 0.03869  0.21043  0.90583  1.00000  1.00000
 0.12132  0.53906  0.99957  1.00000  1.00000
 0.85847  0.99999  1.00000  1.00000  1.00000
 0.03205  0.17723  0.85783  0.99999  1.00000
 0.00197  0.01171  0.11112  0.50675  0.75671
 0.00071  0.00423  0.04149  0.22449  0.39859
 0.01899  0.10846  0.68275  0.99898  1.00000
 0.00000  0.00002  0.00024  0.00146  0.00293
 0.00001  0.00004  0.00044  0.00265  0.00529
 0.00002  0.00013  0.00129  0.00773  0.01540
 0.00003  0.00020  0.00199  0.01190  0.02365
 0.00003  0.00017  0.00172  0.01026  0.02041
 0.00002  0.00011  0.00114  0.00679  0.01354
 0.03803  0.20719  0.90189  1.00000  1.00000
 0.99465  1.00000  1.00000  1.00000  1.00000
 0.13413  0.57785  0.99982  1.00000  1.00000
 0.00500  0.02954  0.25910  0.83459  0.97264
 0.05638  0.29354  0.96903  1.00000  1.00000
 0.05798  0.30070  0.97203  1.00000  1.00000
 0.00893  0.05228  0.41549  0.96012  0.99841
 0.53850  0.99025  1.00000  1.00000  1.00000
 0.99984  1.00000  1.00000  1.00000  1.00000
 0.93342  1.00000  1.00000  1.00000  1.00000
 0.05956  0.30770  0.97471  1.00000  1.00000
 0.00066  0.00397  0.03897  0.21219  0.37936
 0.01389  0.08033  0.56718  0.99343  0.99996
 0.00960  0.05613  0.43880  0.96876  0.99902
 0.00063  0.00378  0.03718  0.20336  0.36537
 0.00677  0.03984  0.33404  0.91277  0.99239
 0.01058  0.06170  0.47107  0.97810  0.99952
 0.00008  0.00049  0.00485  0.02875  0.05666
 0.00009  0.00057  0.00567  0.03354  0.06596
 0.00262  0.01561  0.14559  0.61095  0.84864
 0.00147  0.00874  0.08409  0.40963  0.65146
 0.00002  0.00010  0.00098  0.00584  0.01164
 0.00011  0.00064  0.00639  0.03774  0.07405
 0.02610  0.14649  0.79483  0.99993  1.00000
 0.11205  0.50916  0.99919  1.00000  1.00000
 0.00390  0.02314  0.20874  0.75458  0.93977
 0.00128  0.00762  0.07365  0.36810  0.60070
 0.03568  0.19553  0.88648  1.00000  1.00000
 0.04825  0.25631  0.94825  1.00000  1.00000
 0.00229  0.01362  0.12812  0.56072  0.80703
 0.03486  0.19140  0.88052  1.00000  1.00000
 0.56350  0.99301  1.00000  1.00000  1.00000
 0.00478  0.02831  0.24961  0.82146  0.96812
 0.02588  0.14531  0.79198  0.99992  1.00000
 0.28597  0.86694  1.00000  1.00000  1.00000
 0.03792  0.20664  0.90121  1.00000  1.00000
 0.00157  0.00934  0.08958  0.43055  0.67572
 0.00077  0.00461  0.04514  0.24204  0.42550
 0.00781  0.04585  0.37460  0.94017  0.99642
 0.02065  0.11747  0.71337  0.99945  1.00000
 0.00037  0.00223  0.02212  0.12561  0.23544
 0.00558  0.03294  0.28462  0.86596  0.98203
 0.16712  0.66545  0.99998  1.00000  1.00000
 0.06312  0.32323  0.97984  1.00000  1.00000
 0.05395  0.28257  0.96388  1.00000  1.00000
 1.00000  1.00000  1.00000  1.00000  1.00000
 0.97668  1.00000  1.00000  1.00000  1.00000
 0.04260  0.22949  0.92624  1.00000  1.00000
 0.01054  0.06150  0.46990  0.97781  0.99951
 0.41200  0.95841  1.00000  1.00000  1.00000
 0.01685  0.09675  0.63851  0.99777  1.00000
 0.56952  0.99357  1.00000  1.00000  1.00000
 0.02962  0.16478  0.83479  0.99998  1.00000
 0.37762  0.94155  1.00000  1.00000  1.00000
 1.00000  1.00000  1.00000  1.00000  1.00000
 0.99980  1.00000  1.00000  1.00000  1.00000
 0.13466  0.57939  0.99983  1.00000  1.00000
 0.00049  0.00292  0.02884  0.16103  0.29613
 0.01492  0.08610  0.59359  0.99549  0.99998
 0.13473  0.57961  0.99983  1.00000  1.00000
 0.00261  0.01550  0.14464  0.60835  0.84661
 0.00179  0.01067  0.10168  0.47449  0.72384
 0.04749  0.25275  0.94572  1.00000  1.00000
 0.09916  0.46489  0.99808  1.00000  1.00000
 0.00705  0.04147  0.34530  0.92125  0.99380
 0.28550  0.86641  1.00000  1.00000  1.00000
 0.00960  0.05615  0.43893  0.96880  0.99903
 0.00145  0.00868  0.08347  0.40723  0.64862
 0.01546  0.08910  0.60671  0.99630  0.99999
 0.01257  0.07295  0.53113  0.98938  0.99989
 0.00147  0.00875  0.08412  0.40976  0.65162
 0.00198  0.01180  0.11193  0.50946  0.75937
 0.03323  0.18318  0.86779  0.99999  1.00000
 0.14794  0.61661  0.99993  1.00000  1.00000
 0.00320  0.01903  0.17483  0.68432  0.90035
 0.03597  0.19698  0.88851  1.00000  1.00000
 0.98932  1.00000  1.00000  1.00000  1.00000
 0.72940  0.99960  1.00000  1.00000  1.00000
 0.01556  0.08965  0.60910  0.99643  0.99999
 0.00130  0.00775  0.07490  0.37319  0.60711
 0.11567  0.52102  0.99936  1.00000  1.00000
 0.01041  0.06075  0.46566  0.97672  0.99946
 0.00065  0.00387  0.03808  0.20779  0.37240
 0.01165  0.06777  0.50431  0.98517  0.99978
 0.01319  0.07641  0.54834  0.99151  0.99993
 0.00054  0.00324  0.03193  0.17694  0.32258
 0.00318  0.01886  0.17341  0.68105  0.89827
 0.00669  0.03942  0.33115  0.91047  0.99198
 0.00350  0.02080  0.18954  0.71660  0.91968
 0.00034  0.00203  0.02009  0.11462  0.21611
 0.17713  0.68883  0.99999  1.00000  1.00000
 0.39714  0.95170  1.00000  1.00000  1.00000
 0.00177  0.01058  0.10087  0.47163  0.72083
