# ResID Deuterated fraction, Times /
1 2	 0.95939  0.96485  1.00000  1.00000  1.00000
2 3	 0.00864  0.00000  0.06083  0.27025  0.47830
3 4	 0.02109  0.00000  0.02628  0.05380  0.07194
4 5	 0.00000  0.01751  0.00564  0.00000  0.03790
5 6	 0.02695  0.04537  0.00523  0.00000  0.02751
6 7	 0.01931  0.02979  0.00371  0.09924  0.15000
7 8	 0.00000  0.07119  0.09904  0.43864  0.66590
8 9	 0.02051  0.02012  0.00000  0.11306  0.20804
9 10	 0.00000  0.05160  0.02566  0.18939  0.35274
10 11	 0.25535  0.86439  1.00000  1.00000  0.97503
11 12	 0.03249  0.13816  0.87126  0.97423  1.00000
12 13	 0.02116  0.05292  0.41800  0.95279  1.00000
13 14	 0.00626  0.00000  0.13546  0.63965  0.88906
14 15	 0.00000  0.00065  0.01297  0.30208  0.47991
15 16	 0.00000  0.03494  0.05552  0.10214  0.20919
16 17	 0.01130  0.00952  0.00000  0.02616  0.07568
17 18	 0.02046  0.00000  0.03737  0.07749  0.14065
18 19	 0.00000  0.00000  0.05073  0.02093  0.05937
19 20	 0.00000  0.00000  0.06174  0.19629  0.41961
20 21	 0.00636  0.06485  0.47863  0.95474  1.00000
21 22	 0.01437  0.00000  0.00697  0.01899  0.03727
22 23	 0.00455  0.00000  0.06254  0.18053  0.34237
23 24	 0.00574  0.02972  0.26227  0.77685  0.93701
24 25	 0.01274  0.05815  0.32217  0.91560  1.00000
25 26	 0.01758  0.00000  0.00000  0.00000  0.00000
26 27	 0.00000  0.01320  0.03068  0.10165  0.18908
27 28	 0.31359  0.90225  1.00000  0.99986  0.97580
28 29	 0.12512  0.52769  0.98381  0.97690  1.00000
29 30	 0.04640  0.44289  0.98894  0.97581  1.00000
30 31	 0.98362  1.00000  1.00000  1.00000  1.00000
31 32	 0.38762  0.92349  0.97661  1.00000  1.00000
32 33	 0.02095  0.14792  0.77894  0.98251  0.99715
33 34	 0.00000  0.01896  0.02728  0.09293  0.10806
34 35	 0.02133  0.00000  0.04094  0.21125  0.35268
35 36	 0.08586  0.51022  0.99677  1.00000  0.99823
36 37	 0.00000  0.02278  0.12631  0.54981  0.80955
37 38	 0.00000  0.05033  0.47010  0.95475  1.00000
38 39	 0.00000  0.01326  0.00868  0.08163  0.20488
39 40	 0.42272  0.94645  0.96727  1.00000  1.00000
40 41	 0.52440  0.97815  0.99180  0.99145  1.00000
41 42	 0.14219  0.52556  1.00000  0.98569  0.99910
42 43	 0.01538  0.17818  0.79801  1.00000  0.99455
43 44	 0.00000  0.18251  0.84045  0.99658  1.00000
44 45	 0.31542  0.87478  0.98900  0.99120  1.00000
45 46	 0.75186  1.00000  0.99096  1.00000  1.00000
46 47	 0.05263  0.18466  0.89187  1.00000  1.00000
47 48	 0.00000  0.00000  0.00146  0.00344  0.03375
48 49	 0.02675  0.00000  0.05487  0.27580  0.43368
49 50	 0.00000  0.06801  0.38207  0.94251  1.00000
50 51	 0.00000  0.00000  0.04175  0.20332  0.36305
51 52	 0.00000  0.00000  0.00000  0.00000  0.00121
52 53	 0.01120  0.01519  0.08397  0.43834  0.69939
53 54	 0.10476  0.52784  0.98671  0.97619  1.00000
54 55	 0.04543  0.11450  0.54737  0.99364  1.00000
55 56	 0.00000  0.00000  0.13051  0.49204  0.73413
56 57	 0.03417  0.00000  0.00060  0.08555  0.13055
57 58	 0.00000  0.00000  0.03643  0.08968  0.14667
58 59	 0.04251  0.00000  0.01357  0.04215  0.11968
59 60	 0.00000  0.05834  0.01074  0.01720  0.00000
60 61	 0.01538  0.00000  0.00000  0.00070  0.03073
61 62	 0.02140  0.00153  0.01244  0.00340  0.09611
62 63	 0.00682  0.00000  0.02566  0.04228  0.18453
64 65	 0.00493  0.06608  0.37444  0.92549  0.98787
65 66	 0.00000  0.00000  0.04173  0.09973  0.22302
66 67	 0.01591  0.00588  0.01943  0.10181  0.17151
67 68	 0.03192  0.01362  0.02662  0.00759  0.03504
68 69	 0.01550  0.33323  0.98803  0.98442  1.00000
69 70	 0.53557  0.96140  0.99958  0.99457  1.00000
70 71	 0.03201  0.03219  0.13462  0.62409  0.84691
72 73	 0.11790  0.47353  1.00000  1.00000  0.98731
73 74	 0.00564  0.00000  0.06062  0.34995  0.53402
74 75	 0.00565  0.00000  0.04491  0.18538  0.30252
75 76	 0.03249  0.02209  0.11180  0.56395  0.82868
76 77	 0.16158  0.63382  0.96079  0.98734  1.00000
77 78	 0.05522  0.35258  0.97459  0.99211  1.00000
78 79	 0.00856  0.00000  0.07243  0.37774  0.65975
80 81	 0.42790  0.94359  1.00000  0.99351  1.00000
81 82	 0.31947  0.92572  0.99255  1.00000  0.98163
82 83	 0.03007  0.20499  0.95915  0.97263  0.99006
84 85	 0.04778  0.24035  0.92806  1.00000  1.00000
85 86	 0.08470  0.34603  0.96991  1.00000  1.00000
86 87	 0.20481  0.72732  1.00000  1.00000  0.94777
87 88	 1.00000  1.00000  1.00000  0.97525  0.98588
88 89	 0.06370  0.25020  0.93226  0.94994  1.00000
89 90	 0.00000  0.00000  0.00481  0.01771  0.03783
90 91	 0.00000  0.00000  0.04578  0.22348  0.37453
91 92	 0.01302  0.06708  0.36151  0.91755  0.99624
92 93	 0.00722  0.02857  0.05841  0.10715  0.27119
93 94	 0.00000  0.00723  0.20035  0.64605  0.85262
94 95	 0.05489  0.22673  0.86795  1.00000  0.97963
95 96	 0.01693  0.10027  0.51306  0.97383  0.97541
96 97	 0.00493  0.03017  0.01516  0.03634  0.06524
97 98	 0.00000  0.02964  0.36938  0.93357  0.99401
98 99	 0.02957  0.03853  0.00000  0.07145  0.10738
99 100	 0.00119  0.00998  0.00494  0.11354  0.14750
100 101	 0.01790  0.07692  0.44273  0.99869  0.98071
101 102	 0.01832  0.13401  0.83572  0.99969  0.99210
102 103	 0.00000  0.07854  0.28022  0.93586  1.00000
103 104	 0.00000  0.00000  0.06968  0.34913  0.57819
105 106	 0.15938  0.63728  1.00000  0.97827  0.99165
106 107	 0.01656  0.06839  0.42845  0.97324  0.99657
107 108	 0.00434  0.00000  0.01912  0.18599  0.36363
108 109	 0.00076  0.00000  0.03726  0.19215  0.30431
109 110	 0.05113  0.20546  0.96132  0.98528  0.99303
110 111	 0.20997  0.76864  1.00000  1.00000  1.00000
111 112	 0.01066  0.27382  0.92066  0.98277  0.96455
112 113	 0.00000  0.00000  0.00000  0.02255  0.04193
113 114	 0.00000  0.00000  0.02238  0.00000  0.04906
114 115	 0.02942  0.00000  0.07393  0.28107  0.52424
115 116	 0.01651  0.06852  0.43638  0.96496  0.98860
116 117	 0.00000  0.03488  0.39498  0.94221  1.00000
117 118	 0.04669  0.28826  0.92515  1.00000  0.97409
118 119	 0.04601  0.00000  0.00000  0.10166  0.17834
120 121	 0.00000  0.03084  0.00931  0.10673  0.10066
121 122	 0.00000  0.00805  0.00983  0.23329  0.36562
122 123	 0.00000  0.00203  0.09216  0.49994  0.75422
123 124	 0.02352  0.02326  0.02856  0.11946  0.23669
124 125	 0.00000  0.00000  0.00106  0.00000  0.00000
125 126	 0.03402  0.00000  0.03640  0.00000  0.00768
126 127	 0.00000  0.00000  0.00000  0.03433  0.00000
127 128	 0.00000  0.00876  0.01137  0.01509  0.01770
128 129	 0.00424  0.00000  0.17574  0.66864  0.87186
129 130	 0.05076  0.12136  0.76690  0.99062  1.00000
131 132	 0.05853  0.18221  0.84606  1.00000  0.98554
132 133	 0.01365  0.06723  0.48252  0.97060  0.99928
133 134	 0.03258  0.02455  0.07946  0.35009  0.57459
135 136	 0.09577  0.47746  1.00000  0.97224  1.00000
136 137	 0.04303  0.22035  0.91246  0.99852  0.96836
137 138	 0.00000  0.00000  0.07081  0.20009  0.33918
138 139	 0.01464  0.10924  0.57534  1.00000  1.00000
139 140	 0.11324  0.50034  0.96656  0.96760  0.99644
140 141	 0.05332  0.03678  0.34976  0.89910  1.00000
141 142	 0.02444  0.00000  0.08312  0.35192  0.59318
142 143	 0.02811  0.00550  0.00000  0.01076  0.00134
143 144	 0.02125  0.00000  0.00743  0.01011  0.08622
144 145	 0.00012  0.00000  0.09614  0.37615  0.66031
145 146	 0.29402  0.87563  0.97097  1.00000  0.98302
146 147	 0.59765  0.99560  0.98804  1.00000  0.99796
147 148	 0.04674  0.22145  0.88098  0.98190  0.99819
149 150	 0.02912  0.07221  0.45148  0.92682  1.00000
150 151	 0.00000  0.00000  0.00000  0.09829  0.11227
151 152	 0.03183  0.01689  0.02544  0.25281  0.37703
152 153	 0.03957  0.00423  0.11274  0.53739  0.78861
153 154	 0.00000  0.00000  0.00224  0.27093  0.51102
154 155	 0.00000  0.01145  0.05365  0.23236  0.38408
155 156	 0.00000  0.04805  0.04944  0.29655  0.42540
156 157	 0.04134  0.06103  0.38489  0.93125  1.00000
157 158	 0.03418  0.06244  0.08286  0.40631  0.65830
158 159	 0.04883  0.00000  0.00000  0.08818  0.08631
159 160	 0.00000  0.02650  0.00000  0.00000  0.01648
160 161	 0.00000  0.01929  0.00000  0.04051  0.12026
162 163	 0.00000  0.03720  0.09024  0.50126  0.74050
164 165	 0.06053  0.25595  0.98831  1.00000  0.97090
166 167	 0.43509  1.00000  1.00000  1.00000  0.97302
167 168	 1.00000  1.00000  0.99158  1.00000  1.00000
168 169	 0.05146  0.21516  0.96702  0.98048  1.00000
169 170	 0.00715  0.01673  0.00081  0.04853  0.05677
170 171	 0.02164  0.15296  0.75753  0.97651  0.99177
171 172	 0.11834  0.56489  1.00000  1.00000  1.00000
172 173	 0.00563  0.00915  0.02650  0.10055  0.19239
173 174	 0.00000  0.00000  0.01963  0.06850  0.04571
174 175	 0.00000  0.04612  0.45783  0.98009  1.00000
175 176	 0.34433  0.88930  1.00000  1.00000  1.00000
176 177	 0.21058  0.75612  1.00000  0.99208  0.96259
177 178	 0.00180  0.06972  0.46385  0.97668  0.98856
178 179	 0.00000  0.00000  0.00000  0.00000  0.08660
179 180	 0.01281  0.01248  0.00552  0.05285  0.10201
180 181	 0.00000  0.00318  0.02140  0.00000  0.04598
181 182	 0.00000  0.01365  0.02209  0.02288  0.05976
182 183	 0.00513  0.03994  0.26655  0.92334  1.00000
183 184	 0.00000  0.05672  0.06998  0.33456  0.59372
185 186	 0.01453  0.00240  0.04707  0.23218  0.41555
186 187	 0.01109  0.06271  0.37578  0.89476  0.96826
187 188	 0.00000  0.08629  0.65162  0.99229  1.00000
188 189	 0.00000  0.02266  0.01952  0.02861  0.00000
189 190	 0.00000  0.00000  0.00000  0.05330  0.03310
190 191	 0.02024  0.26424  0.89721  0.97917  1.00000
191 192	 0.00603  0.11869  0.61235  0.97658  1.00000
192 193	 0.00000  0.07192  0.43089  0.95214  0.98547
193 194	 0.00000  0.03576  0.02180  0.13518  0.23648
194 195	 0.01097  0.04161  0.07954  0.33879  0.54722
195 196	 0.13751  0.65865  0.99510  0.98806  1.00000
196 197	 0.01793  0.07691  0.63923  0.97705  1.00000
197 198	 0.02191  0.08442  0.58749  0.98121  1.00000
199 200	 0.02740  0.00000  0.02922  0.15852  0.28848
200 201	 0.00633  0.01160  0.00816  0.00267  0.00743
201 202	 0.01916  0.00000  0.01345  0.00000  0.03382
202 203	 0.00000  0.01706  0.00000  0.05467  0.11509
203 204	 0.00000  0.11799  0.73655  1.00000  1.00000
204 205	 0.04122  0.29654  0.95242  0.99848  1.00000
205 206	 0.63877  0.98961  0.96650  0.95849  0.95176
206 207	 0.02002  0.12280  0.63737  1.00000  1.00000
207 208	 0.00000  0.01714  0.08101  0.25178  0.49307
208 209	 0.00199  0.01000  0.02970  0.11513  0.22363
209 210	 0.00436  0.08595  0.44768  0.97335  0.95822
210 211	 0.01200  0.00000  0.00000  0.00000  0.00000
211 212	 0.01854  0.03295  0.02686  0.00000  0.02284
212 213	 0.00000  0.00663  0.00000  0.02908  0.00637
213 214	 0.00396  0.00000  0.00000  0.00000  0.02278
214 215	 0.00821  0.00000  0.00000  0.03271  0.00000
215 216	 0.00000  0.04504  0.00000  0.01290  0.00517
216 217	 0.03391  0.11401  0.70421  0.95947  0.99506
217 218	 0.89482  1.00000  0.99961  0.98741  0.98635
218 219	 0.07136  0.36033  0.98275  1.00000  1.00000
219 220	 0.01615  0.02279  0.11511  0.57122  0.85640
220 221	 0.03551  0.09690  0.78059  1.00000  0.96246
221 222	 0.01361  0.16128  0.83955  0.96687  0.98065
222 223	 0.00362  0.08523  0.25760  0.77338  0.91415
223 224	 0.33114  0.88125  0.98683  1.00000  1.00000
224 225	 0.99527  1.00000  1.00000  1.00000  1.00000
225 226	 0.73937  1.00000  1.00000  0.98148  1.00000
226 227	 0.01600  0.16712  0.83978  1.00000  1.00000
227 228	 0.01993  0.00000  0.00016  0.10358  0.22640
228 229	 0.02798  0.00683  0.36637  0.91627  0.99227
229 230	 0.00000  0.03440  0.23018  0.83519  0.99618
230 231	 0.04694  0.00000  0.02179  0.11783  0.21393
231 232	 0.00000  0.03799  0.12807  0.69379  0.91829
232 233	 0.00000  0.05492  0.26832  0.85512  0.98341
233 234	 0.00000  0.00000  0.00000  0.00000  0.03225
234 235	 0.00000  0.00000  0.00711  0.02328  0.01667
235 236	 0.01452  0.00000  0.09085  0.37641  0.58494
236 237	 0.03094  0.01086  0.00819  0.23979  0.39543
237 238	 0.03714  0.00522  0.00198  0.00000  0.01065
238 239	 0.04394  0.02216  0.00853  0.00041  0.06777
239 240	 0.02576  0.06547  0.53428  0.99279  0.98623
240 241	 0.06619  0.29306  0.94941  0.98312  1.00000
241 242	 0.02156  0.00169  0.10817  0.50174  0.73310
242 243	 0.03086  0.00190  0.07556  0.19886  0.37906
243 244	 0.03702  0.11993  0.64919  1.00000  0.98694
244 245	 0.00850  0.08875  0.77908  1.00000  1.00000
245 246	 0.00212  0.00494  0.08282  0.32292  0.55894
246 247	 0.03890  0.11345  0.65429  0.99154  1.00000
247 248	 0.32606  0.91042  0.99793  0.99827  1.00000
248 249	 0.01939  0.03318  0.15346  0.58989  0.82252
249 250	 0.02699  0.07589  0.51259  0.99056  0.99640
250 251	 0.15693  0.64913  0.98794  0.99602  1.00000
251 252	 0.00769  0.09518  0.69501  0.98689  1.00000
252 253	 0.00645  0.00527  0.06914  0.22366  0.42215
253 254	 0.00000  0.00662  0.02893  0.11144  0.21894
254 255	 0.00000  0.03446  0.19396  0.72070  0.94098
255 256	 0.03551  0.04990  0.49350  0.95225  1.00000
256 257	 0.00154  0.00000  0.00000  0.05593  0.13950
257 258	 0.00000  0.01052  0.13191  0.62363  0.87851
258 259	 0.04325  0.43024  0.99147  1.00000  1.00000
259 260	 0.02326  0.16866  0.86753  1.00000  0.95919
260 261	 0.02528  0.11221  0.84262  0.99134  1.00000
261 262	 1.00000  0.99184  1.00000  0.98183  0.99732
262 263	 0.88680  0.99793  0.99025  0.96343  1.00000
263 264	 0.01587  0.13617  0.72909  0.98513  1.00000
264 265	 0.00432  0.00000  0.28253  0.83618  0.99901
265 266	 0.23786  0.82463  0.98349  1.00000  0.97920
266 267	 0.00000  0.01612  0.37013  0.94543  0.97310
267 268	 0.34723  0.97032  0.97812  0.97753  0.96602
268 269	 0.00907  0.07606  0.61228  0.99591  0.98442
269 270	 0.18484  0.78448  0.97702  1.00000  0.98203
270 271	 1.00000  1.00000  1.00000  0.97716  1.00000
271 272	 1.00000  1.00000  1.00000  1.00000  1.00000
272 273	 0.05997  0.36861  0.98827  1.00000  1.00000
273 274	 0.00000  0.00735  0.02049  0.07566  0.16174
274 275	 0.00000  0.07202  0.42612  0.95243  1.00000
275 276	 0.08093  0.36796  1.00000  0.99066  1.00000
276 277	 0.00000  0.03336  0.04907  0.38679  0.60692
277 278	 0.00000  0.00000  0.07001  0.28837  0.48838
278 279	 0.01092  0.13841  0.75046  1.00000  1.00000
279 280	 0.04162  0.28143  0.94925  0.97798  1.00000
280 281	 0.00000  0.00000  0.21983  0.71344  0.91983
282 283	 0.12954  0.62479  1.00000  0.99891  1.00000
283 284	 0.03502  0.03091  0.25815  0.84600  0.95576
284 285	 0.00000  0.00000  0.05122  0.19903  0.40901
285 286	 0.00000  0.05899  0.37400  0.94612  0.99471
286 287	 0.00374  0.03371  0.32005  0.92197  0.96538
287 288	 0.00000  0.00000  0.00000  0.21690  0.38632
288 289	 0.02744  0.02149  0.05608  0.28174  0.53179
289 290	 0.00040  0.09481  0.64135  1.00000  0.98852
290 291	 0.07660  0.36282  1.00000  1.00000  0.95577
291 292	 0.00640  0.04054  0.09207  0.42785  0.68934
292 293	 0.04822  0.10315  0.67672  0.99404  0.96002
293 294	 0.87435  1.00000  1.00000  0.99609  1.00000
294 295	 0.52140  0.98174  0.99688  0.97141  1.00000
295 296	 0.00445  0.05302  0.41318  0.94697  1.00000
296 297	 0.00000  0.01801  0.04575  0.21905  0.41256
297 298	 0.03643  0.31891  0.98709  1.00000  0.99921
298 299	 0.00000  0.04237  0.31029  0.86033  0.97729
299 300	 0.01493  0.00000  0.00962  0.10068  0.22034
300 301	 0.00000  0.04030  0.30291  0.88478  0.98414
301 302	 0.01002  0.07268  0.29316  0.90620  0.95821
302 303	 0.00981  0.00000  0.01698  0.06927  0.17558
303 304	 0.04153  0.01513  0.08328  0.42164  0.69232
304 305	 0.02538  0.04969  0.17546  0.71174  0.90522
305 306	 0.03073  0.02115  0.11656  0.39847  0.70040
306 307	 0.01127  0.02696  0.02260  0.06441  0.14420
307 308	 0.08177  0.41146  1.00000  1.00000  0.99132
308 309	 0.23522  0.78883  0.99476  0.99646  1.00000
309 310	 0.06979  0.03193  0.08511  0.31230  0.48487
