# ResID Deuterated fraction, Times /
1 2	 1.00000  1.00000  0.97305  1.00000  1.00000
2 3	 0.00526  0.03796  0.02801  0.28537  0.47941
3 4	 0.00000  0.00000  0.00268  0.09698  0.11218
4 5	 0.04290  0.00000  0.00000  0.00000  0.00634
5 6	 0.03168  0.00112  0.00755  0.01611  0.05325
6 7	 0.02675  0.00417  0.00571  0.06145  0.11523
7 8	 0.00474  0.00000  0.07486  0.44079  0.69180
8 9	 0.00000  0.00120  0.03095  0.10867  0.21320
9 10	 0.01894  0.00406  0.05861  0.20409  0.35226
10 11	 0.28329  0.85129  0.97481  1.00000  0.99821
11 12	 0.03037  0.14366  0.83882  1.00000  1.00000
12 13	 0.02748  0.04251  0.41285  0.94810  1.00000
13 14	 0.00869  0.00000  0.15632  0.68768  0.89933
14 15	 0.00028  0.00000  0.06639  0.28400  0.50190
15 16	 0.01628  0.00000  0.03074  0.12025  0.22227
16 17	 0.00598  0.00615  0.00000  0.07217  0.05240
17 18	 0.00000  0.00000  0.00000  0.08128  0.17278
18 19	 0.00657  0.00000  0.00000  0.04860  0.10568
19 20	 0.02190  0.00000  0.03191  0.23806  0.40678
20 21	 0.00544  0.04419  0.47779  0.98209  0.99897
21 22	 0.00000  0.00821  0.03019  0.00072  0.05627
22 23	 0.00144  0.00000  0.05084  0.19026  0.37620
23 24	 0.00000  0.03943  0.22817  0.78143  0.94492
24 25	 0.00000  0.00665  0.32641  0.91640  1.00000
25 26	 0.00000  0.00000  0.00000  0.00000  0.02309
26 27	 0.00000  0.00000  0.01946  0.13714  0.20985
27 28	 0.32023  0.87161  1.00000  0.99779  1.00000
28 29	 0.08010  0.55731  0.99154  0.99347  0.96706
29 30	 0.08663  0.41693  1.00000  1.00000  1.00000
30 31	 1.00000  1.00000  0.99969  0.99731  0.97728
31 32	 0.34175  0.91264  1.00000  0.95401  0.98496
32 33	 0.05715  0.14656  0.78039  1.00000  0.97705
33 34	 0.00000  0.00000  0.02987  0.08398  0.11878
34 35	 0.03834  0.00000  0.02357  0.20758  0.37296
35 36	 0.12244  0.47812  1.00000  1.00000  0.98188
36 37	 0.00000  0.02770  0.11640  0.53856  0.82251
37 38	 0.00000  0.04597  0.45181  0.97312  1.00000
38 39	 0.01974  0.01009  0.06635  0.09900  0.21708
39 40	 0.47630  0.95423  1.00000  0.97067  1.00000
40 41	 0.48320  0.96528  1.00000  1.00000  1.00000
41 42	 0.11626  0.56407  1.00000  0.98057  0.98816
42 43	 0.05355  0.18332  0.75846  0.98243  0.98598
43 44	 0.01601  0.13138  0.85615  1.00000  1.00000
44 45	 0.29786  0.91489  0.98249  0.97826  1.00000
45 46	 0.76468  0.99594  1.00000  1.00000  0.98920
46 47	 0.01761  0.23849  0.90500  0.97757  1.00000
47 48	 0.00000  0.01840  0.00000  0.06680  0.05872
48 49	 0.00000  0.02680  0.01881  0.26384  0.43976
49 50	 0.00000  0.07358  0.39823  0.95960  1.00000
50 51	 0.00000  0.00000  0.01447  0.18324  0.35929
51 52	 0.06515  0.00266  0.00529  0.04077  0.00000
52 53	 0.00000  0.01847  0.13537  0.44351  0.70186
53 54	 0.11579  0.48338  1.00000  1.00000  1.00000
54 55	 0.04938  0.09602  0.56108  0.98672  1.00000
55 56	 0.02844  0.00981  0.07746  0.47741  0.75401
56 57	 0.00000  0.00000  0.00364  0.04459  0.10257
57 58	 0.02931  0.04040  0.00000  0.07603  0.13878
58 59	 0.00000  0.00579  0.01075  0.03886  0.06975
59 60	 0.00700  0.00578  0.00000  0.00734  0.02623
60 61	 0.00225  0.00000  0.00711  0.02666  0.04494
61 62	 0.02705  0.00451  0.01937  0.04312  0.04709
62 63	 0.03051  0.00408  0.01083  0.10700  0.19015
64 65	 0.00000  0.02632  0.39826  0.97388  0.99350
65 66	 0.00000  0.02605  0.01749  0.10893  0.20897
66 67	 0.00213  0.00939  0.04398  0.10113  0.20434
67 68	 0.00000  0.00000  0.00050  0.06220  0.06453
68 69	 0.04937  0.30916  0.94924  0.98530  0.98386
69 70	 0.55561  1.00000  0.99905  0.98287  0.99597
70 71	 0.00000  0.02801  0.11404  0.58598  0.85475
72 73	 0.13181  0.51945  0.99433  0.99710  1.00000
73 74	 0.02830  0.00000  0.06409  0.32428  0.54047
74 75	 0.01203  0.02411  0.01223  0.13351  0.34321
75 76	 0.00000  0.00000  0.14927  0.54553  0.84455
76 77	 0.17871  0.63563  1.00000  0.98551  1.00000
77 78	 0.06547  0.31872  0.99695  1.00000  0.98016
78 79	 0.00000  0.00000  0.06912  0.36225  0.62065
80 81	 0.45178  0.94301  0.98767  1.00000  0.99948
81 82	 0.36337  0.90799  1.00000  1.00000  0.97958
82 83	 0.04072  0.20275  0.93034  0.96760  1.00000
84 85	 0.07932  0.19131  0.90625  0.99722  0.98778
85 86	 0.07076  0.31946  0.99915  1.00000  1.00000
86 87	 0.20360  0.75484  1.00000  1.00000  1.00000
87 88	 1.00000  0.99600  0.96974  1.00000  0.97943
88 89	 0.04692  0.28203  0.91637  1.00000  1.00000
89 90	 0.01179  0.00496  0.02754  0.00393  0.07959
90 91	 0.01220  0.00000  0.03832  0.21148  0.35933
91 92	 0.00290  0.04794  0.32210  0.91499  0.99148
92 93	 0.01602  0.00647  0.03366  0.11649  0.24631
93 94	 0.02936  0.03114  0.16257  0.64477  0.92246
94 95	 0.05185  0.20914  0.88506  1.00000  0.97820
95 96	 0.02790  0.09198  0.52107  0.97078  1.00000
96 97	 0.00000  0.00000  0.00075  0.06142  0.05759
97 98	 0.00666  0.05320  0.34480  0.93849  0.99954
98 99	 0.00000  0.00000  0.01066  0.03762  0.08896
99 100	 0.00537  0.00000  0.03136  0.03841  0.15306
100 101	 0.00000  0.04323  0.44758  0.96823  1.00000
101 102	 0.02783  0.17797  0.83979  1.00000  0.97647
102 103	 0.01847  0.02264  0.33110  0.87652  0.99798
103 104	 0.00127  0.00491  0.06036  0.32853  0.55950
105 106	 0.17965  0.65158  1.00000  0.97656  0.97686
106 107	 0.02384  0.07203  0.42837  0.96332  0.99341
107 108	 0.00000  0.00000  0.05133  0.18512  0.34958
108 109	 0.01182  0.02230  0.02326  0.17747  0.30725
109 110	 0.02860  0.17017  0.95129  0.97859  0.99277
110 111	 0.19937  0.75029  1.00000  0.99815  1.00000
111 112	 0.03871  0.27227  0.94869  0.99812  1.00000
112 113	 0.04382  0.00000  0.01140  0.00000  0.04298
113 114	 0.00424  0.00380  0.00000  0.00000  0.04042
114 115	 0.00820  0.00000  0.03669  0.25309  0.48430
115 116	 0.00229  0.06154  0.43972  0.95827  0.96869
116 117	 0.01930  0.00902  0.42339  0.92606  1.00000
117 118	 0.01695  0.26383  0.95574  1.00000  1.00000
118 119	 0.01202  0.02151  0.04318  0.09053  0.20572
120 121	 0.00991  0.04233  0.02998  0.06222  0.11687
121 122	 0.01614  0.02841  0.04044  0.16551  0.38230
122 123	 0.00093  0.01703  0.10867  0.53544  0.76918
123 124	 0.00000  0.00435  0.00000  0.12721  0.24276
124 125	 0.01029  0.00000  0.00000  0.00000  0.00000
125 126	 0.03930  0.00739  0.00496  0.00000  0.00000
126 127	 0.00000  0.00000  0.00000  0.02153  0.00000
127 128	 0.01534  0.00000  0.00000  0.04923  0.04619
128 129	 0.00000  0.00216  0.17516  0.63806  0.90076
129 130	 0.02840  0.11987  0.74054  1.00000  1.00000
131 132	 0.02984  0.16264  0.83119  1.00000  1.00000
132 133	 0.02878  0.06337  0.48259  0.97427  0.97228
133 134	 0.02022  0.03260  0.02655  0.36161  0.58167
135 136	 0.13139  0.46199  0.99677  0.97937  0.98807
136 137	 0.04237  0.19994  0.88982  0.97632  0.97878
137 138	 0.01312  0.00804  0.03084  0.16545  0.33870
138 139	 0.03530  0.07396  0.55243  0.97199  1.00000
139 140	 0.13023  0.52632  1.00000  1.00000  1.00000
140 141	 0.00000  0.04731  0.35253  0.92603  1.00000
141 142	 0.00866  0.00000  0.07445  0.34669  0.62630
142 143	 0.04633  0.00586  0.00000  0.02287  0.05259
143 144	 0.00000  0.00832  0.01530  0.06067  0.11339
144 145	 0.00000  0.00000  0.07832  0.39296  0.61006
145 146	 0.24802  0.84663  1.00000  0.99307  0.97726
146 147	 0.60243  1.00000  1.00000  0.97151  0.99988
147 148	 0.04962  0.19379  0.85669  0.97566  1.00000
149 150	 0.00209  0.07526  0.46344  0.98500  1.00000
150 151	 0.00000  0.00000  0.00000  0.07453  0.09079
151 152	 0.00000  0.02370  0.05112  0.25027  0.40000
152 153	 0.00000  0.00233  0.13246  0.55388  0.75670
153 154	 0.01067  0.00032  0.04590  0.33254  0.51882
154 155	 0.00000  0.00000  0.06165  0.20061  0.36163
155 156	 0.00000  0.02463  0.06387  0.28925  0.48083
156 157	 0.00935  0.05879  0.42158  0.97881  0.97724
157 158	 0.01521  0.00000  0.05343  0.40791  0.64029
158 159	 0.00000  0.00000  0.01789  0.05683  0.09491
159 160	 0.00475  0.01591  0.00000  0.00000  0.00036
160 161	 0.00000  0.01318  0.00121  0.06089  0.13964
162 163	 0.01339  0.00386  0.12707  0.43085  0.71448
164 165	 0.04813  0.30130  0.97803  1.00000  1.00000
166 167	 0.45999  0.97328  1.00000  0.97389  1.00000
167 168	 0.98987  1.00000  1.00000  1.00000  0.97576
168 169	 0.04720  0.26498  0.92289  1.00000  0.99236
169 170	 0.00002  0.04711  0.02846  0.00878  0.01917
170 171	 0.04715  0.12797  0.76417  0.99145  0.99064
171 172	 0.13202  0.53681  1.00000  0.99587  0.98465
172 173	 0.00165  0.01030  0.00000  0.09603  0.13589
173 174	 0.00000  0.00631  0.01535  0.01610  0.02703
174 175	 0.00710  0.05285  0.44483  0.99071  1.00000
175 176	 0.32464  0.93638  1.00000  0.99728  1.00000
176 177	 0.20423  0.73728  1.00000  1.00000  1.00000
177 178	 0.02789  0.09256  0.52022  0.94143  1.00000
178 179	 0.00000  0.00000  0.00558  0.05242  0.02026
179 180	 0.01464  0.00000  0.00000  0.07174  0.12931
180 181	 0.01873  0.02590  0.02335  0.02985  0.02185
181 182	 0.01685  0.01807  0.00472  0.00000  0.02408
182 183	 0.00000  0.03996  0.28747  0.87593  0.94990
183 184	 0.01019  0.01142  0.07235  0.34678  0.55508
185 186	 0.00000  0.00000  0.06488  0.23474  0.40247
186 187	 0.03713  0.04464  0.31490  0.89622  0.98756
187 188	 0.00223  0.09685  0.66038  0.96217  0.98822
188 189	 0.00691  0.00000  0.00366  0.00000  0.00000
189 190	 0.00960  0.00738  0.01763  0.00000  0.03770
190 191	 0.01387  0.23942  0.96653  0.96093  0.99927
191 192	 0.00695  0.10650  0.66824  0.98568  0.98168
192 193	 0.00082  0.04320  0.46857  0.95865  1.00000
193 194	 0.00000  0.01693  0.02835  0.13079  0.26905
194 195	 0.00415  0.00000  0.04433  0.34469  0.55844
195 196	 0.12073  0.65884  1.00000  1.00000  1.00000
196 197	 0.03021  0.09567  0.62742  1.00000  0.95730
197 198	 0.01463  0.07755  0.57536  1.00000  1.00000
199 200	 0.00510  0.02098  0.02330  0.16057  0.29022
200 201	 0.00000  0.00000  0.00989  0.00000  0.03023
201 202	 0.00000  0.00000  0.00000  0.00882  0.02649
202 203	 0.00779  0.00941  0.01592  0.04312  0.10064
203 204	 0.03034  0.09992  0.72198  0.99251  0.97714
204 205	 0.08609  0.31514  0.94902  0.98398  1.00000
205 206	 0.62366  0.98087  0.98797  0.98151  1.00000
206 207	 0.00000  0.09887  0.63668  0.99921  1.00000
207 208	 0.00000  0.00000  0.04681  0.28079  0.51833
208 209	 0.00619  0.04430  0.00000  0.15975  0.21621
209 210	 0.00000  0.05371  0.44946  0.92600  0.98875
210 211	 0.01990  0.00000  0.00000  0.00000  0.00939
211 212	 0.02343  0.00000  0.00000  0.00000  0.01289
212 213	 0.00837  0.00000  0.00000  0.02755  0.00000
213 214	 0.00000  0.00000  0.00000  0.00000  0.01324
214 215	 0.00000  0.01518  0.00000  0.00868  0.00000
215 216	 0.00898  0.00000  0.01177  0.00000  0.00000
216 217	 0.02862  0.11256  0.69297  1.00000  1.00000
217 218	 0.93298  0.97412  0.98569  1.00000  0.99448
218 219	 0.08619  0.35876  0.99572  0.99725  1.00000
219 220	 0.00000  0.01523  0.12568  0.58324  0.81391
220 221	 0.01246  0.16947  0.82651  0.98293  0.98419
221 222	 0.02540  0.13055  0.81759  0.97449  1.00000
222 223	 0.00546  0.02618  0.26949  0.82381  0.95691
223 224	 0.32000  0.89945  0.98224  0.99645  1.00000
224 225	 1.00000  0.96594  1.00000  1.00000  0.98948
225 226	 0.74975  0.98730  0.99469  0.97759  1.00000
226 227	 0.05245  0.17736  0.84583  0.97980  0.99818
227 228	 0.00061  0.00701  0.00569  0.10097  0.22672
228 229	 0.00000  0.05372  0.32693  0.91358  0.98087
229 230	 0.00000  0.02098  0.25012  0.82730  0.99779
230 231	 0.05478  0.01591  0.00000  0.11425  0.19483
231 232	 0.00789  0.00000  0.20456  0.71267  0.89818
232 233	 0.00471  0.04837  0.26515  0.84921  0.98478
233 234	 0.00000  0.00000  0.02088  0.00000  0.00000
234 235	 0.00000  0.00000  0.00000  0.00000  0.05678
235 236	 0.02495  0.00581  0.08290  0.35263  0.59515
236 237	 0.00000  0.00000  0.04824  0.21926  0.39725
237 238	 0.00209  0.03234  0.00000  0.02384  0.00000
238 239	 0.00000  0.00675  0.00000  0.00009  0.04807
239 240	 0.02889  0.09895  0.57499  0.97756  1.00000
240 241	 0.01323  0.29806  0.96018  1.00000  1.00000
241 242	 0.01985  0.00000  0.14456  0.50604  0.74255
242 243	 0.00000  0.00000  0.01879  0.23610  0.37914
243 244	 0.00000  0.10886  0.68892  1.00000  1.00000
244 245	 0.02244  0.12489  0.78632  0.99057  1.00000
245 246	 0.01422  0.02125  0.04656  0.36767  0.54987
246 247	 0.02105  0.13120  0.65163  0.96915  1.00000
247 248	 0.35148  0.93114  0.99793  0.96854  1.00000
248 249	 0.00000  0.00384  0.12765  0.54729  0.81046
249 250	 0.01072  0.10848  0.53363  0.96109  1.00000
250 251	 0.17223  0.63986  1.00000  1.00000  1.00000
251 252	 0.02056  0.08048  0.71145  1.00000  0.99526
252 253	 0.02245  0.00000  0.02157  0.23964  0.46826
253 254	 0.00000  0.02967  0.00649  0.19976  0.24940
254 255	 0.03416  0.00719  0.18344  0.75803  0.93845
255 256	 0.00699  0.04706  0.46594  0.97485  1.00000
256 257	 0.02614  0.00661  0.00077  0.06802  0.12905
257 258	 0.02027  0.01042  0.15709  0.63787  0.86520
258 259	 0.08505  0.42804  0.98886  1.00000  0.97116
259 260	 0.05264  0.18373  0.88577  1.00000  0.97450
260 261	 0.06964  0.16739  0.84299  1.00000  0.96321
261 262	 1.00000  0.99184  1.00000  1.00000  0.95913
262 263	 0.84759  1.00000  0.98474  1.00000  1.00000
263 264	 0.01392  0.15160  0.71474  0.98644  0.96732
264 265	 0.00294  0.04134  0.29698  0.86735  0.97780
265 266	 0.22869  0.81974  1.00000  0.98294  0.97808
266 267	 0.02746  0.04766  0.38183  0.97065  0.99725
267 268	 0.35839  0.92302  1.00000  1.00000  0.98622
268 269	 0.01038  0.08136  0.60351  0.96551  0.98730
269 270	 0.24838  0.75871  0.99645  0.99716  1.00000
270 271	 0.99063  0.99330  0.98706  1.00000  1.00000
271 272	 0.98074  1.00000  0.99339  0.99696  0.97353
272 273	 0.08814  0.34758  0.99690  1.00000  0.96653
273 274	 0.00000  0.03535  0.02260  0.10891  0.13809
274 275	 0.04801  0.08353  0.36017  0.91287  1.00000
275 276	 0.12599  0.35483  1.00000  0.97425  1.00000
276 277	 0.00347  0.00000  0.03607  0.36733  0.60341
277 278	 0.00000  0.00827  0.03600  0.29421  0.45175
278 279	 0.00000  0.17044  0.76496  0.99809  1.00000
279 280	 0.05831  0.29298  0.94712  1.00000  0.97250
280 281	 0.04090  0.00000  0.19549  0.72547  0.92402
282 283	 0.11900  0.62156  1.00000  1.00000  1.00000
283 284	 0.00000  0.06559  0.25247  0.81179  0.98287
284 285	 0.00000  0.00000  0.08448  0.24600  0.38305
285 286	 0.02599  0.03818  0.41089  0.95018  1.00000
286 287	 0.00000  0.01401  0.26690  0.88422  1.00000
287 288	 0.02889  0.04612  0.02583  0.25087  0.39642
288 289	 0.00000  0.01671  0.08081  0.28620  0.49990
289 290	 0.00000  0.05548  0.62601  0.99865  1.00000
290 291	 0.07903  0.38984  1.00000  1.00000  0.97294
291 292	 0.01754  0.01225  0.09204  0.42638  0.65092
292 293	 0.04489  0.07920  0.65488  1.00000  0.98193
293 294	 0.90497  1.00000  0.98900  0.98386  0.97160
294 295	 0.49839  0.98085  0.98077  1.00000  0.94651
295 296	 0.04563  0.04845  0.39240  0.95297  0.99232
296 297	 0.00000  0.00000  0.00931  0.21693  0.33631
297 298	 0.05743  0.33123  0.98197  0.97055  1.00000
298 299	 0.02440  0.01012  0.27382  0.81925  0.98401
299 300	 0.01094  0.00776  0.03960  0.12088  0.18897
300 301	 0.00000  0.03189  0.29946  0.88249  0.96994
301 302	 0.02436  0.08259  0.34016  0.90824  1.00000
302 303	 0.01066  0.00000  0.00393  0.09258  0.18588
303 304	 0.00211  0.00000  0.12919  0.44556  0.68002
304 305	 0.02683  0.02284  0.16058  0.68973  0.87334
305 306	 0.00965  0.01537  0.07354  0.49285  0.74312
306 307	 0.00000  0.00000  0.00000  0.05423  0.12711
307 308	 0.05572  0.44414  1.00000  1.00000  0.99633
308 309	 0.24130  0.78048  1.00000  1.00000  1.00000
309 310	 0.02386  0.00984  0.05861  0.25873  0.53259
