# ResID Deuterated fraction, Times /
1 2	 0.98959  0.99573  1.00000  0.97340  1.00000
2 3	 0.00000  0.00000  0.04350  0.28704  0.47530
3 4	 0.00000  0.06741  0.01332  0.01326  0.03144
4 5	 0.01924  0.00000  0.00309  0.00000  0.01426
5 6	 0.00000  0.01938  0.00000  0.02676  0.00000
6 7	 0.00481  0.02271  0.00000  0.06061  0.11161
7 8	 0.00000  0.02459  0.10060  0.43034  0.66014
8 9	 0.02816  0.03236  0.04793  0.10860  0.19987
9 10	 0.00000  0.00000  0.01818  0.18121  0.33312
10 11	 0.25580  0.84375  0.98770  0.99920  1.00000
11 12	 0.02743  0.19961  0.80541  0.99440  1.00000
12 13	 0.00000  0.05119  0.38705  0.98146  0.97027
13 14	 0.02530  0.02409  0.18609  0.67973  0.89388
14 15	 0.00000  0.03050  0.05930  0.26489  0.47314
15 16	 0.00000  0.00000  0.03404  0.10304  0.18094
16 17	 0.02572  0.01506  0.00000  0.02759  0.05406
17 18	 0.01733  0.00816  0.00106  0.07711  0.14399
18 19	 0.00044  0.02732  0.04755  0.02068  0.05243
19 20	 0.00000  0.00000  0.03111  0.20439  0.36554
20 21	 0.02627  0.05178  0.47609  0.97856  1.00000
21 22	 0.00584  0.01104  0.00000  0.01589  0.03172
22 23	 0.00235  0.01751  0.04865  0.18990  0.34404
23 24	 0.00000  0.04927  0.24125  0.76823  0.95578
24 25	 0.03278  0.03824  0.28340  0.92146  1.00000
25 26	 0.02497  0.00000  0.00004  0.04957  0.05777
26 27	 0.00000  0.00000  0.04085  0.11444  0.22436
27 28	 0.33427  0.89470  1.00000  1.00000  0.99965
28 29	 0.12339  0.54743  0.99655  0.99422  1.00000
29 30	 0.13475  0.44339  0.98712  1.00000  0.96890
30 31	 1.00000  1.00000  1.00000  0.98682  0.97418
31 32	 0.36378  0.90518  1.00000  0.99114  1.00000
32 33	 0.02320  0.13025  0.80057  0.99007  0.98294
33 34	 0.00000  0.01382  0.01620  0.09487  0.13610
34 35	 0.03118  0.01025  0.01077  0.20755  0.37984
35 36	 0.14936  0.47535  0.99812  0.99938  1.00000
36 37	 0.00000  0.03749  0.12503  0.52351  0.75493
37 38	 0.03170  0.04501  0.41297  0.97531  0.97248
38 39	 0.00000  0.02693  0.03926  0.10443  0.21451
39 40	 0.45147  0.96579  0.98709  0.96076  1.00000
40 41	 0.50866  0.98012  0.98337  0.99545  0.99487
41 42	 0.13772  0.56060  1.00000  1.00000  1.00000
42 43	 0.01197  0.15819  0.81376  1.00000  1.00000
43 44	 0.02119  0.20709  0.83022  0.99681  1.00000
44 45	 0.30729  0.89715  1.00000  0.96265  1.00000
45 46	 0.77510  0.99566  1.00000  1.00000  0.98295
46 47	 0.02361  0.23940  0.87774  0.99298  1.00000
47 48	 0.00000  0.00000  0.00000  0.01542  0.08127
48 49	 0.00000  0.03921  0.00440  0.24747  0.43968
49 50	 0.01836  0.03912  0.37928  0.94179  0.95906
50 51	 0.02308  0.00149  0.04108  0.19633  0.35593
51 52	 0.01206  0.00000  0.00000  0.00843  0.01975
52 53	 0.00000  0.01727  0.07890  0.44751  0.68986
53 54	 0.10055  0.52215  1.00000  1.00000  0.99945
54 55	 0.04563  0.10498  0.57673  0.99257  1.00000
55 56	 0.01840  0.00183  0.10391  0.46438  0.73270
56 57	 0.00000  0.00000  0.00000  0.08824  0.12126
57 58	 0.00997  0.00811  0.00000  0.09640  0.12373
58 59	 0.00000  0.00000  0.01100  0.01061  0.08699
59 60	 0.00000  0.00000  0.02577  0.00000  0.00000
60 61	 0.00000  0.00180  0.00757  0.02851  0.02110
61 62	 0.00000  0.00000  0.02805  0.00945  0.08203
62 63	 0.00000  0.01392  0.01645  0.07063  0.20728
64 65	 0.04711  0.02981  0.40973  0.96116  0.99390
65 66	 0.00018  0.00000  0.02990  0.08367  0.23452
66 67	 0.00000  0.00000  0.00531  0.08362  0.17475
67 68	 0.00000  0.00020  0.00521  0.05848  0.06341
68 69	 0.08363  0.27318  0.92888  1.00000  1.00000
69 70	 0.56318  1.00000  1.00000  0.96880  0.99596
70 71	 0.00000  0.00000  0.17043  0.60237  0.84968
72 73	 0.05637  0.49969  0.98840  0.99591  0.98618
73 74	 0.00000  0.02850  0.04976  0.28954  0.56103
74 75	 0.00000  0.00648  0.05271  0.18446  0.33384
75 76	 0.00298  0.03484  0.16217  0.57320  0.79105
76 77	 0.17862  0.66338  1.00000  0.99713  0.97281
77 78	 0.03408  0.34169  1.00000  1.00000  0.97066
78 79	 0.02667  0.03560  0.07227  0.38002  0.58020
80 81	 0.43429  0.94695  1.00000  1.00000  1.00000
81 82	 0.36136  0.94381  0.99539  0.96726  1.00000
82 83	 0.03057  0.25331  0.92848  1.00000  1.00000
84 85	 0.04529  0.24508  0.87568  1.00000  1.00000
85 86	 0.09050  0.33989  0.99289  0.98364  0.95567
86 87	 0.19670  0.72246  0.98527  1.00000  0.99507
87 88	 0.98473  1.00000  1.00000  0.98999  0.97062
88 89	 0.02270  0.24812  0.94140  1.00000  1.00000
89 90	 0.00440  0.00000  0.01530  0.03488  0.02067
90 91	 0.00000  0.01843  0.04355  0.20802  0.36922
91 92	 0.00096  0.06539  0.34546  0.93856  0.99727
92 93	 0.00000  0.00461  0.00433  0.15392  0.25572
93 94	 0.00000  0.04132  0.16345  0.64132  0.86511
94 95	 0.03780  0.19390  0.89727  1.00000  1.00000
95 96	 0.03462  0.07473  0.52396  0.99692  0.97853
96 97	 0.00000  0.00000  0.04997  0.07124  0.05532
97 98	 0.01472  0.06208  0.38914  0.93277  0.98318
98 99	 0.00000  0.04745  0.04491  0.02122  0.09932
99 100	 0.00000  0.00868  0.00840  0.08918  0.13988
100 101	 0.00000  0.05742  0.45038  0.97721  0.98505
101 102	 0.01679  0.15347  0.80762  0.96133  1.00000
102 103	 0.03944  0.02973  0.31751  0.91185  1.00000
103 104	 0.00000  0.00000  0.03721  0.31423  0.52010
105 106	 0.15168  0.66643  0.97508  0.99021  1.00000
106 107	 0.04016  0.05319  0.41238  0.96343  0.99866
107 108	 0.00000  0.00000  0.03556  0.19922  0.35971
108 109	 0.03220  0.02081  0.02479  0.17627  0.31966
109 110	 0.02567  0.23365  0.91918  0.99773  0.96919
110 111	 0.19195  0.74478  0.96177  0.98313  1.00000
111 112	 0.06824  0.25225  0.92967  1.00000  0.98589
112 113	 0.00000  0.01165  0.00000  0.03276  0.03113
113 114	 0.00000  0.00000  0.01190  0.03852  0.07250
114 115	 0.01200  0.01077  0.08245  0.26238  0.46754
115 116	 0.02957  0.04589  0.42319  0.96077  1.00000
116 117	 0.01304  0.04066  0.36833  0.96406  0.99745
117 118	 0.05956  0.23294  0.93089  1.00000  0.97800
118 119	 0.00000  0.00000  0.05258  0.11977  0.19908
120 121	 0.00000  0.03548  0.01360  0.06286  0.16364
121 122	 0.00000  0.00499  0.04028  0.24951  0.40212
122 123	 0.00000  0.01079  0.08686  0.48338  0.76126
123 124	 0.02344  0.01266  0.00000  0.14623  0.23128
124 125	 0.02262  0.00000  0.00691  0.00000  0.00765
125 126	 0.01056  0.00000  0.01434  0.01034  0.00682
126 127	 0.00000  0.00000  0.00000  0.00000  0.03351
127 128	 0.00000  0.02755  0.01912  0.01974  0.05585
128 129	 0.01746  0.03517  0.17117  0.65340  0.89494
129 130	 0.00000  0.10756  0.75146  0.98120  0.97697
131 132	 0.02233  0.18124  0.84847  1.00000  1.00000
132 133	 0.01993  0.07177  0.45509  0.96151  0.97687
133 134	 0.04466  0.04541  0.07224  0.35598  0.54475
135 136	 0.10184  0.46640  1.00000  1.00000  1.00000
136 137	 0.04440  0.19735  0.86260  0.99690  0.98033
137 138	 0.02115  0.04975  0.03385  0.18491  0.33896
138 139	 0.00449  0.05632  0.54122  1.00000  0.99177
139 140	 0.11605  0.50184  1.00000  0.99701  1.00000
140 141	 0.01043  0.03684  0.35775  0.90515  0.99455
141 142	 0.00000  0.00534  0.06282  0.39251  0.58876
142 143	 0.00000  0.00020  0.01045  0.00000  0.00020
143 144	 0.03977  0.02721  0.00000  0.07317  0.09241
144 145	 0.01146  0.00000  0.08849  0.42728  0.67356
145 146	 0.24334  0.84859  1.00000  1.00000  0.99663
146 147	 0.62241  1.00000  0.99140  1.00000  0.99902
147 148	 0.02750  0.21329  0.85402  0.99770  1.00000
149 150	 0.01204  0.09598  0.45925  0.98040  0.99667
150 151	 0.03280  0.00669  0.00000  0.08624  0.11539
151 152	 0.00000  0.01024  0.02732  0.22465  0.37342
152 153	 0.01515  0.00000  0.11284  0.54756  0.74733
153 154	 0.01648  0.01831  0.03494  0.32129  0.51049
154 155	 0.00000  0.01707  0.00000  0.18687  0.32579
155 156	 0.00660  0.03558  0.08909  0.27756  0.45548
156 157	 0.03211  0.06902  0.43319  0.93704  0.98626
157 158	 0.00000  0.01062  0.08599  0.42601  0.65216
158 159	 0.03628  0.00000  0.01139  0.07487  0.11332
159 160	 0.00000  0.00000  0.00000  0.00000  0.03295
160 161	 0.00163  0.00225  0.00000  0.10568  0.09848
162 163	 0.04468  0.04729  0.12342  0.43837  0.72981
164 165	 0.06298  0.28791  0.95071  1.00000  1.00000
166 167	 0.45642  0.97948  1.00000  0.99532  0.97165
167 168	 0.98496  0.96769  0.99436  0.98494  1.00000
168 169	 0.02988  0.22429  0.94538  1.00000  1.00000
169 170	 0.00000  0.00000  0.00000  0.00000  0.08020
170 171	 0.00000  0.13125  0.76986  0.99638  0.97899
171 172	 0.08688  0.57436  0.98208  0.98501  0.95442
172 173	 0.03162  0.00000  0.01270  0.10239  0.17226
173 174	 0.00000  0.06551  0.03179  0.00000  0.04149
174 175	 0.00000  0.06966  0.46903  1.00000  1.00000
175 176	 0.29570  0.88268  0.98979  1.00000  0.97865
176 177	 0.18982  0.74172  0.99103  0.99429  1.00000
177 178	 0.02704  0.06234  0.52412  1.00000  1.00000
178 179	 0.00000  0.00000  0.00955  0.04684  0.04934
179 180	 0.00000  0.02164  0.00497  0.05204  0.12093
180 181	 0.00000  0.02713  0.00113  0.01037  0.04509
181 182	 0.00000  0.00000  0.01744  0.02477  0.01333
182 183	 0.00453  0.04199  0.31579  0.90534  0.99158
183 184	 0.00000  0.00000  0.06280  0.36948  0.54958
185 186	 0.00000  0.02296  0.04151  0.20515  0.45225
186 187	 0.00111  0.03515  0.34925  0.87486  0.97566
187 188	 0.02049  0.12685  0.62261  1.00000  1.00000
188 189	 0.01011  0.00000  0.00311  0.00000  0.00326
189 190	 0.02133  0.00000  0.01746  0.00293  0.06413
190 191	 0.04475  0.21346  0.93948  1.00000  0.99738
191 192	 0.02739  0.14122  0.66647  0.97602  1.00000
192 193	 0.00000  0.06064  0.46543  0.98277  0.97858
193 194	 0.02269  0.00388  0.01389  0.16682  0.30045
194 195	 0.03595  0.00894  0.06600  0.32867  0.57965
195 196	 0.13507  0.62237  1.00000  1.00000  0.98781
196 197	 0.01534  0.12540  0.63491  0.98855  1.00000
197 198	 0.01718  0.07457  0.57809  0.97560  1.00000
199 200	 0.00000  0.00000  0.04993  0.14346  0.29101
200 201	 0.00000  0.00000  0.02291  0.02843  0.02306
201 202	 0.00258  0.01279  0.00000  0.00000  0.06206
202 203	 0.00000  0.01978  0.00000  0.06267  0.09810
203 204	 0.01128  0.15475  0.69891  0.96485  1.00000
204 205	 0.06028  0.33576  0.97711  0.96827  0.99877
205 206	 0.64210  0.99934  1.00000  1.00000  0.99158
206 207	 0.00138  0.09739  0.60137  1.00000  0.99232
207 208	 0.00000  0.01485  0.05037  0.26779  0.53431
208 209	 0.03225  0.03333  0.04028  0.11416  0.19868
209 210	 0.00000  0.08537  0.42663  0.96317  0.99288
210 211	 0.00000  0.00000  0.00000  0.00108  0.02219
211 212	 0.00000  0.02535  0.00000  0.00472  0.00926
212 213	 0.03608  0.01838  0.01208  0.00000  0.03624
213 214	 0.00480  0.01820  0.00000  0.00174  0.00000
214 215	 0.00000  0.00000  0.00000  0.03730  0.02384
215 216	 0.00000  0.00000  0.04877  0.00000  0.01044
216 217	 0.00000  0.08656  0.68111  0.98688  1.00000
217 218	 0.93939  0.99818  0.99359  0.99272  0.98269
218 219	 0.06868  0.35300  1.00000  0.95482  0.99474
219 220	 0.00000  0.03929  0.16939  0.61810  0.85866
220 221	 0.04218  0.12858  0.83077  0.96972  0.94794
221 222	 0.01970  0.15962  0.81132  1.00000  1.00000
222 223	 0.02570  0.01590  0.25684  0.80822  0.94379
223 224	 0.33776  0.89044  1.00000  0.98167  1.00000
224 225	 0.99607  1.00000  0.99115  0.95589  0.99532
225 226	 0.76149  0.99254  1.00000  0.99390  0.97013
226 227	 0.05770  0.16045  0.82937  1.00000  0.94635
227 228	 0.03395  0.00000  0.05577  0.13349  0.19265
228 229	 0.00867  0.04663  0.34793  0.92102  1.00000
229 230	 0.00000  0.01004  0.27280  0.84610  0.97644
230 231	 0.00000  0.00000  0.04488  0.10712  0.20720
231 232	 0.00162  0.01895  0.20733  0.70459  0.93136
232 233	 0.00540  0.01579  0.28992  0.87983  0.98923
233 234	 0.00385  0.00000  0.00000  0.02141  0.01805
234 235	 0.00000  0.02230  0.03905  0.01922  0.03224
235 236	 0.00112  0.00000  0.06422  0.36209  0.60487
236 237	 0.00000  0.02258  0.04989  0.24791  0.40447
237 238	 0.02966  0.00000  0.01265  0.02502  0.00670
238 239	 0.00220  0.00000  0.00000  0.02968  0.02430
239 240	 0.00000  0.07395  0.54167  0.96924  1.00000
240 241	 0.07829  0.32824  0.95953  0.97081  0.98499
241 242	 0.01379  0.00449  0.10160  0.50685  0.75915
242 243	 0.00000  0.00000  0.06350  0.17661  0.37408
243 244	 0.02761  0.12020  0.69851  1.00000  0.98730
244 245	 0.01441  0.12366  0.76157  1.00000  1.00000
245 246	 0.00097  0.04671  0.06768  0.34913  0.56157
246 247	 0.01240  0.13488  0.64838  1.00000  0.95331
247 248	 0.38309  0.88408  0.99239  0.98761  1.00000
248 249	 0.00250  0.02115  0.11952  0.54287  0.81377
249 250	 0.01318  0.09053  0.52554  1.00000  0.98799
250 251	 0.14785  0.62066  1.00000  0.97778  0.97461
251 252	 0.00000  0.16544  0.71661  0.99971  0.98631
252 253	 0.01183  0.02692  0.07597  0.24557  0.43335
253 254	 0.00000  0.00000  0.03915  0.13674  0.22540
254 255	 0.00610  0.03705  0.24002  0.74501  0.95598
255 256	 0.01548  0.04152  0.48598  0.96687  1.00000
256 257	 0.00280  0.00680  0.02152  0.07006  0.10062
257 258	 0.00000  0.02701  0.15123  0.62282  0.89689
258 259	 0.07903  0.42511  0.99485  0.97088  0.97286
259 260	 0.00435  0.17068  0.88527  1.00000  1.00000
260 261	 0.03786  0.10907  0.81958  1.00000  0.98558
261 262	 0.96426  1.00000  1.00000  0.98878  0.97906
262 263	 0.87272  1.00000  1.00000  0.98735  0.99987
263 264	 0.02380  0.10130  0.76739  1.00000  1.00000
264 265	 0.00000  0.02905  0.25144  0.85741  0.98242
265 266	 0.25901  0.80141  0.95281  1.00000  0.99072
266 267	 0.01995  0.02948  0.41373  0.95103  1.00000
267 268	 0.30619  0.92915  1.00000  0.96731  0.98627
268 269	 0.02588  0.08636  0.58287  1.00000  1.00000
269 270	 0.22656  0.76605  1.00000  0.99331  0.99737
270 271	 1.00000  1.00000  1.00000  1.00000  0.99359
271 272	 1.00000  0.97606  0.98798  0.99264  1.00000
272 273	 0.04677  0.37896  0.99969  1.00000  0.98677
273 274	 0.00000  0.00000  0.00966  0.07672  0.17457
274 275	 0.00804  0.05330  0.36185  0.91980  0.99798
275 276	 0.04794  0.32704  0.96994  0.95434  1.00000
276 277	 0.02521  0.02210  0.11165  0.37153  0.61012
277 278	 0.02527  0.00939  0.06328  0.31193  0.46477
278 279	 0.00000  0.12225  0.78469  1.00000  0.98507
279 280	 0.02086  0.27562  0.94397  0.97022  1.00000
280 281	 0.00000  0.00473  0.19465  0.68914  0.90923
282 283	 0.19687  0.64139  0.99998  1.00000  1.00000
283 284	 0.03731  0.06261  0.24607  0.80751  0.92993
284 285	 0.02211  0.00000  0.02096  0.20626  0.38624
285 286	 0.02130  0.03959  0.41495  0.93585  1.00000
286 287	 0.03349  0.07109  0.31436  0.88460  0.97943
287 288	 0.00000  0.00000  0.05172  0.25331  0.43300
288 289	 0.00761  0.00621  0.06154  0.29004  0.48648
289 290	 0.04558  0.09268  0.63085  1.00000  0.98464
290 291	 0.10627  0.39849  0.95447  1.00000  0.99313
291 292	 0.02110  0.02019  0.09357  0.42754  0.65767
292 293	 0.02717  0.10428  0.64306  0.96660  1.00000
293 294	 0.89788  1.00000  0.98612  0.99938  1.00000
294 295	 0.46002  1.00000  0.97393  0.99166  1.00000
295 296	 0.00000  0.04109  0.32801  0.91353  1.00000
296 297	 0.00000  0.00000  0.04895  0.22596  0.37118
297 298	 0.10620  0.28717  0.96512  0.98362  1.00000
298 299	 0.00885  0.01259  0.26841  0.84210  0.94847
299 300	 0.00778  0.01164  0.00976  0.09782  0.21120
300 301	 0.01777  0.07881  0.30157  0.86801  1.00000
301 302	 0.01039  0.08250  0.34307  0.90165  0.97905
302 303	 0.00000  0.04029  0.02350  0.11508  0.18369
303 304	 0.00000  0.03175  0.10434  0.44460  0.70514
304 305	 0.00000  0.02656  0.18450  0.69495  0.91914
305 306	 0.00000  0.03453  0.12033  0.47560  0.69887
306 307	 0.05315  0.00234  0.00332  0.04589  0.10966
307 308	 0.10407  0.43240  0.99340  0.95984  1.00000
308 309	 0.20772  0.76811  1.00000  1.00000  1.00000
309 310	 0.02816  0.00000  0.04695  0.26019  0.42535
