 1.00000  1.00000  1.00000  1.00000  1.00000
 0.00091  0.00543  0.05297  0.27857  0.47954
 0.00007  0.00042  0.00422  0.02505  0.04948
 0.00000  0.00002  0.00017  0.00100  0.00200
 0.00005  0.00032  0.00319  0.01900  0.03764
 0.00016  0.00096  0.00952  0.05578  0.10846
 0.00155  0.00921  0.08833  0.42583  0.67033
 0.00033  0.00196  0.01945  0.11114  0.20992
 0.00060  0.00357  0.03510  0.19297  0.34870
 0.27029  0.84781  1.00000  1.00000  1.00000
 0.02947  0.16355  0.83219  0.99998  1.00000
 0.00818  0.04793  0.38805  0.94748  0.99724
 0.00317  0.01854  0.17025  0.67356  0.89343
 0.00092  0.00551  0.05369  0.28185  0.48427
 0.00033  0.00199  0.01975  0.11278  0.21285
 0.00009  0.00055  0.00547  0.03237  0.06370
 0.00022  0.00134  0.01328  0.07707  0.14820
 0.00008  0.00048  0.00482  0.02859  0.05635
 0.00067  0.00402  0.03950  0.21479  0.38344
 0.01103  0.06418  0.48481  0.98130  0.99965
 0.00006  0.00036  0.00356  0.02119  0.04192
 0.00061  0.00365  0.03594  0.19717  0.35547
 0.00419  0.02480  0.22200  0.77824  0.95082
 0.00640  0.03761  0.31832  0.89965  0.98993
 0.00007  0.00040  0.00397  0.02360  0.04665
 0.00035  0.00208  0.02059  0.11735  0.22092
 0.31609  0.89669  1.00000  1.00000  1.00000
 0.12677  0.55556  0.99970  1.00000  1.00000
 0.08919  0.42833  0.99627  1.00000  1.00000
 1.00000  1.00000  1.00000  1.00000  1.00000
 0.33166  0.91034  1.00000  1.00000  1.00000
 0.02637  0.14782  0.79800  0.99993  1.00000
 0.00021  0.00123  0.01217  0.07083  0.13664
 0.00065  0.00385  0.03782  0.20653  0.37040
 0.10409  0.48011  0.99855  1.00000  1.00000
 0.00221  0.01312  0.12360  0.54685  0.79465
 0.00981  0.05726  0.44538  0.97089  0.99915
 0.00031  0.00187  0.01853  0.10615  0.20103
 0.44642  0.97083  1.00000  1.00000  1.00000
 0.50405  0.98489  1.00000  1.00000  1.00000
 0.12752  0.55442  0.99969  1.00000  1.00000
 0.02725  0.15199  0.80750  0.99995  1.00000
 0.03026  0.16781  0.84060  0.99998  1.00000
 0.29585  0.87728  1.00000  1.00000  1.00000
 0.77303  0.99986  1.00000  1.00000  1.00000
 0.03627  0.19803  0.88984  1.00000  1.00000
 0.00008  0.00045  0.00449  0.02666  0.05260
 0.00085  0.00505  0.04938  0.26202  0.45538
 0.00762  0.04467  0.36674  0.93550  0.99584
 0.00058  0.00349  0.03434  0.18912  0.34247
 0.00004  0.00021  0.00210  0.01251  0.02486
 0.00164  0.00976  0.09343  0.44484  0.69179
 0.11109  0.50582  0.99913  1.00000  1.00000
 0.01368  0.07912  0.56137  0.99288  0.99995
 0.00188  0.01112  0.10566  0.48826  0.73811
 0.00019  0.00112  0.01109  0.06469  0.12519
 0.00021  0.00123  0.01227  0.07137  0.13765
 0.00012  0.00074  0.00738  0.04346  0.08503
 0.00000  0.00000  0.00002  0.00015  0.00030
 0.00006  0.00038  0.00379  0.02251  0.04452
 0.00011  0.00063  0.00628  0.03712  0.07286
 0.00027  0.00159  0.01574  0.09078  0.17333
 0.00889  0.05185  0.41264  0.95893  0.99831
 0.00034  0.00201  0.01993  0.11375  0.21456
 0.00029  0.00171  0.01699  0.09772  0.18590
 0.00009  0.00051  0.00508  0.03009  0.05927
 0.05781  0.29981  0.97167  1.00000  1.00000
 0.55061  0.99154  1.00000  1.00000  1.00000
 0.00269  0.01573  0.14617  0.61244  0.84979
 0.11035  0.50300  0.99908  1.00000  1.00000
 0.00108  0.00644  0.06256  0.32134  0.53942
 0.00055  0.00330  0.03249  0.17975  0.32720
 0.00239  0.01412  0.13239  0.57344  0.81804
 0.17192  0.67474  0.99999  1.00000  1.00000
 0.06484  0.32982  0.98168  1.00000  1.00000
 0.00133  0.00789  0.07604  0.37775  0.61280
 0.43551  0.96673  1.00000  1.00000  1.00000
 0.35681  0.92759  1.00000  1.00000  1.00000
 0.04030  0.21769  0.91402  1.00000  1.00000
 0.03826  0.20758  0.90221  1.00000  1.00000
 0.06582  0.33453  0.98296  1.00000  1.00000
 0.20665  0.74891  1.00000  1.00000  1.00000
 0.99843  1.00000  1.00000  1.00000  1.00000
 0.04455  0.23809  0.93397  1.00000  1.00000
 0.00009  0.00053  0.00533  0.03154  0.06209
 0.00066  0.00392  0.03848  0.20973  0.37546
 0.00707  0.04145  0.34495  0.92098  0.99376
 0.00042  0.00249  0.02461  0.13886  0.25843
 0.00295  0.01746  0.16139  0.65215  0.87900
 0.03753  0.20447  0.89842  1.00000  1.00000
 0.01235  0.07148  0.52340  0.98828  0.99986
 0.00009  0.00056  0.00554  0.03277  0.06446
 0.00795  0.04664  0.37971  0.94304  0.99676
 0.00014  0.00085  0.00843  0.04950  0.09655
 0.00022  0.00133  0.01318  0.07649  0.14713
 0.00982  0.05731  0.44573  0.97100  0.99916
 0.02926  0.16272  0.83061  0.99998  1.00000
 0.00626  0.03682  0.31266  0.89454  0.98888
 0.00108  0.00643  0.06241  0.32066  0.53850
 0.16290  0.65382  0.99998  1.00000  1.00000
 0.00899  0.05233  0.41549  0.96011  0.99841
 0.00059  0.00348  0.03421  0.18849  0.34144
 0.00053  0.00315  0.03101  0.17221  0.31476
 0.04276  0.22972  0.92638  1.00000  1.00000
 0.20806  0.75247  1.00000  1.00000  1.00000
 0.04979  0.26340  0.95297  1.00000  1.00000
 0.00006  0.00035  0.00351  0.02088  0.04132
 0.00006  0.00037  0.00367  0.02180  0.04312
 0.00094  0.00554  0.05397  0.28312  0.48608
 0.00921  0.05328  0.42090  0.96226  0.99858
 0.00797  0.04664  0.37958  0.94296  0.99675
 0.04560  0.24350  0.93856  1.00000  1.00000
 0.00030  0.00178  0.01769  0.10156  0.19281
 0.00022  0.00131  0.01304  0.07571  0.14569
 0.00068  0.00408  0.04006  0.21752  0.38772
 0.00191  0.01138  0.10815  0.49677  0.74676
 0.00037  0.00218  0.02158  0.12270  0.23034
 0.00000  0.00003  0.00027  0.00162  0.00324
 0.00001  0.00008  0.00078  0.00467  0.00932
 0.00003  0.00017  0.00170  0.01018  0.02025
 0.00009  0.00055  0.00553  0.03275  0.06442
 0.00290  0.01724  0.15956  0.64758  0.87580
 0.02321  0.13073  0.75342  0.99978  1.00000
 0.03061  0.16711  0.83837  0.99998  1.00000
 0.01065  0.06186  0.47169  0.97825  0.99953
 0.00119  0.00708  0.06857  0.34702  0.57362
 0.09732  0.45689  0.99776  1.00000  1.00000
 0.03556  0.19455  0.88499  1.00000  1.00000
 0.00058  0.00342  0.03366  0.18568  0.33688
 0.01367  0.07903  0.56094  0.99284  0.99995
 0.12031  0.53551  0.99953  1.00000  1.00000
 0.00742  0.04356  0.35935  0.93086  0.99522
 0.00123  0.00731  0.07069  0.35587  0.58510
 0.00000  0.00001  0.00010  0.00058  0.00115
 0.00013  0.00078  0.00773  0.04550  0.08893
 0.00145  0.00864  0.08309  0.40576  0.64687
 0.27308  0.85153  1.00000  1.00000  1.00000
 0.60341  0.99603  1.00000  1.00000  1.00000
 0.03252  0.17956  0.86180  0.99999  1.00000
 0.00989  0.05708  0.44367  0.97033  0.99912
 0.00017  0.00103  0.01019  0.05959  0.11562
 0.00069  0.00412  0.04039  0.21911  0.39021
 0.00224  0.01329  0.12516  0.55167  0.79900
 0.00100  0.00595  0.05787  0.30070  0.51097
 0.00064  0.00380  0.03736  0.20425  0.36677
 0.00086  0.00512  0.04999  0.26484  0.45954
 0.00908  0.05305  0.42013  0.96198  0.99855
 0.00144  0.00858  0.08247  0.40334  0.64399
 0.00015  0.00092  0.00911  0.05344  0.10402
 0.00000  0.00003  0.00025  0.00153  0.00305
 0.00018  0.00110  0.01096  0.06400  0.12390
 0.00178  0.01056  0.10068  0.47094  0.72009
 0.05588  0.28820  0.96635  1.00000  1.00000
 0.45925  0.97402  1.00000  1.00000  1.00000
 0.99998  1.00000  1.00000  1.00000  1.00000
 0.04351  0.23348  0.92992  1.00000  1.00000
 0.00010  0.00059  0.00588  0.03477  0.06833
 0.02465  0.13816  0.77361  0.99987  1.00000
 0.12732  0.55689  0.99971  1.00000  1.00000
 0.00026  0.00155  0.01543  0.08906  0.17019
 0.00003  0.00016  0.00161  0.00960  0.01911
 0.01069  0.06214  0.47337  0.97866  0.99954
 0.31411  0.89506  1.00000  1.00000  1.00000
 0.19942  0.73554  1.00000  1.00000  1.00000
 0.01130  0.06535  0.49080  0.98256  0.99970
 0.00007  0.00039  0.00384  0.02280  0.04507
 0.00019  0.00116  0.01150  0.06705  0.12959
 0.00005  0.00028  0.00278  0.01655  0.03283
 0.00004  0.00026  0.00258  0.01539  0.03055
 0.00601  0.03541  0.30263  0.88497  0.98677
 0.00112  0.00667  0.06468  0.33049  0.55176
 0.00074  0.00434  0.04240  0.22886  0.40533
 0.00659  0.03863  0.32531  0.90565  0.99110
 0.01724  0.09849  0.64514  0.99800  1.00000
 0.00003  0.00018  0.00182  0.01089  0.02167
 0.00007  0.00040  0.00399  0.02371  0.04685
 0.04835  0.25649  0.94834  1.00000  1.00000
 0.01841  0.10518  0.67080  0.99873  1.00000
 0.00974  0.05683  0.44285  0.97009  0.99911
 0.00041  0.00244  0.02413  0.13630  0.25403
 0.00118  0.00703  0.06801  0.34463  0.57049
 0.15348  0.63046  0.99995  1.00000  1.00000
 0.01729  0.09790  0.64219  0.99790  1.00000
 0.01494  0.08611  0.59352  0.99549  0.99998
 0.00050  0.00297  0.02929  0.16336  0.30004
 0.00002  0.00013  0.00133  0.00795  0.01584
 0.00004  0.00027  0.00265  0.01579  0.03134
 0.00017  0.00104  0.01031  0.06028  0.11693
 0.01960  0.11158  0.69356  0.99917  1.00000
 0.06273  0.32140  0.97928  1.00000  1.00000
 0.62443  0.99716  1.00000  1.00000  1.00000
 0.01618  0.09303  0.62333  0.99714  0.99999
 0.00099  0.00588  0.05725  0.29794  0.50711
 0.00036  0.00212  0.02099  0.11949  0.22469
 0.00957  0.05587  0.43711  0.96819  0.99899
 0.00000  0.00001  0.00012  0.00073  0.00147
 0.00000  0.00002  0.00022  0.00133  0.00265
 0.00001  0.00006  0.00065  0.00388  0.00774
 0.00002  0.00010  0.00100  0.00597  0.01191
 0.00001  0.00009  0.00086  0.00515  0.01027
 0.00001  0.00006  0.00057  0.00341  0.00680
 0.01924  0.10973  0.68717  0.99906  1.00000
 0.92902  1.00000  1.00000  1.00000  1.00000
 0.07005  0.35122  0.98673  1.00000  1.00000
 0.00251  0.01491  0.13938  0.59367  0.83489
 0.02871  0.15973  0.82442  0.99997  1.00000
 0.02957  0.16405  0.83318  0.99998  1.00000
 0.00451  0.02655  0.23571  0.80066  0.96026
 0.32185  0.90198  1.00000  1.00000  1.00000
 0.98860  1.00000  1.00000  1.00000  1.00000
 0.74987  0.99974  1.00000  1.00000  1.00000
 0.03036  0.16821  0.84135  0.99998  1.00000
 0.00033  0.00199  0.01970  0.11252  0.21238
 0.00698  0.04106  0.34240  0.91913  0.99346
 0.00484  0.02853  0.25112  0.82359  0.96888
 0.00032  0.00190  0.01879  0.10756  0.20355
 0.00340  0.02015  0.18412  0.70502  0.91299
 0.00532  0.03138  0.27296  0.85231  0.97819
 0.00004  0.00024  0.00243  0.01449  0.02877
 0.00005  0.00028  0.00284  0.01693  0.03357
 0.00132  0.00785  0.07573  0.37656  0.61132
 0.00074  0.00439  0.04301  0.23185  0.40995
 0.00001  0.00005  0.00049  0.00293  0.00584
 0.00005  0.00032  0.00320  0.01907  0.03778
 0.01317  0.07624  0.54744  0.99141  0.99993
 0.05778  0.29970  0.97162  1.00000  1.00000
 0.00196  0.01165  0.11058  0.50495  0.75493
 0.00064  0.00383  0.03757  0.20527  0.36840
 0.01812  0.10329  0.66357  0.99855  1.00000
 0.02456  0.13788  0.77298  0.99986  1.00000
 0.00116  0.00685  0.06633  0.33750  0.56109
 0.01768  0.10097  0.65481  0.99831  1.00000
 0.34077  0.91719  1.00000  1.00000  1.00000
 0.00241  0.01428  0.13389  0.57785  0.82179
 0.01306  0.07560  0.54430  0.99104  0.99992
 0.15547  0.63597  0.99996  1.00000  1.00000
 0.01925  0.10950  0.68618  0.99904  1.00000
 0.00079  0.00469  0.04589  0.24559  0.43087
 0.00039  0.00231  0.02285  0.12951  0.24225
 0.00393  0.02324  0.20939  0.75576  0.94035
 0.01043  0.06067  0.46502  0.97655  0.99945
 0.00019  0.00112  0.01114  0.06498  0.12573
 0.00281  0.01664  0.15435  0.63427  0.86624
 0.08765  0.42217  0.99584  1.00000  1.00000
 0.03219  0.17760  0.85838  0.99999  1.00000
 0.02740  0.15317  0.81029  0.99995  1.00000
 1.00000  1.00000  1.00000  1.00000  1.00000
 0.85622  0.99999  1.00000  1.00000  1.00000
 0.02193  0.12277  0.72925  0.99961  1.00000
 0.00531  0.03129  0.27218  0.85134  0.97790
 0.23612  0.79871  1.00000  1.00000  1.00000
 0.00850  0.04969  0.39912  0.95292  0.99778
 0.34494  0.92038  1.00000  1.00000  1.00000
 0.01502  0.08627  0.59403  0.99552  0.99998
 0.21167  0.75895  1.00000  1.00000  1.00000
 0.99994  1.00000  1.00000  1.00000  1.00000
 0.98937  1.00000  1.00000  1.00000  1.00000
 0.07007  0.35205  0.98693  1.00000  1.00000
 0.00025  0.00147  0.01454  0.08413  0.16118
 0.00752  0.04409  0.36282  0.93307  0.99552
 0.06999  0.35207  0.98695  1.00000  1.00000
 0.00131  0.00779  0.07522  0.37448  0.60873
 0.00090  0.00535  0.05226  0.27532  0.47483
 0.02412  0.13576  0.76743  0.99984  1.00000
 0.05108  0.26892  0.95633  1.00000  1.00000
 0.00354  0.02098  0.19104  0.71974  0.92145
 0.15562  0.63575  0.99996  1.00000  1.00000
 0.00486  0.02855  0.25122  0.82372  0.96892
 0.00073  0.00436  0.04269  0.23029  0.40754
 0.00780  0.04567  0.37322  0.93936  0.99632
 0.00633  0.03722  0.31555  0.89718  0.98943
 0.00074  0.00439  0.04303  0.23194  0.41008
 0.00100  0.00593  0.05770  0.29988  0.50983
 0.01686  0.09641  0.63689  0.99771  0.99999
 0.07732  0.38153  0.99179  1.00000  1.00000
 0.00161  0.00958  0.09171  0.43848  0.68469
 0.01820  0.10402  0.66650  0.99862  1.00000
 0.90063  1.00000  1.00000  1.00000  1.00000
 0.48306  0.98058  1.00000  1.00000  1.00000
 0.00783  0.04594  0.37509  0.94044  0.99645
 0.00065  0.00389  0.03822  0.20847  0.37348
 0.05980  0.30834  0.97492  1.00000  1.00000
 0.00529  0.03095  0.26934  0.84779  0.97683
 0.00033  0.00195  0.01925  0.11005  0.20798
 0.00587  0.03453  0.29622  0.87848  0.98523
 0.00664  0.03902  0.32824  0.90810  0.99155
 0.00027  0.00162  0.01611  0.09286  0.17711
 0.00159  0.00949  0.09092  0.43557  0.68142
 0.00336  0.01993  0.18234  0.70115  0.91069
 0.00176  0.01047  0.09984  0.46798  0.71696
 0.00017  0.00102  0.01011  0.05912  0.11473
 0.09345  0.44313  0.99712  1.00000  1.00000
 0.22438  0.78112  1.00000  1.00000  1.00000
 0.00102  0.00544  0.05197  0.27353  0.47217
