# ResID Deuterated fraction, Times /
1 2	 1.00000  1.00000  0.97305  1.00000  1.00000
2 3	 0.00452  0.03353  0.00000  0.06445  0.11183
3 4	 0.00000  0.00000  0.00000  0.07653  0.07188
4 5	 0.04290  0.00000  0.00000  0.00000  0.00470
5 6	 0.03164  0.00086  0.00494  0.00059  0.02256
6 7	 0.02662  0.00339  0.00000  0.01605  0.02743
7 8	 0.00348  0.00000  0.00321  0.11093  0.20419
8 9	 0.00000  0.00000  0.01507  0.01873  0.04522
9 10	 0.01846  0.00115  0.03000  0.04936  0.07857
10 11	 0.07124  0.29543  0.94233  1.00000  0.99821
11 12	 0.00666  0.01238  0.28403  0.86243  1.00000
12 13	 0.02082  0.00350  0.11025  0.41541  0.67126
13 14	 0.00627  0.00000  0.01960  0.19844  0.34044
14 15	 0.00000  0.00000  0.02269  0.06058  0.13107
15 16	 0.01601  0.00000  0.01461  0.02899  0.05200
16 17	 0.00591  0.00571  0.00000  0.04577  0.00060
17 18	 0.00000  0.00000  0.00000  0.01869  0.05333
18 19	 0.00651  0.00000  0.00000  0.02527  0.05982
19 20	 0.02136  0.00000  0.00000  0.06629  0.10752
20 21	 0.00000  0.00000  0.10663  0.51577  0.76406
21 22	 0.00000  0.00792  0.02728  0.00000  0.02211
22 23	 0.00095  0.00000  0.02154  0.03224  0.09749
23 24	 0.00000  0.01921  0.05081  0.24276  0.41583
24 25	 0.00000  0.00000  0.07545  0.35844  0.58520
25 26	 0.00000  0.00000  0.00000  0.00000  0.00000
26 27	 0.00000  0.00000  0.00265  0.04223  0.03331
27 28	 0.07387  0.31542  1.00000  0.99779  1.00000
28 29	 0.00000  0.13928  0.76304  0.99333  0.96706
29 30	 0.01442  0.08540  0.66020  1.00000  1.00000
30 31	 1.00000  1.00000  0.99969  0.99731  0.97728
31 32	 0.08141  0.35782  1.00000  0.95401  0.98496
32 33	 0.03566  0.02744  0.23476  0.84288  0.94654
33 34	 0.00000  0.00000  0.01993  0.02642  0.00850
34 35	 0.03781  0.00000  0.00000  0.04224  0.08325
35 36	 0.04064  0.11248  0.74842  1.00000  0.98188
36 37	 0.00000  0.01702  0.01654  0.12579  0.27800
37 38	 0.00000  0.00000  0.10811  0.47657  0.74195
38 39	 0.01949  0.00856  0.05122  0.01305  0.05604
39 40	 0.13558  0.46006  1.00000  0.97067  1.00000
40 41	 0.10296  0.51634  1.00000  1.00000  1.00000
41 42	 0.01846  0.15114  0.79504  0.98042  0.98816
42 43	 0.03166  0.06121  0.21011  0.81683  0.95853
43 44	 0.00000  0.00000  0.29957  0.87683  0.99009
44 45	 0.06528  0.35591  0.96049  0.97826  1.00000
45 46	 0.23158  0.79814  1.00000  1.00000  0.98920
46 47	 0.00000  0.08011  0.34580  0.88747  0.99902
47 48	 0.00000  0.01804  0.00000  0.04505  0.01590
48 49	 0.00000  0.02268  0.00000  0.05557  0.08899
49 50	 0.00000  0.03724  0.11125  0.41663  0.68111
50 51	 0.00000  0.00000  0.00000  0.03152  0.09022
51 52	 0.06512  0.00249  0.00357  0.03055  0.00000
52 53	 0.00000  0.01050  0.05962  0.10015  0.20273
53 54	 0.02606  0.09801  0.74557  1.00000  1.00000
54 55	 0.03825  0.03183  0.13891  0.58689  0.85553
55 56	 0.02695  0.00077  0.00000  0.10388  0.23215
56 57	 0.00000  0.00000  0.00000  0.00000  0.00141
57 58	 0.02914  0.03940  0.00000  0.01804  0.02770
58 59	 0.00000  0.00519  0.00472  0.00345  0.00075
59 60	 0.00700  0.00578  0.00000  0.00722  0.02598
60 61	 0.00220  0.00000  0.00401  0.00828  0.00867
61 62	 0.02696  0.00399  0.01424  0.01285  0.00000
62 63	 0.03029  0.00278  0.00000  0.03338  0.05084
64 65	 0.00000  0.00000  0.07795  0.45539  0.68204
65 66	 0.00000  0.02441  0.00122  0.01690  0.03737
66 67	 0.00189  0.00799  0.03010  0.02194  0.05515
67 68	 0.00000  0.00000  0.00000  0.03765  0.01631
68 69	 0.00246  0.07222  0.45453  0.96481  0.98344
69 70	 0.15037  0.59993  0.99889  0.98287  0.99597
70 71	 0.00000  0.01533  0.00000  0.13200  0.29664
72 73	 0.04312  0.13641  0.71491  0.99661  1.00000
73 74	 0.02742  0.00000  0.01321  0.07100  0.13253
74 75	 0.01158  0.02141  0.00000  0.00000  0.08553
75 76	 0.00000  0.00000  0.04243  0.11565  0.29297
76 77	 0.04448  0.14912  0.89393  0.98551  1.00000
77 78	 0.01348  0.05979  0.53248  1.00000  0.98000
78 79	 0.00000  0.00000  0.00740  0.06718  0.16634
80 81	 0.12748  0.44626  0.98568  1.00000  0.99948
81 82	 0.09392  0.36770  1.00000  1.00000  0.97958
82 83	 0.00837  0.02920  0.37657  0.89886  1.00000
84 85	 0.04871  0.02572  0.34921  0.91813  0.98152
85 86	 0.01749  0.05654  0.53939  0.99688  1.00000
86 87	 0.04072  0.23032  0.92775  1.00000  1.00000
87 88	 0.70511  0.99519  0.96974  1.00000  0.97943
88 89	 0.01121  0.09275  0.37270  0.96567  1.00000
89 90	 0.01172  0.00453  0.02318  0.00000  0.02909
90 91	 0.01169  0.00000  0.00697  0.04367  0.06592
91 92	 0.00000  0.01427  0.05129  0.36373  0.60042
92 93	 0.01568  0.00444  0.01358  0.00445  0.04080
93 94	 0.02698  0.01691  0.03271  0.16734  0.36235
94 95	 0.02145  0.04560  0.32698  0.93771  0.97139
95 96	 0.01799  0.03407  0.12389  0.53702  0.80178
96 97	 0.00000  0.00000  0.00000  0.03469  0.00517
97 98	 0.00019  0.01524  0.04829  0.40153  0.65003
98 99	 0.00000  0.00000  0.00377  0.00000  0.01070
99 100	 0.00520  0.00000  0.02060  0.00000  0.03446
100 101	 0.00000  0.00000  0.10362  0.47193  0.74145
101 102	 0.00409  0.04716  0.28519  0.85630  0.95570
102 103	 0.01342  0.00000  0.08440  0.31771  0.56781
103 104	 0.00040  0.00000  0.00961  0.07576  0.15217
105 106	 0.05099  0.17535  0.86237  0.97655  0.97686
106 107	 0.01668  0.02962  0.10608  0.44664  0.68517
107 108	 0.00000  0.00000  0.02344  0.03390  0.08129
108 109	 0.01139  0.01973  0.00000  0.03904  0.05891
109 110	 0.00000  0.00000  0.40290  0.92055  0.98940
110 111	 0.03321  0.22234  0.93418  0.99815  1.00000
111 112	 0.00000  0.06299  0.42214  0.96250  1.00000
112 113	 0.04377  0.00000  0.00853  0.00000  0.00930
113 114	 0.00419  0.00350  0.00000  0.00000  0.00528
114 115	 0.00747  0.00000  0.00000  0.02873  0.11225
115 116	 0.00000  0.01858  0.11376  0.44517  0.66656
116 117	 0.01289  0.00000  0.12704  0.38908  0.65858
117 118	 0.00000  0.07006  0.41520  0.95914  1.00000
118 119	 0.01178  0.02006  0.02873  0.00826  0.05111
120 121	 0.00973  0.04126  0.01932  0.00072  0.00000
121 122	 0.01559  0.02508  0.00779  0.00000  0.07991
122 123	 0.00000  0.00774  0.02113  0.15606  0.24341
123 124	 0.00000  0.00257  0.00000  0.02803  0.05891
124 125	 0.01029  0.00000  0.00000  0.00000  0.00000
125 126	 0.03929  0.00732  0.00432  0.00000  0.00000
126 127	 0.00000  0.00000  0.00000  0.01321  0.00000
127 128	 0.01527  0.00000  0.00000  0.02252  0.00000
128 129	 0.00000  0.00000  0.04673  0.16323  0.34060
129 130	 0.00979  0.01462  0.21214  0.79373  0.96887
131 132	 0.00695  0.03027  0.27653  0.87858  0.98442
132 133	 0.02023  0.01321  0.12058  0.49756  0.72425
133 134	 0.01925  0.02681  0.00000  0.08916  0.15163
135 136	 0.05417  0.11171  0.66987  0.97809  0.98807
136 137	 0.01367  0.04426  0.33018  0.88188  0.96986
137 138	 0.01266  0.00525  0.00340  0.01644  0.07380
138 139	 0.02420  0.00986  0.13055  0.57177  0.83722
139 140	 0.03341  0.12137  0.75344  1.00000  1.00000
140 141	 0.00000  0.01184  0.07098  0.37995  0.66616
141 142	 0.00766  0.00000  0.01701  0.06769  0.18902
142 143	 0.04633  0.00585  0.00000  0.02240  0.05165
143 144	 0.00000  0.00768  0.00898  0.02360  0.04125
144 145	 0.00000  0.00000  0.01089  0.07750  0.13563
145 146	 0.03273  0.28934  1.00000  0.99307  0.97726
146 147	 0.15929  0.64951  1.00000  0.97151  0.99988
147 148	 0.02314  0.04962  0.29713  0.86023  0.99368
149 150	 0.00000  0.02928  0.12134  0.48745  0.73687
150 151	 0.00000  0.00000  0.00000  0.02606  0.00000
151 152	 0.00000  0.02034  0.01821  0.07514  0.09581
152 153	 0.00000  0.00000  0.03134  0.13795  0.21074
153 154	 0.00986  0.00000  0.00000  0.09481  0.12982
154 155	 0.00000  0.00000  0.03120  0.03705  0.07459
155 156	 0.00000  0.02045  0.02317  0.07882  0.12714
156 157	 0.00198  0.01565  0.09583  0.46501  0.67417
157 158	 0.01405  0.00000  0.00000  0.09421  0.16752
158 159	 0.00000  0.00000  0.01044  0.01333  0.01066
159 160	 0.00475  0.01588  0.00000  0.00000  0.00000
160 161	 0.00000  0.01228  0.00000  0.00884  0.03951
162 163	 0.01196  0.00000  0.04553  0.06924  0.20108
164 165	 0.00539  0.07568  0.47371  0.98313  1.00000
166 167	 0.12474  0.49659  1.00000  0.97389  1.00000
167 168	 0.87541  1.00000  1.00000  1.00000  0.97576
168 169	 0.01203  0.07897  0.37643  0.94999  0.98933
169 170	 0.00000  0.04663  0.02366  0.00000  0.00000
170 171	 0.02750  0.01694  0.22764  0.79390  0.95154
171 172	 0.03010  0.11834  0.80786  0.99573  0.98465
172 173	 0.00144  0.00903  0.00000  0.02379  0.00000
173 174	 0.00000  0.00618  0.01403  0.00825  0.01142
174 175	 0.00000  0.00242  0.08162  0.51530  0.75623
175 176	 0.07875  0.37914  1.00000  0.99728  1.00000
176 177	 0.04552  0.21748  0.91919  1.00000  1.00000
177 178	 0.01896  0.03972  0.14518  0.48011  0.78908
178 179	 0.00000  0.00000  0.00244  0.03381  0.00000
179 180	 0.01449  0.00000  0.00000  0.01723  0.02464
180 181	 0.01869  0.02567  0.02108  0.01633  0.00000
181 182	 0.01682  0.01786  0.00261  0.00000  0.00000
182 183	 0.00000  0.01112  0.04831  0.31609  0.50766
183 184	 0.00928  0.00597  0.01976  0.08664  0.13908
185 186	 0.00000  0.00000  0.03038  0.05208  0.08736
186 187	 0.03189  0.01329  0.05877  0.33967  0.57272
187 188	 0.00000  0.01732  0.18718  0.64130  0.88394
188 189	 0.00689  0.00000  0.00217  0.00000  0.00000
189 190	 0.00954  0.00705  0.01437  0.00000  0.00000
190 191	 0.00000  0.03560  0.43486  0.92148  0.99771
191 192	 0.00000  0.02140  0.18042  0.68941  0.89314
192 193	 0.00000  0.00000  0.12666  0.46028  0.73687
193 194	 0.00000  0.01494  0.00866  0.02079  0.06692
194 195	 0.00321  0.00000  0.00000  0.07404  0.13041
195 196	 0.00000  0.19519  0.84716  1.00000  1.00000
196 197	 0.01698  0.01721  0.15646  0.68423  0.85119
197 198	 0.00249  0.00774  0.13288  0.63963  0.90081
199 200	 0.00469  0.01855  0.00000  0.02912  0.05298
200 201	 0.00000  0.00000  0.00880  0.00000  0.01729
201 202	 0.00000  0.00000  0.00000  0.00000  0.00092
202 203	 0.00765  0.00856  0.00749  0.00000  0.00607
203 204	 0.01448  0.00977  0.22204  0.71818  0.90142
204 205	 0.03520  0.06193  0.47565  0.96942  1.00000
205 206	 0.16284  0.63960  0.98795  0.98151  1.00000
206 207	 0.00000  0.02346  0.17602  0.65740  0.91016
207 208	 0.00000  0.00000  0.00024  0.04515  0.13193
208 209	 0.00590  0.04257  0.00000  0.06314  0.03674
209 210	 0.00000  0.00831  0.11163  0.42361  0.70437
210 211	 0.01990  0.00000  0.00000  0.00000  0.00819
211 212	 0.02343  0.00000  0.00000  0.00000  0.01072
212 213	 0.00836  0.00000  0.00000  0.02438  0.00000
213 214	 0.00000  0.00000  0.00000  0.00000  0.00351
214 215	 0.00000  0.01511  0.00000  0.00447  0.00000
215 216	 0.00897  0.00000  0.01130  0.00000  0.00000
216 217	 0.01297  0.02380  0.19631  0.77173  0.93847
217 218	 0.39267  0.91887  0.98569  1.00000  0.99448
218 219	 0.03064  0.08452  0.55408  0.98832  1.00000
219 220	 0.00000  0.00308  0.01325  0.14064  0.25831
220 221	 0.00000  0.04113  0.27345  0.83311  0.96173
221 222	 0.00160  0.00000  0.26259  0.83282  0.99940
222 223	 0.00186  0.00459  0.08156  0.27736  0.44040
223 224	 0.06821  0.34339  0.96763  0.99645  1.00000
224 225	 0.58470  0.95863  1.00000  1.00000  0.98948
225 226	 0.23789  0.77117  0.99469  0.97759  1.00000
226 227	 0.02793  0.04233  0.28915  0.84566  0.98018
227 228	 0.00034  0.00539  0.00000  0.00992  0.05682
228 229	 0.00000  0.02028  0.05794  0.36145  0.58671
229 230	 0.00000  0.00000  0.05030  0.27431  0.49684
230 231	 0.05454  0.01437  0.00000  0.02719  0.03183
231 232	 0.00514  0.00000  0.05679  0.20674  0.34371
232 233	 0.00038  0.02279  0.04852  0.29064  0.50778
233 234	 0.00000  0.00000  0.01889  0.00000  0.00000
234 235	 0.00000  0.00000  0.00000  0.00000  0.02940
235 236	 0.02388  0.00000  0.02139  0.05840  0.14170
236 237	 0.00000  0.00000  0.01320  0.03424  0.07877
237 238	 0.00208  0.03230  0.00000  0.02144  0.00000
238 239	 0.00000  0.00649  0.00000  0.00000  0.01727
239 240	 0.01820  0.03709  0.16186  0.56509  0.82600
240 241	 0.00000  0.06118  0.46535  1.00000  1.00000
241 242	 0.01825  0.00000  0.05506  0.12109  0.21323
242 243	 0.00000  0.00000  0.00000  0.07176  0.09090
243 244	 0.00000  0.02549  0.20529  0.72779  0.93918
244 245	 0.00271  0.01394  0.24991  0.79240  0.97589
245 246	 0.01330  0.01568  0.00000  0.10233  0.12786
246 247	 0.00685  0.04964  0.17288  0.65755  0.92235
247 248	 0.08604  0.38000  0.98719  0.96854  1.00000
248 249	 0.00000  0.00000  0.01960  0.11460  0.25789
249 250	 0.00011  0.04714  0.12254  0.54580  0.85408
250 251	 0.04780  0.17244  0.84975  1.00000  1.00000
251 252	 0.00510  0.00000  0.21549  0.73871  0.91551
252 253	 0.02181  0.00000  0.00000  0.04400  0.13480
253 254	 0.00000  0.02779  0.00000  0.09516  0.05634
254 255	 0.03101  0.00000  0.01593  0.22841  0.39920
255 256	 0.00000  0.00000  0.10853  0.49295  0.76122
256 257	 0.02599  0.00570  0.00000  0.01519  0.02746
257 258	 0.01801  0.00000  0.03280  0.17077  0.30533
258 259	 0.01445  0.10126  0.62426  0.99836  0.97115
259 260	 0.02662  0.04129  0.32667  0.89350  0.96045
260 261	 0.04737  0.04408  0.29360  0.83923  0.93661
261 262	 1.00000  0.99184  1.00000  1.00000  0.95913
262 263	 0.30970  0.90334  0.98474  1.00000  1.00000
263 264	 0.00000  0.05348  0.19790  0.74672  0.90960
264 265	 0.00000  0.01588  0.08099  0.30895  0.49993
265 266	 0.04636  0.27891  0.95214  0.98294  0.97808
266 267	 0.02061  0.00729  0.07126  0.44409  0.67037
267 268	 0.08903  0.37259  1.00000  1.00000  0.98622
268 269	 0.00000  0.01161  0.16088  0.59606  0.84746
269 270	 0.07992  0.22846  0.92128  0.99716  1.00000
270 271	 0.82854  0.99328  0.98706  1.00000  1.00000
271 272	 0.58768  0.99456  0.99339  0.99696  0.97353
272 273	 0.03184  0.07202  0.55588  1.00000  0.96645
273 274	 0.00000  0.03415  0.01073  0.04064  0.00837
274 275	 0.04194  0.04769  0.07611  0.36824  0.63976
275 276	 0.06944  0.07895  0.56061  0.96546  1.00000
276 277	 0.00242  0.00000  0.00000  0.07463  0.15154
277 278	 0.00000  0.00390  0.00000  0.07576  0.08743
278 279	 0.00000  0.06103  0.23062  0.79460  0.96133
279 280	 0.01717  0.07986  0.42516  0.96954  0.97142
280 281	 0.03802  0.00000  0.04228  0.21222  0.37291
282 283	 0.00000  0.15521  0.84424  1.00000  1.00000
283 284	 0.00000  0.04240  0.05260  0.25879  0.48204
284 285	 0.00000  0.00000  0.04970  0.06219  0.06631
285 286	 0.01972  0.00108  0.11920  0.41015  0.65350
286 287	 0.00000  0.00000  0.01803  0.32582  0.58098
287 288	 0.02829  0.04254  0.00000  0.06578  0.07784
288 289	 0.00000  0.01190  0.03389  0.04912  0.11169
289 290	 0.00000  0.00000  0.15758  0.66987  0.90621
290 291	 0.01708  0.09277  0.60494  1.00000  0.97291
291 292	 0.01623  0.00443  0.01768  0.08752  0.15554
292 293	 0.03012  0.00000  0.16945  0.71407  0.89085
293 294	 0.35802  0.93482  0.98900  0.98386  0.97160
294 295	 0.13385  0.51544  0.98001  1.00000  0.94651
295 296	 0.03927  0.01106  0.09928  0.41379  0.63736
296 297	 0.00000  0.00000  0.00000  0.05008  0.04433
297 298	 0.00915  0.08808  0.49562  0.95262  1.00000
298 299	 0.02028  0.00000  0.06014  0.26147  0.50298
299 300	 0.01068  0.00618  0.02389  0.03182  0.02251
300 301	 0.00000  0.00379  0.06517  0.32238  0.52007
301 302	 0.01900  0.05085  0.08176  0.35228  0.59784
302 303	 0.01044  0.00000  0.00000  0.01729  0.04359
303 304	 0.00082  0.00000  0.05546  0.10876  0.18638
304 305	 0.02410  0.00658  0.01420  0.18576  0.31811
305 306	 0.00822  0.00682  0.00000  0.13328  0.23122
306 307	 0.00000  0.00000  0.00000  0.00613  0.03430
307 308	 0.00000  0.10317  0.67280  1.00000  0.99633
308 309	 0.06344  0.24188  0.95352  1.00000  1.00000
309 310	 0.02343  0.00581  0.01671  0.04204  0.17049
