# ResID Deuterated fraction, Times /
1 2	 1.00000  1.00000  1.00000  1.00000  1.00000
2 3	 0.00017  0.00100  0.00985  0.05765  0.11196
3 4	 0.00001  0.00008  0.00077  0.00460  0.00918
4 5	 0.00000  0.00000  0.00003  0.00018  0.00036
5 6	 0.00001  0.00006  0.00058  0.00348  0.00695
6 7	 0.00003  0.00018  0.00174  0.01038  0.02066
7 8	 0.00029  0.00169  0.01668  0.09597  0.18272
8 9	 0.00006  0.00036  0.00357  0.02120  0.04194
9 10	 0.00012  0.00066  0.00649  0.03824  0.07501
10 11	 0.05824  0.29195  0.96752  1.00000  1.00000
11 12	 0.00576  0.03227  0.27740  0.85739  0.97965
12 13	 0.00152  0.00892  0.08545  0.41479  0.65752
13 14	 0.00075  0.00357  0.03353  0.18432  0.33454
14 15	 0.00018  0.00101  0.00999  0.05843  0.11344
15 16	 0.00006  0.00036  0.00362  0.02152  0.04258
16 17	 0.00002  0.00011  0.00100  0.00597  0.01190
17 18	 0.00004  0.00025  0.00243  0.01448  0.02875
18 19	 0.00002  0.00009  0.00088  0.00526  0.01049
19 20	 0.00013  0.00074  0.00730  0.04302  0.08418
20 21	 0.00207  0.01204  0.11365  0.51498  0.76474
21 22	 0.00001  0.00007  0.00065  0.00389  0.00776
22 23	 0.00012  0.00067  0.00664  0.03915  0.07676
23 24	 0.00079  0.00458  0.04464  0.23957  0.42173
24 25	 0.00123  0.00701  0.06736  0.34169  0.56660
25 26	 0.00001  0.00007  0.00073  0.00434  0.00865
26 27	 0.00007  0.00038  0.00378  0.02244  0.04438
27 28	 0.06973  0.34050  0.98396  1.00000  1.00000
28 29	 0.02483  0.13753  0.77120  0.99986  1.00000
29 30	 0.01698  0.09680  0.63825  0.99776  0.99999
30 31	 0.99459  1.00000  1.00000  1.00000  1.00000
31 32	 0.07132  0.35552  0.98755  1.00000  1.00000
32 33	 0.00488  0.02870  0.25237  0.82534  0.96949
33 34	 0.00004  0.00023  0.00223  0.01327  0.02636
34 35	 0.00012  0.00071  0.00699  0.04119  0.08069
35 36	 0.02229  0.11447  0.69624  0.99920  1.00000
36 37	 0.00044  0.00244  0.02374  0.13408  0.25014
37 38	 0.00185  0.01072  0.10168  0.47434  0.72367
38 39	 0.00006  0.00034  0.00340  0.02020  0.03999
39 40	 0.10570  0.47666  0.99840  1.00000  1.00000
40 41	 0.12381  0.53595  0.99952  1.00000  1.00000
41 42	 0.02972  0.14149  0.77117  0.99985  1.00000
42 43	 0.00536  0.02988  0.25915  0.83435  0.97255
43 44	 0.00577  0.03304  0.28402  0.86514  0.98181
44 45	 0.06327  0.31830  0.97800  1.00000  1.00000
45 46	 0.23993  0.80206  1.00000  1.00000  1.00000
46 47	 0.00702  0.03965  0.33064  0.90990  0.99188
47 48	 0.00002  0.00009  0.00082  0.00491  0.00978
48 49	 0.00017  0.00093  0.00918  0.05375  0.10461
49 50	 0.00145  0.00833  0.07976  0.39253  0.63096
50 51	 0.00011  0.00064  0.00634  0.03740  0.07340
51 52	 0.00001  0.00004  0.00038  0.00229  0.00457
52 53	 0.00030  0.00179  0.01768  0.10148  0.19266
53 54	 0.02136  0.12045  0.72244  0.99954  1.00000
54 55	 0.00255  0.01493  0.13920  0.59305  0.83438
55 56	 0.00039  0.00208  0.02015  0.11473  0.21625
56 57	 0.00004  0.00021  0.00203  0.01209  0.02403
57 58	 0.00004  0.00023  0.00224  0.01338  0.02657
58 59	 0.00002  0.00014  0.00135  0.00805  0.01603
59 60	 0.00000  0.00000  0.00000  0.00003  0.00005
60 61	 0.00001  0.00007  0.00069  0.00413  0.00825
61 62	 0.00002  0.00011  0.00115  0.00685  0.01366
62 63	 0.00005  0.00029  0.00288  0.01716  0.03402
64 65	 0.00174  0.00976  0.09233  0.44044  0.68685
65 66	 0.00006  0.00037  0.00366  0.02172  0.04296
66 67	 0.00005  0.00031  0.00311  0.01853  0.03671
67 68	 0.00002  0.00009  0.00093  0.00554  0.01105
68 69	 0.01090  0.06287  0.47696  0.97951  0.99958
69 70	 0.14537  0.58597  0.99984  1.00000  1.00000
70 71	 0.00066  0.00305  0.02849  0.15846  0.29168
72 73	 0.02166  0.11996  0.71966  0.99951  1.00000
73 74	 0.00020  0.00118  0.01168  0.06806  0.13148
74 75	 0.00010  0.00060  0.00599  0.03539  0.06952
75 76	 0.00049  0.00264  0.02555  0.14356  0.26646
76 77	 0.03769  0.18823  0.87083  1.00000  1.00000
77 78	 0.01285  0.07089  0.51721  0.98729  0.99984
78 79	 0.00029  0.00148  0.01432  0.08268  0.15849
80 81	 0.11121  0.46998  0.99801  1.00000  1.00000
81 82	 0.08736  0.38730  0.99173  1.00000  1.00000
82 83	 0.00795  0.04414  0.36025  0.93126  0.99527
84 85	 0.00765  0.04199  0.34517  0.92091  0.99374
85 86	 0.01255  0.07161  0.52320  0.98824  0.99986
86 87	 0.04377  0.22439  0.91922  1.00000  1.00000
87 88	 0.70279  0.99919  1.00000  1.00000  1.00000
88 89	 0.00884  0.04881  0.39030  0.94847  0.99734
89 90	 0.00002  0.00010  0.00097  0.00581  0.01159
90 91	 0.00015  0.00074  0.00713  0.04192  0.08205
91 92	 0.00140  0.00778  0.07414  0.36972  0.60270
92 93	 0.00008  0.00046  0.00453  0.02682  0.05292
93 94	 0.00057  0.00323  0.03153  0.17472  0.31889
94 95	 0.00713  0.04093  0.34034  0.91751  0.99319
95 96	 0.00244  0.01357  0.12622  0.55452  0.80151
96 97	 0.00002  0.00010  0.00101  0.00604  0.01204
97 98	 0.00148  0.00868  0.08320  0.40608  0.64725
98 99	 0.00003  0.00015  0.00154  0.00919  0.01829
99 100	 0.00005  0.00025  0.00242  0.01437  0.02853
100 101	 0.00183  0.01071  0.10177  0.47470  0.72404
101 102	 0.00552  0.03191  0.27601  0.85588  0.97923
102 103	 0.00121  0.00686  0.06596  0.33573  0.55871
103 104	 0.00021  0.00118  0.01166  0.06789  0.13117
105 106	 0.03424  0.17759  0.85506  0.99999  1.00000
106 107	 0.00183  0.00992  0.09320  0.44343  0.69017
107 108	 0.00012  0.00065  0.00632  0.03727  0.07315
108 109	 0.00010  0.00058  0.00571  0.03378  0.06642
109 110	 0.00833  0.04675  0.37799  0.94196  0.99663
110 111	 0.04190  0.22452  0.92106  1.00000  1.00000
111 112	 0.00930  0.05412  0.42642  0.96438  0.99873
112 113	 0.00001  0.00007  0.00064  0.00383  0.00764
113 114	 0.00001  0.00007  0.00067  0.00400  0.00798
114 115	 0.00021  0.00105  0.01007  0.05876  0.11403
115 116	 0.00210  0.01032  0.09494  0.44916  0.69645
116 117	 0.00156  0.00875  0.08323  0.40598  0.64710
117 118	 0.00872  0.04973  0.39802  0.95235  0.99773
118 119	 0.00006  0.00033  0.00324  0.01929  0.03820
120 121	 0.00004  0.00024  0.00238  0.01421  0.02823
121 122	 0.00013  0.00075  0.00741  0.04362  0.08533
122 123	 0.00036  0.00209  0.02061  0.11739  0.22099
123 124	 0.00007  0.00040  0.00396  0.02352  0.04649
124 125	 0.00000  0.00001  0.00005  0.00029  0.00059
125 126	 0.00000  0.00001  0.00014  0.00085  0.00170
126 127	 0.00001  0.00003  0.00031  0.00186  0.00371
127 128	 0.00002  0.00010  0.00101  0.00604  0.01203
128 129	 0.00055  0.00317  0.03113  0.17275  0.31564
129 130	 0.00460  0.02548  0.22502  0.78298  0.95288
131 132	 0.00772  0.03474  0.28371  0.86343  0.98131
132 133	 0.00210  0.01170  0.10968  0.50154  0.75150
133 134	 0.00022  0.00129  0.01283  0.07457  0.14358
135 136	 0.02010  0.10661  0.67086  0.99872  1.00000
136 137	 0.00686  0.03887  0.32535  0.90556  0.99108
137 138	 0.00012  0.00063  0.00622  0.03667  0.07198
138 139	 0.00257  0.01493  0.13906  0.59262  0.83403
139 140	 0.02349  0.13056  0.75207  0.99977  1.00000
140 141	 0.00138  0.00809  0.07780  0.38478  0.62150
141 142	 0.00023  0.00134  0.01325  0.07687  0.14782
142 143	 0.00000  0.00000  0.00002  0.00011  0.00021
143 144	 0.00002  0.00014  0.00141  0.00843  0.01679
144 145	 0.00027  0.00158  0.01566  0.09030  0.17244
145 146	 0.05779  0.29424  0.96889  1.00000  1.00000
146 147	 0.16027  0.63697  0.99996  1.00000  1.00000
147 148	 0.00604  0.03539  0.30224  0.88456  0.98667
149 150	 0.00228  0.01110  0.10157  0.47278  0.72190
150 151	 0.00004  0.00019  0.00187  0.01112  0.02210
151 152	 0.00013  0.00076  0.00748  0.04398  0.08602
152 153	 0.00043  0.00245  0.02404  0.13574  0.25304
153 154	 0.00019  0.00110  0.01079  0.06297  0.12197
154 155	 0.00012  0.00070  0.00691  0.04069  0.07973
155 156	 0.00016  0.00094  0.00929  0.05441  0.10585
156 157	 0.00171  0.00991  0.09438  0.44818  0.69548
157 158	 0.00028  0.00158  0.01555  0.08964  0.17122
158 159	 0.00003  0.00017  0.00166  0.00994  0.01977
159 160	 0.00000  0.00000  0.00005  0.00028  0.00056
160 161	 0.00004  0.00020  0.00200  0.01195  0.02377
162 163	 0.00035  0.00196  0.01914  0.10933  0.20669
164 165	 0.01314  0.06258  0.46203  0.97540  0.99939
166 167	 0.12400  0.49733  0.99876  1.00000  1.00000
167 168	 0.88552  1.00000  1.00000  1.00000  1.00000
168 169	 0.00834  0.04747  0.38346  0.94499  0.99697
169 170	 0.00002  0.00011  0.00108  0.00642  0.01279
170 171	 0.00500  0.02713  0.23708  0.80232  0.96090
171 172	 0.02540  0.13842  0.77254  0.99986  1.00000
172 173	 0.00005  0.00028  0.00282  0.01682  0.03335
173 174	 0.00001  0.00003  0.00029  0.00175  0.00350
174 175	 0.00206  0.01171  0.11016  0.50325  0.75321
175 176	 0.06822  0.33782  0.98347  1.00000  1.00000
176 177	 0.04071  0.21574  0.91105  1.00000  1.00000
177 178	 0.00237  0.01251  0.11576  0.52124  0.77071
178 179	 0.00002  0.00007  0.00070  0.00419  0.00836
179 180	 0.00004  0.00021  0.00210  0.01254  0.02492
180 181	 0.00001  0.00005  0.00051  0.00303  0.00605
181 182	 0.00001  0.00005  0.00047  0.00282  0.00562
182 183	 0.00113  0.00657  0.06347  0.32513  0.54453
183 184	 0.00021  0.00122  0.01209  0.07035  0.13576
185 186	 0.00018  0.00084  0.00790  0.04620  0.09022
186 187	 0.00135  0.00728  0.06918  0.34910  0.57626
187 188	 0.00344  0.01896  0.17194  0.67713  0.89572
188 189	 0.00001  0.00003  0.00033  0.00199  0.00398
189 190	 0.00001  0.00007  0.00073  0.00435  0.00869
190 191	 0.00919  0.05267  0.41667  0.96055  0.99844
191 192	 0.00345  0.02008  0.18298  0.70246  0.91146
192 193	 0.00183  0.01063  0.10094  0.47172  0.72091
193 194	 0.00008  0.00045  0.00444  0.02630  0.05190
194 195	 0.00024  0.00131  0.01275  0.07398  0.14246
195 196	 0.03122  0.16681  0.83659  0.99998  1.00000
196 197	 0.00406  0.01944  0.17123  0.67442  0.89389
197 198	 0.00280  0.01630  0.15104  0.62548  0.85973
199 200	 0.00009  0.00054  0.00539  0.03191  0.06280
200 201	 0.00000  0.00002  0.00024  0.00145  0.00290
201 202	 0.00001  0.00005  0.00048  0.00289  0.00577
202 203	 0.00003  0.00019  0.00188  0.01124  0.02236
203 204	 0.00374  0.02143  0.19362  0.72484  0.92428
204 205	 0.01184  0.06819  0.50591  0.98544  0.99979
205 206	 0.16361  0.65589  0.99998  1.00000  1.00000
206 207	 0.00298  0.01762  0.16267  0.65533  0.88120
207 208	 0.00019  0.00108  0.01068  0.06230  0.12071
208 209	 0.00007  0.00039  0.00385  0.02288  0.04522
209 210	 0.00182  0.01047  0.09928  0.46580  0.71461
210 211	 0.00000  0.00000  0.00002  0.00013  0.00027
211 212	 0.00000  0.00000  0.00004  0.00024  0.00048
212 213	 0.00000  0.00001  0.00012  0.00071  0.00141
213 214	 0.00000  0.00002  0.00018  0.00109  0.00218
214 215	 0.00000  0.00002  0.00016  0.00094  0.00188
215 216	 0.00000  0.00001  0.00010  0.00062  0.00124
216 217	 0.00359  0.02097  0.19051  0.71855  0.92078
217 218	 0.38871  0.94475  1.00000  1.00000  1.00000
218 219	 0.01450  0.07698  0.54509  0.99107  0.99992
219 220	 0.00049  0.00276  0.02695  0.15107  0.27929
220 221	 0.00553  0.03139  0.27136  0.85015  0.97754
221 222	 0.00577  0.03238  0.27818  0.85831  0.97992
222 223	 0.00091  0.00496  0.04778  0.25421  0.44375
223 224	 0.07006  0.34592  0.98539  1.00000  1.00000
224 225	 0.56831  0.99269  1.00000  1.00000  1.00000
225 226	 0.23801  0.78361  1.00000  1.00000  1.00000
226 227	 0.00584  0.03318  0.28467  0.86584  0.98200
227 228	 0.00006  0.00037  0.00361  0.02147  0.04248
228 229	 0.00130  0.00762  0.07341  0.36700  0.59930
229 230	 0.00097  0.00533  0.05130  0.27060  0.46793
230 231	 0.00008  0.00036  0.00346  0.02050  0.04055
231 232	 0.00065  0.00372  0.03635  0.19909  0.35852
232 233	 0.00099  0.00580  0.05633  0.29374  0.50119
233 234	 0.00001  0.00004  0.00044  0.00265  0.00529
234 235	 0.00001  0.00005  0.00052  0.00310  0.00619
235 236	 0.00025  0.00144  0.01422  0.08233  0.15787
236 237	 0.00014  0.00081  0.00797  0.04683  0.09147
237 238	 0.00000  0.00001  0.00009  0.00053  0.00107
238 239	 0.00001  0.00006  0.00058  0.00350  0.00698
239 240	 0.00248  0.01438  0.13431  0.57894  0.82269
240 241	 0.01087  0.06282  0.47679  0.97948  0.99958
241 242	 0.00036  0.00213  0.02108  0.12000  0.22561
242 243	 0.00013  0.00071  0.00695  0.04093  0.08016
243 244	 0.00361  0.01992  0.17994  0.69539  0.90718
244 245	 0.00483  0.02693  0.23657  0.80169  0.96066
245 246	 0.00024  0.00128  0.01243  0.07216  0.13908
246 247	 0.00348  0.01941  0.17606  0.68671  0.90183
247 248	 0.07533  0.36605  0.98926  1.00000  1.00000
248 249	 0.00048  0.00266  0.02584  0.14516  0.26922
249 250	 0.00245  0.01426  0.13321  0.57575  0.82000
250 251	 0.03104  0.16855  0.84089  0.99998  1.00000
251 252	 0.00379  0.02112  0.19022  0.71764  0.92025
252 253	 0.00015  0.00086  0.00851  0.04995  0.09741
253 254	 0.00008  0.00043  0.00420  0.02491  0.04919
254 255	 0.00078  0.00433  0.04188  0.22614  0.40110
255 256	 0.00202  0.01143  0.10761  0.49465  0.74459
256 257	 0.00004  0.00021  0.00204  0.01215  0.02414
257 258	 0.00055  0.00308  0.03006  0.16717  0.30637
258 259	 0.01705  0.09539  0.63124  0.99748  0.99999
259 260	 0.00617  0.03516  0.29928  0.88148  0.98595
260 261	 0.00513  0.02986  0.26090  0.83692  0.97340
261 262	 0.99125  1.00000  1.00000  1.00000  1.00000
262 263	 0.31833  0.88349  1.00000  1.00000  1.00000
263 264	 0.00516  0.02465  0.21241  0.75989  0.94228
264 265	 0.00103  0.00583  0.05619  0.29294  0.50003
265 266	 0.05379  0.25788  0.94624  1.00000  1.00000
266 267	 0.00165  0.00932  0.08855  0.42636  0.67090
267 268	 0.07558  0.36995  0.98999  1.00000  1.00000
268 269	 0.00300  0.01652  0.15140  0.62607  0.86014
269 270	 0.04321  0.22870  0.92483  1.00000  1.00000
270 271	 0.83785  0.99998  1.00000  1.00000  1.00000
271 272	 0.59631  0.99389  1.00000  1.00000  1.00000
272 273	 0.01377  0.07649  0.54591  0.99120  0.99992
273 274	 0.00005  0.00027  0.00267  0.01586  0.03146
274 275	 0.00145  0.00825  0.07876  0.38844  0.62596
275 276	 0.01344  0.07619  0.54583  0.99121  0.99992
276 277	 0.00026  0.00144  0.01413  0.08178  0.15686
277 278	 0.00017  0.00098  0.00972  0.05687  0.11051
278 279	 0.00460  0.02635  0.23309  0.79635  0.95852
279 280	 0.00994  0.05580  0.43437  0.96717  0.99892
280 281	 0.00066  0.00386  0.03783  0.20649  0.37034
282 283	 0.03213  0.16940  0.84090  0.99998  1.00000
283 284	 0.00100  0.00536  0.05135  0.27072  0.46809
284 285	 0.00014  0.00080  0.00791  0.04648  0.09080
285 286	 0.00153  0.00857  0.08153  0.39933  0.63916
286 287	 0.00123  0.00695  0.06668  0.33878  0.56276
287 288	 0.00014  0.00081  0.00797  0.04685  0.09150
288 289	 0.00022  0.00112  0.01078  0.06280  0.12162
289 290	 0.00336  0.01853  0.16846  0.66893  0.89036
290 291	 0.01537  0.08446  0.58284  0.99471  0.99997
291 292	 0.00030  0.00176  0.01735  0.09962  0.18931
292 293	 0.00343  0.01986  0.18107  0.69822  0.90892
293 294	 0.35368  0.92081  1.00000  1.00000  1.00000
294 295	 0.11852  0.51517  0.99924  1.00000  1.00000
295 296	 0.00147  0.00855  0.08197  0.40126  0.64149
296 297	 0.00012  0.00071  0.00706  0.04162  0.08150
297 298	 0.01152  0.06519  0.48857  0.98207  0.99968
298 299	 0.00117  0.00591  0.05566  0.29001  0.49580
299 300	 0.00007  0.00037  0.00354  0.02099  0.04152
300 301	 0.00113  0.00643  0.06193  0.31837  0.53536
301 302	 0.00128  0.00728  0.06984  0.35214  0.58025
302 303	 0.00005  0.00030  0.00295  0.01757  0.03482
303 304	 0.00030  0.00174  0.01719  0.09877  0.18778
304 305	 0.00063  0.00367  0.03596  0.19718  0.35546
305 306	 0.00033  0.00192  0.01895  0.10841  0.20506
306 307	 0.00004  0.00019  0.00185  0.01102  0.02192
307 308	 0.01894  0.10216  0.65542  0.99831  1.00000
308 309	 0.04652  0.24252  0.93697  1.00000  1.00000
309 310	 0.00059  0.00141  0.01007  0.05684  0.11007
