# ResID Deuterated fraction, Times /
1 2	 0.95939  0.96485  1.00000  1.00000  1.00000
2 3	 0.00790  0.00000  0.01771  0.04933  0.11072
3 4	 0.02103  0.00000  0.02283  0.03335  0.03164
4 5	 0.00000  0.01749  0.00550  0.00000  0.03626
5 6	 0.02691  0.04511  0.00262  0.00000  0.00000
6 7	 0.01918  0.02901  0.00000  0.05384  0.06220
7 8	 0.00000  0.06367  0.02739  0.10878  0.17829
8 9	 0.02024  0.01852  0.00000  0.02312  0.04006
9 10	 0.00000  0.04869  0.00000  0.03466  0.07905
10 11	 0.04330  0.30853  0.99036  1.00000  0.97503
11 12	 0.00878  0.00688  0.31647  0.83164  0.97996
12 13	 0.01450  0.01391  0.11540  0.42010  0.66765
13 14	 0.00384  0.00000  0.00000  0.15041  0.33017
14 15	 0.00000  0.00000  0.00000  0.07866  0.10908
15 16	 0.00000  0.03331  0.03939  0.01088  0.03892
16 17	 0.01123  0.00908  0.00000  0.00000  0.02388
17 18	 0.02028  0.00000  0.02652  0.01490  0.02120
18 19	 0.00000  0.00000  0.04679  0.00000  0.01351
19 20	 0.00000  0.00000  0.02954  0.02452  0.12035
20 21	 0.00000  0.01271  0.10747  0.48842  0.76989
21 22	 0.01432  0.00000  0.00406  0.00169  0.00311
22 23	 0.00406  0.00000  0.03324  0.02251  0.06366
23 24	 0.00234  0.00950  0.08491  0.23818  0.40792
24 25	 0.00757  0.02755  0.07121  0.35764  0.59386
25 26	 0.01752  0.00000  0.00000  0.00000  0.00000
26 27	 0.00000  0.01150  0.01387  0.00674  0.01254
27 28	 0.06723  0.34606  1.00000  0.99986  0.97580
28 29	 0.02318  0.10966  0.75531  0.97676  1.00000
29 30	 0.00000  0.11136  0.63092  0.97357  1.00000
30 31	 0.97821  1.00000  1.00000  1.00000  1.00000
31 32	 0.12728  0.36867  0.96416  1.00000  1.00000
32 33	 0.00000  0.02880  0.23331  0.80792  0.96664
33 34	 0.00000  0.01796  0.01734  0.03537  0.00000
34 35	 0.02080  0.00000  0.01011  0.04591  0.06297
35 36	 0.00406  0.14458  0.69446  1.00000  0.99823
36 37	 0.00000  0.01210  0.02645  0.13704  0.26504
37 38	 0.00000  0.00379  0.12640  0.45820  0.74673
38 39	 0.00000  0.01173  0.00000  0.00000  0.04384
39 40	 0.08200  0.45228  0.96567  1.00000  1.00000
40 41	 0.14416  0.52921  0.99132  0.99145  1.00000
41 42	 0.04439  0.11263  0.78920  0.98554  0.99910
42 43	 0.00000  0.05607  0.24966  0.84642  0.96710
43 44	 0.00000  0.04774  0.28387  0.86174  0.98702
44 45	 0.08284  0.31580  0.96700  0.99120  1.00000
45 46	 0.21876  0.80254  0.99096  1.00000  1.00000
46 47	 0.02338  0.02628  0.33267  0.92442  1.00000
47 48	 0.00000  0.00000  0.00000  0.00000  0.00000
48 49	 0.02607  0.00000  0.01467  0.06753  0.08291
49 50	 0.00000  0.03167  0.09509  0.39954  0.64640
50 51	 0.00000  0.00000  0.01375  0.05160  0.09398
51 52	 0.00000  0.00000  0.00000  0.00000  0.00000
52 53	 0.00986  0.00722  0.00822  0.09498  0.20026
53 54	 0.01503  0.14247  0.71002  0.97573  1.00000
54 55	 0.03430  0.05031  0.12520  0.59381  0.84966
55 56	 0.00000  0.00000  0.04500  0.11851  0.21227
56 57	 0.03402  0.00000  0.00000  0.03295  0.02939
57 58	 0.00000  0.00000  0.02640  0.03169  0.03559
58 59	 0.04241  0.00000  0.00754  0.00674  0.05068
59 60	 0.00000  0.05834  0.01072  0.01708  0.00000
60 61	 0.01533  0.00000  0.00000  0.00000  0.00000
61 62	 0.02131  0.00101  0.00731  0.00000  0.03691
62 63	 0.00660  0.00000  0.01280  0.00000  0.04522
64 65	 0.00000  0.02399  0.05413  0.40700  0.67641
65 66	 0.00000  0.00000  0.02546  0.00770  0.05142
66 67	 0.01567  0.00448  0.00555  0.02262  0.02232
67 68	 0.03185  0.01320  0.02247  0.00000  0.00000
68 69	 0.00000  0.09629  0.49332  0.96393  1.00000
69 70	 0.13033  0.55583  0.99942  0.99457  1.00000
70 71	 0.02998  0.01951  0.01694  0.17011  0.28880
72 73	 0.02921  0.09049  0.76725  1.00000  0.98731
73 74	 0.00476  0.00000  0.00974  0.09667  0.12608
74 75	 0.00520  0.00000  0.01841  0.04102  0.04484
75 76	 0.03059  0.01061  0.00496  0.13407  0.27710
76 77	 0.02735  0.14731  0.83163  0.98734  1.00000
77 78	 0.00323  0.09365  0.51012  0.97940  1.00000
78 79	 0.00752  0.00000  0.01071  0.08267  0.20544
80 81	 0.10360  0.44684  1.00000  0.99351  1.00000
81 82	 0.05002  0.38543  0.98428  1.00000  0.98163
82 83	 0.00000  0.03144  0.40538  0.90389  0.98533
84 85	 0.01717  0.07476  0.37102  0.92892  1.00000
85 86	 0.03143  0.08311  0.51015  1.00000  1.00000
86 87	 0.04193  0.20280  0.93295  1.00000  0.94777
87 88	 0.70800  1.00000  1.00000  0.97525  0.98588
88 89	 0.02799  0.06092  0.38859  0.89841  1.00000
89 90	 0.00000  0.00000  0.00045  0.00000  0.00000
90 91	 0.00000  0.00000  0.01443  0.05567  0.08112
91 92	 0.00735  0.03341  0.09070  0.36629  0.60518
92 93	 0.00688  0.02654  0.03833  0.00000  0.06568
93 94	 0.00000  0.00000  0.07049  0.16862  0.29251
94 95	 0.02449  0.06319  0.30987  0.91856  0.97282
95 96	 0.00702  0.04236  0.11588  0.54007  0.77706
96 97	 0.00486  0.02971  0.01063  0.00961  0.01282
97 98	 0.00000  0.00000  0.07287  0.39661  0.64450
98 99	 0.02946  0.03783  0.00000  0.03114  0.02912
99 100	 0.00102  0.00890  0.00000  0.05142  0.02890
100 101	 0.00991  0.03032  0.09877  0.50239  0.70559
101 102	 0.00000  0.00320  0.28112  0.85559  0.97133
102 103	 0.00000  0.04858  0.03352  0.37705  0.57049
103 104	 0.00000  0.00000  0.01893  0.09636  0.17086
105 106	 0.03072  0.16105  0.88278  0.97826  0.99165
106 107	 0.00940  0.02598  0.10616  0.45656  0.68833
107 108	 0.00387  0.00000  0.00000  0.03477  0.09534
108 109	 0.00033  0.00000  0.01196  0.05372  0.05597
109 110	 0.01670  0.02249  0.41293  0.92724  0.98966
110 111	 0.04381  0.24069  0.92107  1.00000  1.00000
111 112	 0.00000  0.06454  0.39411  0.94715  0.96328
112 113	 0.00000  0.00000  0.00000  0.00550  0.00825
113 114	 0.00000  0.00000  0.01938  0.00000  0.01392
114 115	 0.02869  0.00000  0.03003  0.05671  0.15219
115 116	 0.00940  0.02556  0.11042  0.45186  0.68647
116 117	 0.00000  0.00000  0.09863  0.40523  0.65970
117 118	 0.00981  0.09449  0.38461  0.98759  0.97182
118 119	 0.04577  0.00000  0.00000  0.01939  0.02373
120 121	 0.00000  0.02977  0.00000  0.04523  0.00000
121 122	 0.00000  0.00472  0.00000  0.05939  0.06323
122 123	 0.00000  0.00000  0.00462  0.12056  0.22845
123 124	 0.02322  0.02148  0.01094  0.02028  0.05284
124 125	 0.00000  0.00000  0.00084  0.00000  0.00000
125 126	 0.03401  0.00000  0.03576  0.00000  0.00006
126 127	 0.00000  0.00000  0.00000  0.02601  0.00000
127 128	 0.00000  0.00831  0.00685  0.00000  0.00000
128 129	 0.00189  0.00000  0.04731  0.19381  0.31170
129 130	 0.03215  0.01611  0.23850  0.77382  0.99294
131 132	 0.03564  0.04984  0.29140  0.86816  0.96685
132 133	 0.00510  0.01707  0.12051  0.49389  0.75125
133 134	 0.03161  0.01876  0.02372  0.07764  0.14455
135 136	 0.01855  0.12718  0.68726  0.97096  1.00000
136 137	 0.01433  0.06467  0.35282  0.90408  0.95944
137 138	 0.00000  0.00000  0.04337  0.05108  0.07428
138 139	 0.00354  0.04514  0.15346  0.62077  0.83581
139 140	 0.01642  0.09539  0.71910  0.96737  0.99644
140 141	 0.04728  0.00131  0.06821  0.35302  0.64688
141 142	 0.02344  0.00000  0.02568  0.07292  0.15590
142 143	 0.02811  0.00549  0.00000  0.01029  0.00040
143 144	 0.02114  0.00000  0.00111  0.00000  0.01408
144 145	 0.00000  0.00000  0.02871  0.06069  0.18588
145 146	 0.07873  0.31834  0.93986  1.00000  0.98302
146 147	 0.15451  0.63654  0.98800  1.00000  0.99796
147 148	 0.02026  0.07728  0.32142  0.86647  0.98486
149 150	 0.02151  0.02623  0.10938  0.42927  0.72806
150 151	 0.00000  0.00000  0.00000  0.04982  0.01875
151 152	 0.03127  0.01353  0.00000  0.07768  0.07284
152 153	 0.03776  0.00000  0.01162  0.12146  0.24265
153 154	 0.00000  0.00000  0.00000  0.03320  0.12202
154 155	 0.00000  0.00835  0.02320  0.06880  0.09704
155 156	 0.00000  0.04387  0.00874  0.08612  0.07171
156 157	 0.03397  0.01789  0.05914  0.41745  0.70351
157 158	 0.03302  0.05544  0.01594  0.09261  0.18553
158 159	 0.04871  0.00000  0.00000  0.04468  0.00206
159 160	 0.00000  0.02647  0.00000  0.00000  0.01399
160 161	 0.00000  0.01839  0.00000  0.00000  0.02013
162 163	 0.00000  0.02860  0.00870  0.13965  0.22710
164 165	 0.01779  0.03033  0.48399  0.99926  0.97029
166 167	 0.09984  0.54102  1.00000  1.00000  0.97302
167 168	 0.89865  1.00000  0.99158  1.00000  1.00000
168 169	 0.01629  0.02915  0.42056  0.92547  1.00000
169 170	 0.00707  0.01625  0.00000  0.02018  0.00123
170 171	 0.00199  0.04193  0.22100  0.77896  0.95267
171 172	 0.01642  0.14642  0.77892  1.00000  1.00000
172 173	 0.00542  0.00788  0.01389  0.02831  0.05555
173 174	 0.00000  0.00000  0.01831  0.06065  0.03010
174 175	 0.00000  0.00000  0.09462  0.50468  0.78961
175 176	 0.09844  0.33206  0.99379  1.00000  1.00000
176 177	 0.05187  0.23632  0.93386  0.99208  0.96259
177 178	 0.00000  0.01688  0.08881  0.51536  0.75957
178 179	 0.00000  0.00000  0.00000  0.00000  0.04989
179 180	 0.01266  0.01153  0.00000  0.00000  0.00000
180 181	 0.00000  0.00295  0.01913  0.00000  0.01920
181 182	 0.00000  0.01344  0.01998  0.01031  0.03483
182 183	 0.00025  0.01110  0.02739  0.36350  0.58318
183 184	 0.00000  0.05127  0.01739  0.07442  0.17772
185 186	 0.01397  0.00000  0.01257  0.04952  0.10044
186 187	 0.00585  0.03136  0.11965  0.33821  0.55342
187 188	 0.00000  0.00676  0.17842  0.67142  0.89856
188 189	 0.00000  0.02251  0.01803  0.01971  0.00000
189 190	 0.00000  0.00000  0.00000  0.03394  0.00000
190 191	 0.00000  0.06042  0.36554  0.93972  1.00000
191 192	 0.00000  0.03359  0.12453  0.68031  0.92850
192 193	 0.00000  0.02572  0.08898  0.45377  0.70727
193 194	 0.00000  0.03377  0.00211  0.02518  0.03435
194 195	 0.01003  0.03589  0.02428  0.06814  0.11919
195 196	 0.01525  0.19500  0.83174  0.98804  1.00000
196 197	 0.00470  0.00000  0.16827  0.65357  0.93891
197 198	 0.00977  0.01461  0.14501  0.61120  0.86757
199 200	 0.02699  0.00000  0.00532  0.02707  0.05124
200 201	 0.00631  0.01149  0.00707  0.00000  0.00000
201 202	 0.01913  0.00000  0.01128  0.00000  0.00825
202 203	 0.00000  0.01621  0.00000  0.00563  0.02052
203 204	 0.00000  0.02784  0.23661  0.74550  0.98129
204 205	 0.00000  0.04333  0.47905  0.98392  1.00000
205 206	 0.17795  0.64834  0.96648  0.95849  0.95176
206 207	 0.00682  0.04739  0.17671  0.66446  0.89154
207 208	 0.00000  0.01234  0.03444  0.01614  0.10667
208 209	 0.00170  0.00827  0.01256  0.01852  0.04416
209 210	 0.00000  0.04055  0.10985  0.47096  0.67384
210 211	 0.01200  0.00000  0.00000  0.00000  0.00000
211 212	 0.01854  0.03293  0.02668  0.00000  0.02067
212 213	 0.00000  0.00658  0.00000  0.02591  0.00004
213 214	 0.00394  0.00000  0.00000  0.00000  0.01305
214 215	 0.00820  0.00000  0.00000  0.02850  0.00000
215 216	 0.00000  0.04499  0.00000  0.01011  0.00000
216 217	 0.01826  0.02525  0.20755  0.67896  0.91584
217 218	 0.35451  0.95262  0.99961  0.98741  0.98635
218 219	 0.01581  0.08609  0.54111  1.00000  1.00000
219 220	 0.01413  0.01064  0.00268  0.12862  0.30080
220 221	 0.01233  0.00000  0.22753  0.87664  0.94000
221 222	 0.00000  0.02961  0.28455  0.82520  0.96057
222 223	 0.00002  0.06364  0.06967  0.22693  0.39764
223 224	 0.07935  0.32519  0.97222  1.00000  1.00000
224 225	 0.57498  0.99456  1.00000  1.00000  1.00000
225 226	 0.22751  0.79175  1.00000  0.98148  1.00000
226 227	 0.00000  0.03209  0.28310  0.88395  0.99557
227 228	 0.01966  0.00000  0.00000  0.01253  0.05650
228 229	 0.02230  0.00000  0.09738  0.36414  0.59811
229 230	 0.00000  0.01120  0.03036  0.28220  0.49523
230 231	 0.04670  0.00000  0.00646  0.03077  0.05093
231 232	 0.00000  0.02156  0.00000  0.18786  0.36382
232 233	 0.00000  0.02934  0.05169  0.29655  0.50641
233 234	 0.00000  0.00000  0.00000  0.00000  0.00877
234 235	 0.00000  0.00000  0.00479  0.00945  0.00000
235 236	 0.01345  0.00000  0.02934  0.08218  0.13149
236 237	 0.03034  0.00728  0.00000  0.05477  0.07695
237 238	 0.03713  0.00518  0.00158  0.00000  0.00588
238 239	 0.04390  0.02190  0.00591  0.00000  0.03697
239 240	 0.01507  0.00361  0.12115  0.58032  0.80899
240 241	 0.01928  0.05618  0.45458  0.96260  1.00000
241 242	 0.01996  0.00000  0.01867  0.11679  0.20378
242 243	 0.03035  0.00000  0.04494  0.03452  0.09082
243 244	 0.02251  0.03656  0.16556  0.72438  0.89412
244 245	 0.00000  0.00000  0.24267  0.82235  0.99297
245 246	 0.00120  0.00000  0.02892  0.05758  0.13693
246 247	 0.02470  0.03189  0.17554  0.67994  0.91842
247 248	 0.06062  0.35928  0.98719  0.99827  1.00000
248 249	 0.01746  0.02156  0.04541  0.15720  0.26995
249 250	 0.01638  0.01455  0.10150  0.57527  0.81648
250 251	 0.03250  0.18171  0.82887  0.99600  1.00000
251 252	 0.00000  0.00680  0.19905  0.70549  0.99125
252 253	 0.00581  0.00144  0.03176  0.02802  0.08869
253 254	 0.00000  0.00474  0.01028  0.00684  0.02588
254 255	 0.00000  0.01555  0.02645  0.19108  0.40173
255 256	 0.02710  0.00066  0.13609  0.47035  0.74704
256 257	 0.00139  0.00000  0.00000  0.00310  0.03791
257 258	 0.00000  0.00000  0.00762  0.15653  0.31864
258 259	 0.00000  0.10346  0.62687  0.99770  1.00000
259 260	 0.00000  0.02622  0.30843  0.90190  0.94514
260 261	 0.00301  0.00000  0.29323  0.82831  0.97931
261 262	 1.00000  0.99184  1.00000  0.98183  0.99732
262 263	 0.34891  0.88143  0.99025  0.96343  1.00000
263 264	 0.00000  0.03805  0.21225  0.74541  0.94714
264 265	 0.00004  0.00000  0.06654  0.27778  0.52114
265 266	 0.05553  0.28380  0.92973  1.00000  0.97920
266 267	 0.00000  0.00000  0.05956  0.41887  0.64622
267 268	 0.07787  0.41989  0.96811  0.97753  0.96602
268 269	 0.00000  0.00631  0.16965  0.62646  0.84458
269 270	 0.01638  0.25423  0.90185  1.00000  0.98203
270 271	 0.83981  1.00000  1.00000  0.97716  1.00000
271 272	 0.63653  1.00000  1.00000  1.00000  1.00000
272 273	 0.00367  0.09305  0.54725  1.00000  1.00000
273 274	 0.00000  0.00615  0.00862  0.00739  0.03202
274 275	 0.00000  0.03618  0.14206  0.40780  0.63409
275 276	 0.02438  0.09208  0.56099  0.98187  1.00000
276 277	 0.00000  0.02701  0.00000  0.09409  0.15505
277 278	 0.00000  0.00000  0.02747  0.06992  0.12406
278 279	 0.00000  0.02900  0.21612  0.82461  0.96418
279 280	 0.00048  0.06831  0.42729  0.94515  1.00000
280 281	 0.00000  0.00000  0.06662  0.20019  0.36872
282 283	 0.00605  0.15844  0.86720  0.99889  1.00000
283 284	 0.03116  0.00772  0.05828  0.29300  0.45493
284 285	 0.00000  0.00000  0.01644  0.01522  0.09227
285 286	 0.00000  0.02189  0.08231  0.40609  0.63755
286 287	 0.00000  0.00344  0.07118  0.36357  0.53871
287 288	 0.00000  0.00000  0.00000  0.03181  0.06774
288 289	 0.02666  0.01668  0.00916  0.04466  0.14358
289 290	 0.00000  0.01693  0.17292  0.69630  0.87889
290 291	 0.01465  0.06575  0.62417  1.00000  0.95574
291 292	 0.00509  0.03272  0.01771  0.08899  0.19396
292 293	 0.03345  0.01899  0.19129  0.69364  0.86894
293 294	 0.32740  0.92120  1.00000  0.99609  1.00000
294 295	 0.15686  0.51633  0.99612  0.97141  1.00000
295 296	 0.00000  0.01563  0.12006  0.40779  0.64655
296 297	 0.00000  0.01483  0.01459  0.05220  0.12058
297 298	 0.00000  0.07576  0.50074  0.98299  0.99889
298 299	 0.00000  0.01733  0.09661  0.30255  0.49626
299 300	 0.01467  0.00000  0.00000  0.01162  0.05388
300 301	 0.00000  0.01220  0.06862  0.32467  0.53427
301 302	 0.00466  0.04094  0.03476  0.35024  0.54691
302 303	 0.00959  0.00000  0.00382  0.00000  0.03329
303 304	 0.04024  0.00738  0.00955  0.08484  0.19868
304 305	 0.02265  0.03343  0.02908  0.20777  0.34999
305 306	 0.02930  0.01260  0.03567  0.03890  0.18850
306 307	 0.01114  0.02613  0.01434  0.01631  0.05139
307 308	 0.00726  0.07049  0.66724  1.00000  0.99132
308 309	 0.05736  0.25023  0.93173  0.99646  1.00000
309 310	 0.06936  0.02790  0.04321  0.09561  0.12277
