# ResID Deuterated fraction, Times /
1 2	 0.98959  0.99573  1.00000  0.97340  1.00000
2 3	 0.00000  0.00000  0.00038  0.06612  0.10772
3 4	 0.00000  0.06707  0.00987  0.00000  0.00000
4 5	 0.01924  0.00000  0.00295  0.00000  0.01262
5 6	 0.00000  0.01912  0.00000  0.01124  0.00000
6 7	 0.00468  0.02193  0.00000  0.01521  0.02381
7 8	 0.00000  0.01707  0.02895  0.10048  0.17253
8 9	 0.02789  0.03076  0.03205  0.01866  0.03189
9 10	 0.00000  0.00000  0.00000  0.02648  0.05943
10 11	 0.04375  0.28789  0.95522  0.99920  1.00000
11 12	 0.00372  0.06833  0.25062  0.85181  0.98138
12 13	 0.00000  0.01218  0.08445  0.44877  0.63055
13 14	 0.02288  0.00912  0.04937  0.19049  0.33499
14 15	 0.00000  0.02600  0.01560  0.04147  0.10231
15 16	 0.00000  0.00000  0.01791  0.01178  0.01067
16 17	 0.02565  0.01462  0.00000  0.00119  0.00226
17 18	 0.01715  0.00707  0.00000  0.01452  0.02454
18 19	 0.00038  0.02693  0.04361  0.00000  0.00657
19 20	 0.00000  0.00000  0.00000  0.03262  0.06628
20 21	 0.01731  0.00000  0.10493  0.51224  0.77589
21 22	 0.00579  0.01075  0.00000  0.00000  0.00000
22 23	 0.00186  0.01453  0.01935  0.03188  0.06533
23 24	 0.00000  0.02905  0.06389  0.22956  0.42669
24 25	 0.02761  0.00764  0.03244  0.36350  0.58961
25 26	 0.02491  0.00000  0.00000  0.03031  0.01977
26 27	 0.00000  0.00000  0.02404  0.01953  0.04782
27 28	 0.08791  0.33851  0.98413  1.00000  0.99965
28 29	 0.02145  0.12940  0.76805  0.99408  1.00000
29 30	 0.06254  0.11186  0.62910  1.00000  0.96889
30 31	 1.00000  1.00000  1.00000  0.98682  0.97418
31 32	 0.10344  0.35036  1.00000  0.99114  1.00000
32 33	 0.00171  0.01113  0.25494  0.81548  0.95243
33 34	 0.00000  0.01282  0.00626  0.03731  0.02582
34 35	 0.03065  0.00711  0.00000  0.04221  0.09013
35 36	 0.06756  0.10971  0.69581  0.99858  1.00000
36 37	 0.00000  0.02681  0.02517  0.11074  0.21042
37 38	 0.02374  0.00000  0.06927  0.47876  0.69700
38 39	 0.00000  0.02540  0.02413  0.01848  0.05347
39 40	 0.11075  0.47162  0.98549  0.96076  1.00000
40 41	 0.12842  0.53118  0.98289  0.99545  0.99487
41 42	 0.03992  0.14767  0.79670  1.00000  1.00000
42 43	 0.00000  0.03608  0.26541  0.85671  1.00000
43 44	 0.00000  0.07232  0.27364  0.86197  0.98734
44 45	 0.07471  0.33817  1.00000  0.96265  1.00000
45 46	 0.24200  0.79786  1.00000  1.00000  0.98295
46 47	 0.00000  0.08102  0.31854  0.90288  1.00000
47 48	 0.00000  0.00000  0.00000  0.00000  0.03845
48 49	 0.00000  0.03509  0.00000  0.03920  0.08891
49 50	 0.01219  0.00278  0.09230  0.39882  0.59418
50 51	 0.02261  0.00000  0.01308  0.04461  0.08686
51 52	 0.01203  0.00000  0.00000  0.00000  0.00000
52 53	 0.00000  0.00930  0.00315  0.10415  0.19073
53 54	 0.01082  0.13678  0.74869  1.00000  0.99945
54 55	 0.03450  0.04079  0.15456  0.59274  0.85353
55 56	 0.01691  0.00000  0.01840  0.09085  0.21084
56 57	 0.00000  0.00000  0.00000  0.03564  0.02010
57 58	 0.00980  0.00711  0.00000  0.03841  0.01265
58 59	 0.00000  0.00000  0.00497  0.00000  0.01799
59 60	 0.00000  0.00000  0.02575  0.00000  0.00000
60 61	 0.00000  0.00149  0.00447  0.01013  0.00000
61 62	 0.00000  0.00000  0.02292  0.00000  0.02283
62 63	 0.00000  0.01262  0.00359  0.00000  0.06797
64 65	 0.03996  0.00000  0.08942  0.44267  0.68244
65 66	 0.00000  0.00000  0.01363  0.00000  0.06292
66 67	 0.00000  0.00000  0.00000  0.00443  0.02556
67 68	 0.00000  0.00000  0.00106  0.03393  0.01519
68 69	 0.03672  0.03624  0.43417  0.98312  1.00000
69 70	 0.15794  0.60655  1.00000  0.96880  0.99596
70 71	 0.00000  0.00000  0.05275  0.14839  0.29157
72 73	 0.00000  0.11665  0.70898  0.99542  0.98618
73 74	 0.00000  0.02324  0.00000  0.03626  0.15309
74 75	 0.00000  0.00378  0.02621  0.04010  0.07616
75 76	 0.00108  0.02336  0.05533  0.14332  0.23947
76 77	 0.04439  0.17687  0.88000  0.99713  0.97281
77 78	 0.00000  0.08276  0.54331  1.00000  0.97050
78 79	 0.02563  0.02919  0.01055  0.08495  0.12589
80 81	 0.10999  0.45020  1.00000  1.00000  1.00000
81 82	 0.09191  0.40352  0.98712  0.96726  1.00000
82 83	 0.00000  0.07976  0.37471  0.94488  0.99610
84 85	 0.01468  0.07949  0.31864  0.95129  1.00000
85 86	 0.03723  0.07697  0.53313  0.97188  0.95553
86 87	 0.03382  0.19794  0.90449  1.00000  0.99507
87 88	 0.68909  1.00000  1.00000  0.98999  0.97062
88 89	 0.00000  0.05884  0.39773  0.96678  1.00000
89 90	 0.00433  0.00000  0.01094  0.00915  0.00000
90 91	 0.00000  0.01525  0.01220  0.04021  0.07581
91 92	 0.00000  0.03172  0.07465  0.38730  0.60621
92 93	 0.00000  0.00258  0.00000  0.04188  0.05021
93 94	 0.00000  0.02709  0.03359  0.16389  0.30500
94 95	 0.00740  0.03036  0.33919  0.92376  1.00000
95 96	 0.02471  0.01682  0.12678  0.56316  0.78018
96 97	 0.00000  0.00000  0.04544  0.04451  0.00290
97 98	 0.00825  0.02412  0.09263  0.39581  0.63367
98 99	 0.00000  0.04675  0.03802  0.00000  0.02106
99 100	 0.00000  0.00760  0.00000  0.02706  0.02128
100 101	 0.00000  0.01082  0.10642  0.48091  0.70993
101 102	 0.00000  0.02266  0.25302  0.81723  0.98581
102 103	 0.03439  0.00000  0.07081  0.35304  0.59104
103 104	 0.00000  0.00000  0.00000  0.06146  0.11277
105 106	 0.02302  0.19020  0.83016  0.99020  1.00000
106 107	 0.03300  0.01078  0.09009  0.44675  0.69042
107 108	 0.00000  0.00000  0.00767  0.04800  0.09142
108 109	 0.03177  0.01824  0.00000  0.03784  0.07132
109 110	 0.00000  0.05068  0.37079  0.93969  0.96582
110 111	 0.02579  0.21683  0.88283  0.98313  1.00000
111 112	 0.02775  0.04297  0.40312  0.96769  0.98462
112 113	 0.00000  0.01137  0.00000  0.01571  0.00000
113 114	 0.00000  0.00000  0.00890  0.02072  0.03736
114 115	 0.01127  0.00628  0.03855  0.03802  0.09549
115 116	 0.02246  0.00293  0.09723  0.44767  0.70291
116 117	 0.00663  0.00277  0.07198  0.42708  0.64780
117 118	 0.02268  0.03917  0.39035  0.95390  0.97573
118 119	 0.00000  0.00000  0.03813  0.03750  0.04447
120 121	 0.00000  0.03441  0.00294  0.00136  0.04618
121 122	 0.00000  0.00166  0.00763  0.07561  0.09973
122 123	 0.00000  0.00150  0.00000  0.10400  0.23549
123 124	 0.02314  0.01088  0.00000  0.04705  0.04743
124 125	 0.02262  0.00000  0.00669  0.00000  0.00500
125 126	 0.01055  0.00000  0.01370  0.00652  0.00000
126 127	 0.00000  0.00000  0.00000  0.00000  0.01697
127 128	 0.00000  0.02710  0.01460  0.00000  0.00346
128 129	 0.01511  0.02110  0.04274  0.17857  0.33478
129 130	 0.00000  0.00231  0.22306  0.76440  0.92985
131 132	 0.00000  0.04887  0.29381  0.87618  0.98145
132 133	 0.01138  0.02161  0.09308  0.48480  0.72884
133 134	 0.04369  0.03962  0.01650  0.08353  0.11471
135 136	 0.02462  0.11612  0.70239  1.00000  1.00000
136 137	 0.01570  0.04167  0.30296  0.90246  0.97141
137 138	 0.02069  0.04696  0.00641  0.03590  0.07406
138 139	 0.00000  0.00000  0.11934  0.60695  0.82585
139 140	 0.01923  0.09689  0.76347  0.99678  1.00000
140 141	 0.00439  0.00137  0.07620  0.35907  0.62083
141 142	 0.00000  0.00000  0.00538  0.11351  0.15148
142 143	 0.00000  0.00019  0.01037  0.00000  0.00000
143 144	 0.03966  0.02657  0.00000  0.03610  0.02027
144 145	 0.01028  0.00000  0.02106  0.11182  0.19913
145 146	 0.02805  0.29130  1.00000  1.00000  0.99663
146 147	 0.17927  0.64915  0.99136  1.00000  0.99902
147 148	 0.00102  0.06912  0.29446  0.88227  0.99091
149 150	 0.00443  0.05000  0.11715  0.48285  0.71945
150 151	 0.03267  0.00585  0.00000  0.03777  0.02187
151 152	 0.00000  0.00688  0.00000  0.04952  0.06923
152 153	 0.01334  0.00000  0.01172  0.13163  0.20137
153 154	 0.01567  0.01346  0.00000  0.08356  0.12149
154 155	 0.00000  0.01397  0.00000  0.02331  0.03875
155 156	 0.00590  0.03140  0.04839  0.06713  0.10179
156 157	 0.02474  0.02588  0.10744  0.42324  0.68319
157 158	 0.00000  0.00362  0.01907  0.11231  0.17939
158 159	 0.03616  0.00000  0.00394  0.03137  0.02907
159 160	 0.00000  0.00000  0.00000  0.00000  0.03046
160 161	 0.00149  0.00135  0.00000  0.05363  0.00000
162 163	 0.04325  0.03869  0.04188  0.07676  0.21641
164 165	 0.02024  0.06229  0.44639  0.97756  1.00000
166 167	 0.12117  0.50279  1.00000  0.99532  0.97165
167 168	 0.87050  0.96769  0.99436  0.98494  1.00000
168 169	 0.00000  0.03828  0.39892  0.98361  1.00000
169 170	 0.00000  0.00000  0.00000  0.00000  0.02466
170 171	 0.00000  0.02022  0.23333  0.79883  0.93989
171 172	 0.00000  0.15589  0.75491  0.98487  0.95442
172 173	 0.03141  0.00000  0.00009  0.03015  0.03542
173 174	 0.00000  0.06538  0.03047  0.00000  0.02588
174 175	 0.00000  0.01923  0.10582  0.53140  0.77729
175 176	 0.04981  0.32544  0.97326  1.00000  0.97865
176 177	 0.03111  0.22192  0.90208  0.99429  1.00000
177 178	 0.01811  0.00950  0.14908  0.58270  0.77199
178 179	 0.00000  0.00000  0.00641  0.02823  0.01263
179 180	 0.00000  0.02069  0.00000  0.00000  0.01626
180 181	 0.00000  0.02690  0.00000  0.00000  0.01831
181 182	 0.00000  0.00000  0.01533  0.01220  0.00000
182 183	 0.00000  0.01315  0.07663  0.34550  0.54934
183 184	 0.00000  0.00000  0.01021  0.10934  0.13358
185 186	 0.00000  0.01946  0.00701  0.02249  0.13714
186 187	 0.00000  0.00380  0.09312  0.31831  0.56082
187 188	 0.00669  0.04732  0.14941  0.71206  0.90722
188 189	 0.01009  0.00000  0.00162  0.00000  0.00000
189 190	 0.02127  0.00000  0.01420  0.00000  0.02597
190 191	 0.00559  0.00964  0.40781  0.96350  0.99582
191 192	 0.01243  0.05612  0.17865  0.67975  0.91765
192 193	 0.00000  0.01444  0.12352  0.48440  0.70038
193 194	 0.02236  0.00189  0.00000  0.05682  0.09832
194 195	 0.03501  0.00322  0.01074  0.05802  0.15162
195 196	 0.01281  0.15872  0.84955  1.00000  0.98781
196 197	 0.00211  0.04694  0.16395  0.66507  0.90358
197 198	 0.00504  0.00476  0.13561  0.60559  0.86496
199 200	 0.00000  0.00000  0.02603  0.01201  0.05377
200 201	 0.00000  0.00000  0.02182  0.02193  0.01012
201 202	 0.00255  0.01257  0.00000  0.00000  0.03649
202 203	 0.00000  0.01893  0.00000  0.01363  0.00353
203 204	 0.00000  0.06460  0.19897  0.69052  0.92512
204 205	 0.00939  0.08255  0.50374  0.95371  0.99856
205 206	 0.18128  0.65807  1.00000  1.00000  0.99158
206 207	 0.00000  0.02198  0.14071  0.67176  0.87353
207 208	 0.00000  0.01005  0.00380  0.03215  0.14791
208 209	 0.03196  0.03160  0.02314  0.01755  0.01921
209 210	 0.00000  0.03997  0.08880  0.46078  0.70850
210 211	 0.00000  0.00000  0.00000  0.00048  0.02099
211 212	 0.00000  0.02533  0.00000  0.00363  0.00709
212 213	 0.03607  0.01833  0.01155  0.00000  0.02991
213 214	 0.00478  0.01812  0.00000  0.00000  0.00000
214 215	 0.00000  0.00000  0.00000  0.03309  0.01545
215 216	 0.00000  0.00000  0.04830  0.00000  0.00488
216 217	 0.00000  0.00000  0.18445  0.70637  0.95391
217 218	 0.39908  0.94293  0.99359  0.99272  0.98269
218 219	 0.01313  0.07876  0.55844  0.94589  0.99466
219 220	 0.00000  0.02714  0.05696  0.17550  0.30306
220 221	 0.01900  0.00024  0.27771  0.81990  0.92548
221 222	 0.00000  0.02795  0.25632  0.88957  0.99669
222 223	 0.02210  0.00000  0.06891  0.26177  0.42728
223 224	 0.08597  0.33438  0.99648  0.98167  1.00000
224 225	 0.57578  1.00000  0.99115  0.95589  0.99532
225 226	 0.24963  0.77641  1.00000  0.99390  0.97013
226 227	 0.03318  0.02542  0.27269  0.90790  0.92835
227 228	 0.03368  0.00000  0.03968  0.04244  0.02275
228 229	 0.00299  0.01319  0.07894  0.36889  0.62534
229 230	 0.00000  0.00000  0.07298  0.29311  0.47549
230 231	 0.00000  0.00000  0.02955  0.02006  0.04420
231 232	 0.00000  0.00252  0.05956  0.19866  0.37689
232 233	 0.00107  0.00000  0.07329  0.32126  0.51223
233 234	 0.00382  0.00000  0.00000  0.00957  0.00000
234 235	 0.00000  0.02207  0.03673  0.00539  0.00486
235 236	 0.00005  0.00000  0.00271  0.06786  0.15142
236 237	 0.00000  0.01900  0.01485  0.06289  0.08599
237 238	 0.02965  0.00000  0.01225  0.02262  0.00193
238 239	 0.00216  0.00000  0.00000  0.01411  0.00000
239 240	 0.00000  0.01209  0.12854  0.55677  0.87470
240 241	 0.03138  0.09136  0.46470  0.95029  0.98457
241 242	 0.01219  0.00000  0.01210  0.12190  0.22983
242 243	 0.00000  0.00000  0.03288  0.01227  0.08584
243 244	 0.01310  0.03683  0.21488  0.70101  0.89448
244 245	 0.00000  0.01271  0.22516  0.82539  0.96689
245 246	 0.00005  0.04114  0.01378  0.08379  0.13956
246 247	 0.00000  0.05332  0.16963  0.70362  0.85514
247 248	 0.11765  0.33294  0.98165  0.98761  1.00000
248 249	 0.00057  0.00953  0.01147  0.11018  0.26120
249 250	 0.00257  0.02919  0.11445  0.59932  0.80807
250 251	 0.02342  0.15324  0.86900  0.97776  0.97461
251 252	 0.00000  0.07706  0.22065  0.71831  0.90656
252 253	 0.01119  0.02309  0.03859  0.04993  0.09989
253 254	 0.00000  0.00000  0.02050  0.03214  0.03234
254 255	 0.00295  0.01814  0.07251  0.21539  0.41673
255 256	 0.00707  0.00000  0.12857  0.48497  0.74950
256 257	 0.00265  0.00589  0.01242  0.01723  0.00000
257 258	 0.00000  0.01345  0.02694  0.15572  0.33702
258 259	 0.00843  0.09833  0.63025  0.96836  0.97285
259 260	 0.00000  0.02824  0.32617  0.89612  0.99461
260 261	 0.01559  0.00000  0.27019  0.83841  0.95898
261 262	 0.95551  1.00000  1.00000  0.98878  0.97906
262 263	 0.33483  0.88417  1.00000  0.98735  0.99987
263 264	 0.00703  0.00318  0.25055  0.76660  0.94530
264 265	 0.00000  0.00359  0.03545  0.29901  0.50455
265 266	 0.07668  0.26058  0.89905  1.00000  0.99072
266 267	 0.01310  0.00000  0.10316  0.42447  0.67823
267 268	 0.03683  0.37872  0.99182  0.96731  0.98627
268 269	 0.01386  0.01661  0.14024  0.64453  0.89607
269 270	 0.05810  0.23580  0.92632  0.99331  0.99737
270 271	 0.85159  1.00000  1.00000  1.00000  0.99359
271 272	 0.62631  0.96995  0.98798  0.99264  1.00000
272 273	 0.00000  0.10340  0.55867  1.00000  0.98669
273 274	 0.00000  0.00000  0.00000  0.00845  0.04485
274 275	 0.00197  0.01746  0.07779  0.37517  0.62842
275 276	 0.00000  0.05116  0.52882  0.94555  1.00000
276 277	 0.02416  0.01575  0.05056  0.07883  0.15825
277 278	 0.02454  0.00502  0.02074  0.09348  0.10045
278 279	 0.00000  0.01284  0.25035  0.80126  0.94359
279 280	 0.00000  0.06250  0.42201  0.93739  1.00000
280 281	 0.00000  0.00000  0.04144  0.17589  0.35812
282 283	 0.07338  0.17504  0.84092  1.00000  1.00000
283 284	 0.03345  0.03942  0.04620  0.25451  0.42910
284 285	 0.02152  0.00000  0.00000  0.02245  0.06950
285 286	 0.01503  0.00249  0.12326  0.39582  0.68297
286 287	 0.02839  0.04082  0.06549  0.32620  0.55276
287 288	 0.00000  0.00000  0.01666  0.06822  0.11442
288 289	 0.00683  0.00140  0.01462  0.05296  0.09827
289 290	 0.03208  0.01480  0.16242  0.69876  0.87501
290 291	 0.04432  0.10142  0.54552  1.00000  0.99310
291 292	 0.01979  0.01237  0.01921  0.08868  0.16229
292 293	 0.01240  0.02012  0.15763  0.66620  0.93276
293 294	 0.35093  0.92221  0.98612  0.99938  1.00000
294 295	 0.09548  0.56966  0.97317  0.99166  1.00000
295 296	 0.00000  0.00370  0.03489  0.37435  0.64824
296 297	 0.00000  0.00000  0.01779  0.05911  0.07920
297 298	 0.05792  0.04402  0.47877  0.96569  1.00000
298 299	 0.00473  0.00000  0.05473  0.28432  0.46744
299 300	 0.00752  0.01006  0.00000  0.00876  0.04474
300 301	 0.01303  0.05071  0.06728  0.30790  0.55421
301 302	 0.00503  0.05076  0.08467  0.34569  0.56775
302 303	 0.00000  0.03897  0.01034  0.03979  0.04140
303 304	 0.00000  0.02400  0.03061  0.10780  0.21150
304 305	 0.00000  0.01030  0.03812  0.19098  0.36391
305 306	 0.00000  0.02598  0.03944  0.11603  0.18697
306 307	 0.05302  0.00151  0.00000  0.00000  0.01685
307 308	 0.02956  0.09143  0.65170  0.95815  1.00000
308 309	 0.02986  0.22951  0.95501  1.00000  1.00000
309 310	 0.02773  0.00000  0.00505  0.04350  0.06325
